PhaseC
  5 10
  0.0071
  -56.3232  0  0  -0.361437  -156.299  
  0.0072
  -57.6382  0  0  -0.377432  -159.949  
  0.0073
  -58.8964  0  0  -0.392652  -152.196  
  0.0074
  -60.0965  0  0  -0.406052  -133.999  
  0.0075
  -61.2372  0  0  -0.418601  -125.491  
  0.0076
  -62.3176  0  0  -0.430899  -122.979  
  0.0077
  -63.3364  0  0  -0.442801  -119.017  
  0.0078
  -64.2927  0  0  -0.454097  -112.965  
  0.0079
  -65.1856  0  0  -0.464694  -105.971  
  0.008
  -66.0141  0  0  -0.474731  -100.366  
