PhaseC
  5 10
  0.0071
  -56.3232  0  0  -0.364101  -157.203  
  0.0072
  -57.6382  0  0  -0.380044  -159.427  
  0.0073
  -58.8964  0  0  -0.394969  -149.249  
  0.0074
  -60.0965  0  0  -0.408131  -131.617  
  0.0075
  -61.2372  0  0  -0.420614  -124.837  
  0.0076
  -62.3176  0  0  -0.432849  -122.35  
  0.0077
  -63.3364  0  0  -0.444656  -118.062  
  0.0078
  -64.2927  0  0  -0.455832  -111.765  
  0.0079
  -65.1856  0  0  -0.46633  -104.978  
  0.008
  -66.0141  0  0  -0.47629  -99.6046  
