PhaseC
  5 10
  0.0071
  -56.3232  0  0  -0.422077  -120.698  
  0.0072
  -57.6382  0  0  -0.433702  -116.248  
  0.0073
  -58.8964  0  0  -0.444787  -110.851  
  0.0074
  -60.0965  0  0  -0.455392  -106.055  
  0.0075
  -61.2372  0  0  -0.465652  -102.596  
  0.0076
  -62.3176  0  0  -0.475579  -99.2725  
  0.0077
  -63.3364  0  0  -0.485242  -96.6258  
  0.0078
  -64.2927  0  0  -0.494651  -94.0903  
  0.0079
  -65.1856  0  0  -0.50378  -91.2925  
  0.008
  -66.0141  0  0  -0.512578  -87.977  
