SolidID  2373   314 
h 319   -261294  0.999939  -0.715489  0.921461  0.388471  0.631668
h 320   -261132  0.999939  -0.715711  0.921461  0.388471  0.631871
h 357   -292480  0.999939  -0.672741  0.921461  0.388471  0.592481
h 358   -364930  0.999939  -0.573427  0.921461  0.388471  0.501443
h 359   -277270  0.999939  -0.69359  0.921461  0.388471  0.611594
h 360   -292237  0.999939  -0.673074  0.921461  0.388471  0.592787
h 361   -278517  0.999939  -0.69188  0.921461  0.388471  0.610026
h 365   -689776  0.999939  -0.00068289  0.921461  0.388471  0.0932543
h 368   -647264  0.999939  -0.117978  0.921461  0.388471  0.146674
h 369   -523919  0.999939  -0.33796  0.921461  0.388471  0.301663
h 371   -288093  0.999939  -0.678754  0.921461  0.388471  0.597993
h 385   -266146  0.999939  -0.708838  0.921461  0.388471  0.625571
h 386   -260801  0.999939  -0.716166  0.921461  0.388471  0.632288
h 390   -248549  0.999939  -0.732961  0.921461  0.388471  0.647683
h 392   -672870  0.999939  -0.0522701  0.921461  0.388471  0.114498
h 395   -383311  0.999939  -0.547818  0.921461  0.388471  0.478347
h 396   -498234  0.999939  -0.379344  0.921461  0.388471  0.333939
h 397   -572382  0.999939  -0.259179  0.921461  0.388471  0.240767
h 398   -483989  0.999939  -0.400226  0.921461  0.388471  0.351838
h 416   -259788  0.999939  -0.717554  0.921461  0.388471  0.63356
h 417   -262820  0.999939  -0.713398  0.921461  0.388471  0.629751
h 419   -248297  0.999939  -0.733306  0.921461  0.388471  0.647999
h 430   -274806  0.999939  -0.696968  0.921461  0.388471  0.614689
h 431   -272872  0.999939  -0.699619  0.921461  0.388471  0.61712
h 432   -271928  0.999939  -0.700913  0.921461  0.388471  0.618306
h 433   -267519  0.999939  -0.706957  0.921461  0.388471  0.623847
h 434   -484974  0.999939  -0.398783  0.921461  0.388471  0.350601
h 435   -381312  0.999939  -0.550748  0.921461  0.388471  0.480858
h 436   -361464  0.999939  -0.578179  0.921461  0.388471  0.505799
h 456   -260328  0.999939  -0.716814  0.921461  0.388471  0.632882
h 457   -258047  0.999939  -0.719941  0.921461  0.388471  0.635748
h 469   -708509  0.999939  0.0777456  0.921461  0.388471  0.069716
h 470   -731133  0.999939  0.189102  0.921461  0.388471  0.0412873
h 471   -758483  0.999939  0.398178  0.921461  0.388471  0.00692053
h 480   -719467  0.999939  0.12873  0.921461  0.388471  0.0559463
h 481   -738630  0.999939  0.233443  0.921461  0.388471  0.031866
h 491   -730723  0.999939  0.186915  0.921461  0.388471  0.0418021
h 492   -737544  0.999939  0.226904  0.921461  0.388471  0.0332314
h 493   -735137  0.999939  0.212422  0.921461  0.388471  0.0362557
h 519   -712116  0.999939  0.0936661  0.921461  0.388471  0.0651825
h 520   -688302  0.999939  -0.00518188  0.921461  0.388471  0.095107
h 533   -247149  0.999939  -0.73488  0.921461  0.388471  0.649443
h 534   -249659  0.999939  -0.73144  0.921461  0.388471  0.646289
h 535   -250007  0.999939  -0.730962  0.921461  0.388471  0.645851
h 536   -250642  0.999939  -0.730091  0.921461  0.388471  0.645053
h 537   -258318  0.999939  -0.71957  0.921461  0.388471  0.635408
h 538   -258418  0.999939  -0.719432  0.921461  0.388471  0.635282
h 539   -255995  0.999939  -0.722754  0.921461  0.388471  0.638327
h 540   -250897  0.999939  -0.729742  0.921461  0.388471  0.644733
h 541   -256195  0.999939  -0.72248  0.921461  0.388471  0.638076
h 545   -212522  0.999939  -0.782345  0.921461  0.388471  0.692953
h 567   -763986  0.999939  0.839578  0.921461  0.388471  5.08788e-06
h 568   -763979  0.999939  0.684867  0.921461  0.388471  1.42318e-05
h 575   -763974  0.999939  0.578337  0.921461  0.388471  2.06026e-05
h 576   -761512  0.999939  0.443611  0.921461  0.388471  0.00311396
h 577   -752737  0.999939  0.337088  0.921461  0.388471  0.0141404
h 578   -752356  0.999939  0.333925  0.921461  0.388471  0.014619
h 580   -763830  0.999939  0.528747  0.921461  0.388471  0.000201557
h 581   -758232  0.999939  0.394569  0.921461  0.388471  0.00723518
h 618   -242967  0.999939  -0.740612  0.921461  0.388471  0.654697
h 619   -290257  0.999939  -0.675787  0.921461  0.388471  0.595274
h 620   -420980  0.999939  -0.492596  0.921461  0.388471  0.431013
h 621   -342441  0.999939  -0.604255  0.921461  0.388471  0.529702
h 622   -415216  0.999939  -0.501045  0.921461  0.388471  0.438255
h 623   -401862  0.999939  -0.520623  0.921461  0.388471  0.455037
h 624   -560297  0.999939  -0.27919  0.921461  0.388471  0.255953
h 625   -461325  0.999939  -0.433451  0.921461  0.388471  0.380317
h 636   -371598  0.999939  -0.564287  0.921461  0.388471  0.493065
h 644   -209418  0.999939  -0.786601  0.921461  0.388471  0.696853
h 645   -150407  0.999939  -0.867082  0.921461  0.388471  0.771005
h 657   -721657  0.999939  0.139287  0.921461  0.388471  0.053194
h 658   -737010  0.999939  0.223692  0.921461  0.388471  0.0339022
h 662   -666299  0.999939  -0.0708695  0.921461  0.388471  0.122755
h 663   -597334  0.999939  -0.215284  0.921461  0.388471  0.209414
h 664   -697226  0.999939  0.0295116  0.921461  0.388471  0.083893
h 665   -699814  0.999939  0.0400819  0.921461  0.388471  0.0806408
h 710   -246692  0.999939  -0.735506  0.921461  0.388471  0.650017
h 711   -246847  0.999939  -0.735293  0.921461  0.388471  0.649821
h 743   -250593  0.999939  -0.730159  0.921461  0.388471  0.645115
h 754   -503952  0.999939  -0.370218  0.921461  0.388471  0.326754
h 757   -634251  0.999939  -0.14523  0.921461  0.388471  0.163025
h 758   -653540  0.999939  -0.10293  0.921461  0.388471  0.138787
h 759   -682055  0.999939  -0.0242421  0.921461  0.388471  0.102956
h 761   -754872  0.999939  0.358263  0.921461  0.388471  0.0114573
h 762   -763972  0.999939  0.55088  0.921461  0.388471  2.23706e-05
h 781   -763978  0.999939  0.665541  0.921461  0.388471  1.51072e-05
h 782   -763988  0.999939  0.865243  0.921461  0.388471  3.23874e-06
h 797   -273885  0.999939  -0.69823  0.921461  0.388471  0.615847
h 798   -271568  0.999939  -0.701406  0.921461  0.388471  0.618758
h 799   -270843  0.999939  -0.7024  0.921461  0.388471  0.619669
h 800   -269686  0.999939  -0.703986  0.921461  0.388471  0.621123
h 801   -261511  0.999939  -0.715192  0.921461  0.388471  0.631395
h 803   -369111  0.999939  -0.567696  0.921461  0.388471  0.496189
h 809   -294470  0.999939  -0.670012  0.921461  0.388471  0.58998
h 810   -323035  0.999939  -0.630857  0.921461  0.388471  0.554087
h 811   -313136  0.999939  -0.644426  0.921461  0.388471  0.566526
h 812   -333348  0.999939  -0.616719  0.921461  0.388471  0.541128
h 813   -324697  0.999939  -0.628578  0.921461  0.388471  0.551998
h 814   -273849  0.999939  -0.69828  0.921461  0.388471  0.615892
h 815   -286103  0.999939  -0.681482  0.921461  0.388471  0.600495
h 816   -289514  0.999939  -0.676807  0.921461  0.388471  0.596209
h 817   -282790  0.999939  -0.686023  0.921461  0.388471  0.604657
h 824   -0  0.999939  -1.14378  0.921461  0.388471  0.96
h 825   -0  0.999939  -1.09277  0.921461  0.388471  0.96
h 837   -730675  0.999939  0.18666  0.921461  0.388471  0.041862
h 838   -714940  0.999939  0.106911  0.921461  0.388471  0.0616348
h 841   -605345  0.999939  -0.201192  0.921461  0.388471  0.199347
h 842   -675755  0.999939  -0.0434682  0.921461  0.388471  0.110873
h 843   -632747  0.999939  -0.148379  0.921461  0.388471  0.164915
h 844   -625800  0.999939  -0.162927  0.921461  0.388471  0.173644
h 845   -493297  0.999939  -0.386582  0.921461  0.388471  0.340142
h 846   -530419  0.999939  -0.32746  0.921461  0.388471  0.293497
h 847   -530214  0.999939  -0.327791  0.921461  0.388471  0.293754
h 850   -678840  0.999939  -0.0340544  0.921461  0.388471  0.106997
h 851   -654769  0.999939  -0.0998418  0.921461  0.388471  0.137243
h 906   -246802  0.999939  -0.735355  0.921461  0.388471  0.649878
h 907   -248285  0.999939  -0.733322  0.921461  0.388471  0.648015
h 908   -248122  0.999939  -0.733546  0.921461  0.388471  0.64822
h 919   -251684  0.999939  -0.728663  0.921461  0.388471  0.643744
h 920   -248963  0.999939  -0.732393  0.921461  0.388471  0.647163
h 967   -267541  0.999939  -0.706927  0.921461  0.388471  0.623819
h 975   -247107  0.999939  -0.734937  0.921461  0.388471  0.649495
h 976   -246324  0.999939  -0.73601  0.921461  0.388471  0.650478
h 977   -246670  0.999939  -0.735536  0.921461  0.388471  0.650044
h 978   -249953  0.999939  -0.731036  0.921461  0.388471  0.645919
h 979   -256847  0.999939  -0.721586  0.921461  0.388471  0.637257
h 1001   -249805  0.999939  -0.731239  0.921461  0.388471  0.646105
h 1011   -446011  0.999939  -0.455901  0.921461  0.388471  0.39956
h 1012   -392282  0.999939  -0.534666  0.921461  0.388471  0.467073
h 1013   -415628  0.999939  -0.500442  0.921461  0.388471  0.437738
h 1014   -436864  0.999939  -0.469311  0.921461  0.388471  0.411054
h 1016   -706011  0.999939  0.0667253  0.921461  0.388471  0.0728541
h 1019   -627090  0.999939  -0.160227  0.921461  0.388471  0.172024
h 1020   -677561  0.999939  -0.0379568  0.921461  0.388471  0.108604
h 1021   -673724  0.999939  -0.0496639  0.921461  0.388471  0.113425
h 1022   -626049  0.999939  -0.162406  0.921461  0.388471  0.173332
h 1023   -552853  0.999939  -0.291216  0.921461  0.388471  0.265307
h 1024   -610796  0.999939  -0.191602  0.921461  0.388471  0.192497
h 1025   -648728  0.999939  -0.114912  0.921461  0.388471  0.144834
h 1026   -623580  0.999939  -0.167577  0.921461  0.388471  0.176434
h 1027   -589664  0.999939  -0.228778  0.921461  0.388471  0.219052
h 1036   -524587  0.999939  -0.336882  0.921461  0.388471  0.300825
h 1037   -516228  0.999939  -0.350385  0.921461  0.388471  0.311328
h 1038   -470812  0.999939  -0.419544  0.921461  0.388471  0.368396
h 1039   -454443  0.999939  -0.443541  0.921461  0.388471  0.388965
h 1059   -277522  0.999939  -0.693245  0.921461  0.388471  0.611277
h 1060   -304490  0.999939  -0.656277  0.921461  0.388471  0.57739
h 1061   -324733  0.999939  -0.628529  0.921461  0.388471  0.551954
h 1062   -299497  0.999939  -0.663122  0.921461  0.388471  0.583664
h 1063   -275056  0.999939  -0.696626  0.921461  0.388471  0.614376
h 1064   -303786  0.999939  -0.657242  0.921461  0.388471  0.578274
h 1065   -299254  0.999939  -0.663455  0.921461  0.388471  0.583969
h 1066   -270859  0.999939  -0.702378  0.921461  0.388471  0.619649
h 1067   -276404  0.999939  -0.694777  0.921461  0.388471  0.612681
h 1074   -254510  0.999939  -0.724789  0.921461  0.388471  0.640193
h 1075   -248993  0.999939  -0.732352  0.921461  0.388471  0.647125
h 1078   -247767  0.999939  -0.734033  0.921461  0.388471  0.648666
h 1083   -253553  0.999939  -0.726101  0.921461  0.388471  0.641395
h 1084   -248871  0.999939  -0.732519  0.921461  0.388471  0.647278
h 1093   -260022  0.999939  -0.717234  0.921461  0.388471  0.633267
h 1107   -246334  0.999939  -0.735997  0.921461  0.388471  0.650467
h 1108   -245440  0.999939  -0.737222  0.921461  0.388471  0.65159
h 1109   -245809  0.999939  -0.736717  0.921461  0.388471  0.651126
h 1186   -285473  0.999939  -0.682345  0.921461  0.388471  0.601285
h 1187   -307073  0.999939  -0.652737  0.921461  0.388471  0.574144
h 1188   -296249  0.999939  -0.667575  0.921461  0.388471  0.587746
h 1189   -285776  0.999939  -0.68193  0.921461  0.388471  0.600905
h 1190   -284965  0.999939  -0.683042  0.921461  0.388471  0.601924
h 1191   -302228  0.999939  -0.659378  0.921461  0.388471  0.580232
h 1192   -288408  0.999939  -0.678323  0.921461  0.388471  0.597598
h 1193   -283771  0.999939  -0.684679  0.921461  0.388471  0.603425
h 1194   -284737  0.999939  -0.683355  0.921461  0.388471  0.602211
h 1195   -273452  0.999939  -0.698824  0.921461  0.388471  0.616391
h 1196   -273448  0.999939  -0.698829  0.921461  0.388471  0.616396
h 1197   -371813  0.999939  -0.563992  0.921461  0.388471  0.492794
h 1198   -420707  0.999939  -0.492996  0.921461  0.388471  0.431356
h 1203   -356852  0.999939  -0.584501  0.921461  0.388471  0.511594
h 1204   -361900  0.999939  -0.577581  0.921461  0.388471  0.505251
h 1205   -270443  0.999939  -0.702948  0.921461  0.388471  0.620172
h 1206   -271771  0.999939  -0.701128  0.921461  0.388471  0.618503
h 1207   -260870  0.999939  -0.716071  0.921461  0.388471  0.632201
h 1208   -262510  0.999939  -0.713823  0.921461  0.388471  0.63014
h 1211   -260933  0.999939  -0.715985  0.921461  0.388471  0.632122
h 1212   -263851  0.999939  -0.711985  0.921461  0.388471  0.628456
h 1213   -333915  0.999939  -0.615942  0.921461  0.388471  0.540416
h 1216   -380194  0.999939  -0.552388  0.921461  0.388471  0.482264
h 1217   -378715  0.999939  -0.554531  0.921461  0.388471  0.484122
h 1218   -267967  0.999939  -0.706343  0.921461  0.388471  0.623284
h 1219   -269166  0.999939  -0.704699  0.921461  0.388471  0.621776
h 1225   -282428  0.999939  -0.68652  0.921461  0.388471  0.605112
h 1226   -302486  0.999939  -0.659025  0.921461  0.388471  0.579908
h 1233   -490319  0.999939  -0.390947  0.921461  0.388471  0.343884
h 1236   -426005  0.999939  -0.48523  0.921461  0.388471  0.424699
h 1237   -413553  0.999939  -0.503483  0.921461  0.388471  0.440345
h 1238   -596210  0.999939  -0.217261  0.921461  0.388471  0.210825
h 1239   -549305  0.999939  -0.296948  0.921461  0.388471  0.269765
h 1251   -246442  0.999939  -0.735848  0.921461  0.388471  0.65033
h 1252   -245106  0.999939  -0.73768  0.921461  0.388471  0.652009
h 1300   -269399  0.999939  -0.704379  0.921461  0.388471  0.621483
h 1301   -262770  0.999939  -0.713467  0.921461  0.388471  0.629814
h 1313   -257067  0.999939  -0.721284  0.921461  0.388471  0.636979
h 1314   -260968  0.999939  -0.715937  0.921461  0.388471  0.632078
h 1315   -260923  0.999939  -0.715998  0.921461  0.388471  0.632134
h 1316   -252374  0.999939  -0.727717  0.921461  0.388471  0.642877
h 1317   -252452  0.999939  -0.727611  0.921461  0.388471  0.642779
h 1318   -246875  0.999939  -0.735255  0.921461  0.388471  0.649786
h 1319   -247728  0.999939  -0.734085  0.921461  0.388471  0.648714
h 1320   -247515  0.999939  -0.734378  0.921461  0.388471  0.648982
h 1327   -258151  0.999939  -0.719798  0.921461  0.388471  0.635617
h 1328   -253569  0.999939  -0.726079  0.921461  0.388471  0.641375
h 1331   -246821  0.999939  -0.735329  0.921461  0.388471  0.649854
h 1332   -245500  0.999939  -0.73714  0.921461  0.388471  0.651514
h 1347   -250601  0.999939  -0.730148  0.921461  0.388471  0.645105
h 1348   -247896  0.999939  -0.733856  0.921461  0.388471  0.648504
h 1362   -608640  0.999939  -0.195396  0.921461  0.388471  0.195207
h 1363   -628704  0.999939  -0.156846  0.921461  0.388471  0.169996
h 1364   -585552  0.999939  -0.23601  0.921461  0.388471  0.224218
h 1368   -534255  0.999939  -0.321262  0.921461  0.388471  0.288676
h 1369   -547007  0.999939  -0.300661  0.921461  0.388471  0.272653
h 1373   -589934  0.999939  -0.228301  0.921461  0.388471  0.218712
h 1374   -596055  0.999939  -0.217533  0.921461  0.388471  0.21102
h 1381   -404055  0.999939  -0.517408  0.921461  0.388471  0.452281
h 1382   -426644  0.999939  -0.484292  0.921461  0.388471  0.423896
h 1387   -557629  0.999939  -0.283499  0.921461  0.388471  0.259305
h 1388   -567553  0.999939  -0.267467  0.921461  0.388471  0.246835
h 1389   -453790  0.999939  -0.444498  0.921461  0.388471  0.389786
h 1390   -478000  0.999939  -0.409006  0.921461  0.388471  0.359364
h 1393   -531445  0.999939  -0.325801  0.921461  0.388471  0.292207
h 1394   -556270  0.999939  -0.285696  0.921461  0.388471  0.261013
h 1395   -577842  0.999939  -0.249573  0.921461  0.388471  0.233906
h 1416   -258739  0.999939  -0.718993  0.921461  0.388471  0.634879
h 1417   -270341  0.999939  -0.703088  0.921461  0.388471  0.6203
h 1420   -245793  0.999939  -0.736739  0.921461  0.388471  0.651147
h 1421   -245904  0.999939  -0.736586  0.921461  0.388471  0.651006
h 1422   -245437  0.999939  -0.737226  0.921461  0.388471  0.651593
h 1423   -245878  0.999939  -0.736623  0.921461  0.388471  0.65104
h 1424   -245598  0.999939  -0.737006  0.921461  0.388471  0.651391
h 1430   -253801  0.999939  -0.725762  0.921461  0.388471  0.641084
h 1431   -258711  0.999939  -0.719031  0.921461  0.388471  0.634914
h 1432   -257561  0.999939  -0.720607  0.921461  0.388471  0.636359
h 1433   -247670  0.999939  -0.734166  0.921461  0.388471  0.648788
h 1434   -248407  0.999939  -0.733156  0.921461  0.388471  0.647862
h 1440   -245237  0.999939  -0.737501  0.921461  0.388471  0.651845
h 1441   -245988  0.999939  -0.736471  0.921461  0.388471  0.650901
h 1454   -248077  0.999939  -0.733607  0.921461  0.388471  0.648276
h 1455   -246606  0.999939  -0.735624  0.921461  0.388471  0.650125
h 1456   -246199  0.999939  -0.736182  0.921461  0.388471  0.650636
h 1457   -252829  0.999939  -0.727094  0.921461  0.388471  0.642306
h 1458   -254517  0.999939  -0.72478  0.921461  0.388471  0.640184
h 1459   -253712  0.999939  -0.725884  0.921461  0.388471  0.641196
h 1460   -248982  0.999939  -0.732367  0.921461  0.388471  0.647139
h 1461   -249449  0.999939  -0.731727  0.921461  0.388471  0.646553
h 1467   -246039  0.999939  -0.736402  0.921461  0.388471  0.650837
h 1468   -247452  0.999939  -0.734464  0.921461  0.388471  0.649062
h 1473   -249108  0.999939  -0.732194  0.921461  0.388471  0.64698
h 1474   -251341  0.999939  -0.729134  0.921461  0.388471  0.644175
h 1479   -253831  0.999939  -0.72572  0.921461  0.388471  0.641046
h 1480   -256823  0.999939  -0.721618  0.921461  0.388471  0.637286
h 1488   -244801  0.999939  -0.738098  0.921461  0.388471  0.652393
h 1489   -245320  0.999939  -0.737386  0.921461  0.388471  0.65174
h 1571   -387192  0.999939  -0.542129  0.921461  0.388471  0.47347
h 1572   -368307  0.999939  -0.568798  0.921461  0.388471  0.4972
h 1573   -285140  0.999939  -0.682803  0.921461  0.388471  0.601705
h 1574   -276552  0.999939  -0.694575  0.921461  0.388471  0.612496
h 1577   -292278  0.999939  -0.673017  0.921461  0.388471  0.592735
h 1578   -292121  0.999939  -0.673233  0.921461  0.388471  0.592932
h 1579   -303107  0.999939  -0.658173  0.921461  0.388471  0.579127
h 1580   -304181  0.999939  -0.656701  0.921461  0.388471  0.577778
h 1581   -322746  0.999939  -0.631252  0.921461  0.388471  0.55445
h 1582   -311970  0.999939  -0.646025  0.921461  0.388471  0.567991
h 1583   -325802  0.999939  -0.627063  0.921461  0.388471  0.55061
h 1584   -310653  0.999939  -0.64783  0.921461  0.388471  0.569646
h 1585   -346017  0.999939  -0.599353  0.921461  0.388471  0.525208
h 1586   -324003  0.999939  -0.629529  0.921461  0.388471  0.55287
h 1587   -330971  0.999939  -0.619977  0.921461  0.388471  0.544114
h 1645   -501952  0.999939  -0.373449  0.921461  0.388471  0.329266
h 1646   -511692  0.999939  -0.357713  0.921461  0.388471  0.317027
h 1649   -245126  0.999939  -0.737652  0.921461  0.388471  0.651984
h 1650   -244745  0.999939  -0.738175  0.921461  0.388471  0.652463
h 1653   -247521  0.999939  -0.734369  0.921461  0.388471  0.648975
h 1654   -251873  0.999939  -0.728404  0.921461  0.388471  0.643507
h 1657   -306260  0.999939  -0.653852  0.921461  0.388471  0.575166
h 1658   -295723  0.999939  -0.668295  0.921461  0.388471  0.588406
h 1729   -255860  0.999939  -0.722939  0.921461  0.388471  0.638497
h 1730   -256715  0.999939  -0.721766  0.921461  0.388471  0.637422
h 1736   -252442  0.999939  -0.727624  0.921461  0.388471  0.642791
h 1737   -254762  0.999939  -0.724444  0.921461  0.388471  0.639876
h 1738   -252527  0.999939  -0.727508  0.921461  0.388471  0.642685
h 1739   -254998  0.999939  -0.72412  0.921461  0.388471  0.639579
h 1740   -254243  0.999939  -0.725155  0.921461  0.388471  0.640528
h 1741   -253095  0.999939  -0.726729  0.921461  0.388471  0.641971
h 1742   -221120  0.999939  -0.770561  0.921461  0.388471  0.68215
h 1743   -212959  0.999939  -0.781747  0.921461  0.388471  0.692404
h 1747   -31018.7  0.999939  -1.02499  0.921461  0.388471  0.921023
h 1748   -93076.2  0.999939  -0.942912  0.921461  0.388471  0.843044
h 1749   -173404  0.999939  -0.835968  0.921461  0.388471  0.742107
h 1750   -161135  0.999939  -0.852787  0.921461  0.388471  0.757525
h 1751   -145556  0.999939  -0.873497  0.921461  0.388471  0.7771
h 1752   -93229.1  0.999939  -0.94271  0.921461  0.388471  0.842852
h 1767   -256602  0.999939  -0.721921  0.921461  0.388471  0.637563
h 1768   -256281  0.999939  -0.722361  0.921461  0.388471  0.637967
h 1769   -256521  0.999939  -0.722032  0.921461  0.388471  0.637665
h 1772   -253408  0.999939  -0.7263  0.921461  0.388471  0.641577
h 1773   -256448  0.999939  -0.722133  0.921461  0.388471  0.637758
h 1774   -251439  0.999939  -0.728999  0.921461  0.388471  0.644052
h 1775   -229235  0.999939  -0.759436  0.921461  0.388471  0.671953
h 1776   -252877  0.999939  -0.727029  0.921461  0.388471  0.642245
h 1777   -253364  0.999939  -0.72636  0.921461  0.388471  0.641633
h 1782   -255834  0.999939  -0.722975  0.921461  0.388471  0.63853
h 1783   -254786  0.999939  -0.724411  0.921461  0.388471  0.639846
h 1787   -226227  0.999939  -0.76356  0.921461  0.388471  0.675732
h 1788   -240026  0.999939  -0.744644  0.921461  0.388471  0.658393
h 1791   -68562.8  0.999939  -0.975336  0.921461  0.388471  0.873847
h 1792   -157629  0.999939  -0.857528  0.921461  0.388471  0.761929
SolidID  2745   14 
h 321   -271429  0.999939  -0.701597  0.921461  0.388471  0.618933
h 322   -271865  0.999939  -0.701  0.921461  0.388471  0.618385
h 323   -272166  0.999939  -0.700587  0.921461  0.388471  0.618007
h 324   -274016  0.999939  -0.698051  0.921461  0.388471  0.615682
h 325   -273782  0.999939  -0.698372  0.921461  0.388471  0.615977
h 326   -271678  0.999939  -0.701255  0.921461  0.388471  0.61862
h 327   -269663  0.999939  -0.704018  0.921461  0.388471  0.621152
h 328   -276178  0.999939  -0.695087  0.921461  0.388471  0.612966
h 329   -277492  0.999939  -0.693286  0.921461  0.388471  0.611314
h 330   -267938  0.999939  -0.706382  0.921461  0.388471  0.62332
h 331   -277368  0.999939  -0.693456  0.921461  0.388471  0.61147
h 332   -268969  0.999939  -0.70497  0.921461  0.388471  0.622025
h 333   -275052  0.999939  -0.69663  0.921461  0.388471  0.61438
h 334   -270163  0.999939  -0.703333  0.921461  0.388471  0.620524
SolidID  2424   299 
h 364   -643192  0.999939  -0.126506  0.388471  0.921461  0.15179
h 370   -481798  0.999939  -0.403438  0.388471  0.921461  0.354591
h 374   -568979  0.999939  -0.265163  0.388471  0.921461  0.245043
h 375   -599207  0.999939  -0.211989  0.388471  0.921461  0.20706
h 376   -563501  0.999939  -0.274013  0.388471  0.921461  0.251927
h 377   -617000  0.999939  -0.180689  0.388471  0.921461  0.184702
h 383   -572440  0.999939  -0.259076  0.388471  0.921461  0.240694
h 384   -521352  0.999939  -0.342108  0.388471  0.921461  0.30489
h 389   -543302  0.999939  -0.306646  0.388471  0.921461  0.277308
h 409   -521083  0.999939  -0.342543  0.388471  0.921461  0.305228
h 410   -517568  0.999939  -0.348221  0.388471  0.921461  0.309644
h 418   -541855  0.999939  -0.308984  0.388471  0.921461  0.279127
h 424   -492126  0.999939  -0.388299  0.388471  0.921461  0.341614
h 427   -531083  0.999939  -0.326387  0.388471  0.921461  0.292662
h 440   -480645  0.999939  -0.405129  0.388471  0.921461  0.356041
h 441   -485848  0.999939  -0.397502  0.388471  0.921461  0.349503
h 442   -487034  0.999939  -0.395763  0.388471  0.921461  0.348012
h 443   -486018  0.999939  -0.397253  0.388471  0.921461  0.349289
h 444   -486421  0.999939  -0.396662  0.388471  0.921461  0.348783
h 445   -479605  0.999939  -0.406653  0.388471  0.921461  0.357347
h 446   -484935  0.999939  -0.398839  0.388471  0.921461  0.350649
h 447   -485547  0.999939  -0.397942  0.388471  0.921461  0.349881
h 448   -478314  0.999939  -0.408547  0.388471  0.921461  0.35897
h 449   -517737  0.999939  -0.347948  0.388471  0.921461  0.309433
h 450   -508669  0.999939  -0.362597  0.388471  0.921461  0.320826
h 451   -503731  0.999939  -0.370575  0.388471  0.921461  0.327031
h 452   -497198  0.999939  -0.380862  0.388471  0.921461  0.33524
h 468   -689510  0.999939  -0.00149577  0.388471  0.921461  0.0935891
h 474   -470811  0.999939  -0.419545  0.388471  0.921461  0.368397
h 475   -515678  0.999939  -0.351274  0.388471  0.921461  0.312019
h 476   -526960  0.999939  -0.333047  0.388471  0.921461  0.297842
h 477   -495252  0.999939  -0.383715  0.388471  0.921461  0.337686
h 478   -554445  0.999939  -0.288643  0.388471  0.921461  0.263306
h 479   -523214  0.999939  -0.339099  0.388471  0.921461  0.302549
h 522   -492553  0.999939  -0.387672  0.388471  0.921461  0.341077
h 523   -497724  0.999939  -0.380091  0.388471  0.921461  0.334579
h 528   -497322  0.999939  -0.380681  0.388471  0.921461  0.335085
h 529   -486479  0.999939  -0.396576  0.388471  0.921461  0.348709
h 530   -460207  0.999939  -0.435091  0.388471  0.921461  0.381722
h 531   -476410  0.999939  -0.411338  0.388471  0.921461  0.361362
h 546   -509022  0.999939  -0.362028  0.388471  0.921461  0.320383
h 549   -513961  0.999939  -0.354047  0.388471  0.921461  0.314176
h 550   -509134  0.999939  -0.361846  0.388471  0.921461  0.320242
h 558   -533132  0.999939  -0.323076  0.388471  0.921461  0.290087
h 559   -538314  0.999939  -0.314705  0.388471  0.921461  0.283576
h 571   -410541  0.999939  -0.5079  0.388471  0.921461  0.444131
h 572   -446178  0.999939  -0.455656  0.388471  0.921461  0.39935
h 647   -684426  0.999939  -0.0170076  0.388471  0.921461  0.0999769
h 648   -656712  0.999939  -0.094961  0.388471  0.921461  0.134802
h 653   -643512  0.999939  -0.125835  0.388471  0.921461  0.151388
h 654   -654587  0.999939  -0.100301  0.388471  0.921461  0.137472
h 656   -632651  0.999939  -0.14858  0.388471  0.921461  0.165036
h 682   -540327  0.999939  -0.311453  0.388471  0.921461  0.281047
h 683   -520420  0.999939  -0.343613  0.388471  0.921461  0.30606
h 684   -523194  0.999939  -0.339132  0.388471  0.921461  0.302575
h 690   -415352  0.999939  -0.500846  0.388471  0.921461  0.438085
h 691   -313380  0.999939  -0.644091  0.388471  0.921461  0.566218
h 692   -412790  0.999939  -0.504602  0.388471  0.921461  0.441304
h 693   -364421  0.999939  -0.574125  0.388471  0.921461  0.502083
h 708   -555486  0.999939  -0.286962  0.388471  0.921461  0.261998
h 709   -545817  0.999939  -0.302583  0.388471  0.921461  0.274148
h 740   -570381  0.999939  -0.262699  0.388471  0.921461  0.243282
h 741   -578492  0.999939  -0.248431  0.388471  0.921461  0.23309
h 742   -564321  0.999939  -0.272688  0.388471  0.921461  0.250896
h 744   -562809  0.999939  -0.275132  0.388471  0.921461  0.252796
h 745   -523360  0.999939  -0.338863  0.388471  0.921461  0.302366
h 746   -591412  0.999939  -0.225702  0.388471  0.921461  0.216855
h 747   -581671  0.999939  -0.242839  0.388471  0.921461  0.229096
h 748   -591134  0.999939  -0.226191  0.388471  0.921461  0.217204
h 749   -634564  0.999939  -0.144574  0.388471  0.921461  0.162632
h 750   -665321  0.999939  -0.073326  0.388471  0.921461  0.123984
h 751   -717402  0.999939  0.118776  0.388471  0.921461  0.0585414
h 752   -693904  0.999939  0.0159431  0.388471  0.921461  0.0880678
h 753   -678450  0.999939  -0.0352446  0.388471  0.921461  0.107487
h 763   -730986  0.999939  0.188319  0.388471  0.921461  0.0414716
h 764   -746891  0.999939  0.289221  0.388471  0.921461  0.0214865
h 766   -763974  0.999939  0.581827  0.388471  0.921461  2.03778e-05
h 767   -763982  0.999939  0.755784  0.388471  0.921461  9.76313e-06
h 771   -697339  0.999939  0.0299719  0.388471  0.921461  0.0837514
h 772   -743683  0.999939  0.266923  0.388471  0.921461  0.0255177
h 795   -607821  0.999939  -0.196837  0.388471  0.921461  0.196237
h 796   -582381  0.999939  -0.241589  0.388471  0.921461  0.228203
h 833   -685303  0.999939  -0.0143335  0.388471  0.921461  0.0988757
h 834   -669524  0.999939  -0.0624797  0.388471  0.921461  0.118702
h 883   -547211  0.999939  -0.300331  0.388471  0.921461  0.272396
h 884   -532157  0.999939  -0.324651  0.388471  0.921461  0.291312
h 887   -491845  0.999939  -0.388709  0.388471  0.921461  0.341966
h 888   -395342  0.999939  -0.530181  0.388471  0.921461  0.463229
h 891   -570727  0.999939  -0.26209  0.388471  0.921461  0.242847
h 892   -564143  0.999939  -0.272976  0.388471  0.921461  0.25112
h 893   -560984  0.999939  -0.27808  0.388471  0.921461  0.25509
h 894   -562487  0.999939  -0.275651  0.388471  0.921461  0.253201
h 895   -555793  0.999939  -0.286466  0.388471  0.921461  0.261612
h 896   -239293  0.999939  -0.745649  0.388471  0.921461  0.659314
h 897   -47828.7  0.999939  -1.00276  0.388471  0.921461  0.8999
h 903   -553839  0.999939  -0.289623  0.388471  0.921461  0.264068
h 904   -556934  0.999939  -0.284624  0.388471  0.921461  0.260179
h 905   -554934  0.999939  -0.287854  0.388471  0.921461  0.262692
h 915   -555066  0.999939  -0.28764  0.388471  0.921461  0.262526
h 916   -556884  0.999939  -0.284704  0.388471  0.921461  0.260242
h 921   -603086  0.999939  -0.205166  0.388471  0.921461  0.202186
h 922   -613913  0.999939  -0.186119  0.388471  0.921461  0.188581
h 923   -581983  0.999939  -0.242289  0.388471  0.921461  0.228703
h 924   -589119  0.999939  -0.229735  0.388471  0.921461  0.219736
h 952   -763976  0.999939  0.612579  0.388471  0.921461  1.8304e-05
h 953   -758571  0.999939  0.399449  0.388471  0.921461  0.00680972
h 956   -639782  0.999939  -0.133646  0.388471  0.921461  0.156075
h 957   -662330  0.999939  -0.0808431  0.388471  0.921461  0.127743
h 958   -707540  0.999939  0.0734714  0.388471  0.921461  0.0709331
h 959   -679029  0.999939  -0.0334759  0.388471  0.921461  0.106759
h 960   -563959  0.999939  -0.273273  0.388471  0.921461  0.251351
h 961   -550904  0.999939  -0.294364  0.388471  0.921461  0.267756
h 964   -519454  0.999939  -0.345174  0.388471  0.921461  0.307275
h 965   -515412  0.999939  -0.351705  0.388471  0.921461  0.312354
h 966   -515876  0.999939  -0.350955  0.388471  0.921461  0.311771
h 972   -550633  0.999939  -0.294802  0.388471  0.921461  0.268096
h 973   -529206  0.999939  -0.329418  0.388471  0.921461  0.29502
h 974   -538541  0.999939  -0.314337  0.388471  0.921461  0.28329
h 998   -539965  0.999939  -0.312037  0.388471  0.921461  0.281501
h 999   -545127  0.999939  -0.303698  0.388471  0.921461  0.275015
h 1000   -545272  0.999939  -0.303463  0.388471  0.921461  0.274832
h 1044   -503802  0.999939  -0.37046  0.388471  0.921461  0.326942
h 1045   -501895  0.999939  -0.373541  0.388471  0.921461  0.329338
h 1046   -509443  0.999939  -0.361347  0.388471  0.921461  0.319854
h 1047   -504082  0.999939  -0.370009  0.388471  0.921461  0.326591
h 1048   -509331  0.999939  -0.361528  0.388471  0.921461  0.319995
h 1053   -519181  0.999939  -0.345614  0.388471  0.921461  0.307617
h 1054   -517961  0.999939  -0.347586  0.388471  0.921461  0.309151
h 1055   -517532  0.999939  -0.348279  0.388471  0.921461  0.30969
h 1080   -535022  0.999939  -0.320023  0.388471  0.921461  0.287713
h 1081   -528114  0.999939  -0.331182  0.388471  0.921461  0.296392
h 1082   -535188  0.999939  -0.319754  0.388471  0.921461  0.287503
h 1102   -543514  0.999939  -0.306303  0.388471  0.921461  0.277041
h 1103   -538768  0.999939  -0.313971  0.388471  0.921461  0.283005
h 1104   -538341  0.999939  -0.314661  0.388471  0.921461  0.283542
h 1105   -545969  0.999939  -0.302338  0.388471  0.921461  0.273957
h 1106   -546984  0.999939  -0.300697  0.388471  0.921461  0.272681
h 1153   -491166  0.999939  -0.389705  0.388471  0.921461  0.34282
h 1154   -488348  0.999939  -0.393837  0.388471  0.921461  0.346361
h 1155   -492081  0.999939  -0.388364  0.388471  0.921461  0.34167
h 1158   -497690  0.999939  -0.380142  0.388471  0.921461  0.334623
h 1159   -495655  0.999939  -0.383124  0.388471  0.921461  0.337179
h 1160   -495979  0.999939  -0.382649  0.388471  0.921461  0.336772
h 1161   -487907  0.999939  -0.394483  0.388471  0.921461  0.346915
h 1162   -487947  0.999939  -0.394425  0.388471  0.921461  0.346865
h 1163   -487636  0.999939  -0.39488  0.388471  0.921461  0.347256
h 1171   -551967  0.999939  -0.292648  0.388471  0.921461  0.26642
h 1172   -595527  0.999939  -0.218463  0.388471  0.921461  0.211684
h 1173   -588403  0.999939  -0.230995  0.388471  0.921461  0.220636
h 1174   -602346  0.999939  -0.206468  0.388471  0.921461  0.203116
h 1180   -494279  0.999939  -0.385141  0.388471  0.921461  0.338908
h 1181   -511848  0.999939  -0.357462  0.388471  0.921461  0.316832
h 1182   -517539  0.999939  -0.348268  0.388471  0.921461  0.309681
h 1242   -558619  0.999939  -0.2819  0.388471  0.921461  0.258061
h 1243   -554920  0.999939  -0.287877  0.388471  0.921461  0.26271
h 1247   -547197  0.999939  -0.300353  0.388471  0.921461  0.272413
h 1248   -550629  0.999939  -0.29481  0.388471  0.921461  0.268102
h 1257   -586676  0.999939  -0.234033  0.388471  0.921461  0.222806
h 1258   -578238  0.999939  -0.248877  0.388471  0.921461  0.233409
h 1261   -621047  0.999939  -0.172882  0.388471  0.921461  0.179617
h 1262   -605772  0.999939  -0.200441  0.388471  0.921461  0.198811
h 1269   -712361  0.999939  0.0947456  0.388471  0.921461  0.0648751
h 1270   -693813  0.999939  0.0155726  0.388471  0.921461  0.0881818
h 1273   -645041  0.999939  -0.122633  0.388471  0.921461  0.149467
h 1274   -628680  0.999939  -0.156896  0.388471  0.921461  0.170025
h 1275   -629932  0.999939  -0.154274  0.388471  0.921461  0.168452
h 1276   -673337  0.999939  -0.0508458  0.388471  0.921461  0.113911
h 1277   -667319  0.999939  -0.0683049  0.388471  0.921461  0.121473
h 1283   -663532  0.999939  -0.0778215  0.388471  0.921461  0.126232
h 1284   -643400  0.999939  -0.126071  0.388471  0.921461  0.151529
h 1287   -565878  0.999939  -0.270173  0.388471  0.921461  0.248939
h 1288   -558055  0.999939  -0.282811  0.388471  0.921461  0.25877
h 1289   -558178  0.999939  -0.282614  0.388471  0.921461  0.258616
h 1290   -573521  0.999939  -0.257175  0.388471  0.921461  0.239336
h 1291   -573879  0.999939  -0.256545  0.388471  0.921461  0.238886
h 1296   -523269  0.999939  -0.33901  0.388471  0.921461  0.302481
h 1297   -519389  0.999939  -0.345278  0.388471  0.921461  0.307356
h 1304   -529176  0.999939  -0.329467  0.388471  0.921461  0.295058
h 1305   -535133  0.999939  -0.319843  0.388471  0.921461  0.287573
h 1306   -535051  0.999939  -0.319976  0.388471  0.921461  0.287676
h 1307   -525012  0.999939  -0.336194  0.388471  0.921461  0.30029
h 1308   -525316  0.999939  -0.335704  0.388471  0.921461  0.299909
h 1309   -554320  0.999939  -0.288846  0.388471  0.921461  0.263463
h 1310   -548301  0.999939  -0.29857  0.388471  0.921461  0.271027
h 1323   -532563  0.999939  -0.323996  0.388471  0.921461  0.290802
h 1324   -528079  0.999939  -0.33124  0.388471  0.921461  0.296437
h 1338   -542518  0.999939  -0.307913  0.388471  0.921461  0.278294
h 1339   -537850  0.999939  -0.315454  0.388471  0.921461  0.284159
h 1400   -503988  0.999939  -0.370161  0.388471  0.921461  0.326709
h 1401   -502182  0.999939  -0.373078  0.388471  0.921461  0.328978
h 1402   -501929  0.999939  -0.373487  0.388471  0.921461  0.329296
h 1405   -504840  0.999939  -0.368783  0.388471  0.921461  0.325638
h 1406   -507760  0.999939  -0.364066  0.388471  0.921461  0.321968
h 1407   -513448  0.999939  -0.354878  0.388471  0.921461  0.314822
h 1408   -510502  0.999939  -0.359637  0.388471  0.921461  0.318524
h 1409   -508804  0.999939  -0.36238  0.388471  0.921461  0.320657
h 1410   -507582  0.999939  -0.364354  0.388471  0.921461  0.322193
h 1411   -515671  0.999939  -0.351285  0.388471  0.921461  0.312028
h 1414   -511815  0.999939  -0.357515  0.388471  0.921461  0.316873
h 1415   -513352  0.999939  -0.355031  0.388471  0.921461  0.314942
h 1444   -533042  0.999939  -0.323222  0.388471  0.921461  0.290201
h 1445   -536012  0.999939  -0.318424  0.388471  0.921461  0.286469
h 1449   -527378  0.999939  -0.332372  0.388471  0.921461  0.297318
h 1450   -523751  0.999939  -0.338232  0.388471  0.921461  0.301875
h 1451   -523710  0.999939  -0.338298  0.388471  0.921461  0.301927
h 1452   -531076  0.999939  -0.326398  0.388471  0.921461  0.292671
h 1453   -531278  0.999939  -0.326072  0.388471  0.921461  0.292417
h 1464   -525799  0.999939  -0.334923  0.388471  0.921461  0.299301
h 1465   -528876  0.999939  -0.329952  0.388471  0.921461  0.295435
h 1475   -519202  0.999939  -0.345582  0.388471  0.921461  0.307592
h 1476   -521831  0.999939  -0.341333  0.388471  0.921461  0.304287
h 1483   -539944  0.999939  -0.312072  0.388471  0.921461  0.281528
h 1484   -542761  0.999939  -0.30752  0.388471  0.921461  0.277988
h 1514   -492921  0.999939  -0.387133  0.388471  0.921461  0.340615
h 1515   -494951  0.999939  -0.384156  0.388471  0.921461  0.338064
h 1520   -498736  0.999939  -0.378608  0.388471  0.921461  0.333308
h 1521   -501057  0.999939  -0.374895  0.388471  0.921461  0.330392
h 1522   -487495  0.999939  -0.395087  0.388471  0.921461  0.347433
h 1523   -487548  0.999939  -0.395009  0.388471  0.921461  0.347366
h 1526   -488500  0.999939  -0.393614  0.388471  0.921461  0.346171
h 1527   -487722  0.999939  -0.394754  0.388471  0.921461  0.347148
h 1528   -487916  0.999939  -0.394469  0.388471  0.921461  0.346904
h 1529   -490963  0.999939  -0.390003  0.388471  0.921461  0.343075
h 1530   -490784  0.999939  -0.390265  0.388471  0.921461  0.3433
h 1533   -488883  0.999939  -0.393053  0.388471  0.921461  0.345689
h 1534   -490195  0.999939  -0.391129  0.388471  0.921461  0.34404
h 1535   -563536  0.999939  -0.273957  0.388471  0.921461  0.251883
h 1536   -547311  0.999939  -0.300169  0.388471  0.921461  0.27227
h 1537   -533033  0.999939  -0.323235  0.388471  0.921461  0.290211
h 1538   -534311  0.999939  -0.321171  0.388471  0.921461  0.288605
h 1543   -490934  0.999939  -0.390046  0.388471  0.921461  0.343112
h 1544   -488600  0.999939  -0.393467  0.388471  0.921461  0.346044
h 1549   -560563  0.999939  -0.278759  0.388471  0.921461  0.255618
h 1550   -543487  0.999939  -0.306347  0.388471  0.921461  0.277075
h 1556   -526521  0.999939  -0.333757  0.388471  0.921461  0.298395
h 1557   -514838  0.999939  -0.352631  0.388471  0.921461  0.313074
h 1560   -496781  0.999939  -0.381473  0.388471  0.921461  0.335764
h 1561   -508134  0.999939  -0.363462  0.388471  0.921461  0.321499
h 1562   -507298  0.999939  -0.364812  0.388471  0.921461  0.322549
h 1563   -492093  0.999939  -0.388346  0.388471  0.921461  0.341655
h 1564   -492819  0.999939  -0.387282  0.388471  0.921461  0.340743
h 1567   -503594  0.999939  -0.370796  0.388471  0.921461  0.327203
h 1568   -496471  0.999939  -0.381929  0.388471  0.921461  0.336155
h 1598   -500939  0.999939  -0.375086  0.388471  0.921461  0.33054
h 1599   -506309  0.999939  -0.36641  0.388471  0.921461  0.323792
h 1600   -506841  0.999939  -0.365551  0.388471  0.921461  0.323123
h 1604   -477525  0.999939  -0.409703  0.388471  0.921461  0.359961
h 1605   -483361  0.999939  -0.401147  0.388471  0.921461  0.352627
h 1606   -489791  0.999939  -0.391721  0.388471  0.921461  0.344548
h 1607   -494599  0.999939  -0.384672  0.388471  0.921461  0.338506
h 1608   -489433  0.999939  -0.392246  0.388471  0.921461  0.344997
h 1615   -497183  0.999939  -0.380885  0.388471  0.921461  0.33526
h 1616   -495088  0.999939  -0.383956  0.388471  0.921461  0.337892
h 1617   -492310  0.999939  -0.388028  0.388471  0.921461  0.341382
h 1618   -492416  0.999939  -0.387874  0.388471  0.921461  0.34125
h 1620   -476031  0.999939  -0.411893  0.388471  0.921461  0.361838
h 1621   -430915  0.999939  -0.478032  0.388471  0.921461  0.418529
h 1622   -453507  0.999939  -0.444912  0.388471  0.921461  0.390141
h 1623   -446866  0.999939  -0.454647  0.388471  0.921461  0.398485
h 1627   -458080  0.999939  -0.438209  0.388471  0.921461  0.384395
h 1628   -468153  0.999939  -0.423442  0.388471  0.921461  0.371737
h 1634   -451505  0.999939  -0.447847  0.388471  0.921461  0.392657
h 1635   -678435  0.999939  -0.0352902  0.388471  0.921461  0.107506
h 1636   -661424  0.999939  -0.0831185  0.388471  0.921461  0.12888
h 1641   -569684  0.999939  -0.263925  0.388471  0.921461  0.244157
h 1642   -562190  0.999939  -0.276132  0.388471  0.921461  0.253574
h 1661   -503500  0.999939  -0.370948  0.388471  0.921461  0.327321
h 1662   -500914  0.999939  -0.375126  0.388471  0.921461  0.330571
h 1663   -499821  0.999939  -0.376892  0.388471  0.921461  0.331945
h 1673   -490306  0.999939  -0.390966  0.388471  0.921461  0.343901
h 1674   -486606  0.999939  -0.39639  0.388471  0.921461  0.34855
h 1677   -483060  0.999939  -0.401589  0.388471  0.921461  0.353006
h 1678   -485859  0.999939  -0.397485  0.388471  0.921461  0.349489
h 1679   -485377  0.999939  -0.398191  0.388471  0.921461  0.350094
h 1680   -477539  0.999939  -0.409682  0.388471  0.921461  0.359943
h 1681   -478357  0.999939  -0.408483  0.388471  0.921461  0.358915
h 1684   -482217  0.999939  -0.402825  0.388471  0.921461  0.354065
h 1685   -478399  0.999939  -0.408421  0.388471  0.921461  0.358863
h 1686   -496999  0.999939  -0.381155  0.388471  0.921461  0.335491
h 1687   -494119  0.999939  -0.385376  0.388471  0.921461  0.339109
h 1690   -407675  0.999939  -0.512101  0.388471  0.921461  0.447732
h 1691   -434121  0.999939  -0.473331  0.388471  0.921461  0.4145
h 1692   -433355  0.999939  -0.474454  0.388471  0.921461  0.415463
h 1693   -424906  0.999939  -0.48684  0.388471  0.921461  0.426079
h 1698   -472834  0.999939  -0.41658  0.388471  0.921461  0.365856
h 1699   -468133  0.999939  -0.423471  0.388471  0.921461  0.371762
h 1704   -399113  0.999939  -0.524653  0.388471  0.921461  0.458491
h 1705   -391808  0.999939  -0.535361  0.388471  0.921461  0.467669
h 1706   -465474  0.999939  -0.427368  0.388471  0.921461  0.375103
h 1707   -468787  0.999939  -0.422513  0.388471  0.921461  0.370941
h 1708   -467051  0.999939  -0.425057  0.388471  0.921461  0.373122
h 1709   -451159  0.999939  -0.448355  0.388471  0.921461  0.393092
h 1710   -454021  0.999939  -0.444159  0.388471  0.921461  0.389495
h 1713   -459177  0.999939  -0.4366  0.388471  0.921461  0.383016
h 1714   -451999  0.999939  -0.447123  0.388471  0.921461  0.392036
h 1717   -437885  0.999939  -0.467814  0.388471  0.921461  0.409771
h 1718   -423731  0.999939  -0.488563  0.388471  0.921461  0.427556
h 1763   -503444  0.999939  -0.371038  0.388471  0.921461  0.327391
h 1764   -501118  0.999939  -0.374796  0.388471  0.921461  0.330314
E_DATA
B_MESH_DATA
Dim 2 
NumPts 411 
NumElems 627 
1   0.00734561   0.0237364    0
2   0.00736845   0.0236216    0
3   0.00679129   0.0235068    0
4   0.00728058   0.0238337    0
5   0.00685632   0.0234094    0
6   0.00718325   0.0238987    0
7   0.00706845   0.0239216    0
8   0.00695364   0.0233444    0
9   0.00706845   0.0233216    0
10   0.00695364   0.0238987    0
11   0.00685632   0.0238337    0
12   0.00718325   0.0233444    0
13   0.00679129   0.0237364    0
14   0.00728058   0.0234094    0
15   0.00676845   0.0236216    0
16   0.00734561   0.0235068    0
17   0.00762088   0.0217792    0
18   0.00635328   0.0254679    0
19   0.00563812   0.0270143    0
20   0.00711162   0.0267369    0
21   0.00793285   0.0251466    0
22   0.005173   0.0293375    0
23   0.0035477   0.0293651    0
24   0.00348727   0.0307955    0
25   0.00459291   0.0281897    0
26   0.00421266   0.0271778    0
27   0.0123354   0.0149897    0
28   0.0114139   0.0146012    0
29   0.0115888   0.0159506    0
30   0.00624844   0.0220829    0
31   0.00859557   0.0199992    0
32   0.00710703   0.0203123    0
33   0.00484347   0.0314567    0
34   0.00663116   0.0278766    0
35   0.0063986   0.0290382    0
36   0.00876686   0.023082    0
37   0.00939184   0.0213282    0
38   0.00582223   0.0230041    0
39   0.00464507   0.0261521    0
40   0.00525417   0.0245618    0
41   0.00831974   0.0166411    0
42   0.0089509   0.0175671    0
43   0.00969034   0.0166078    0
44   0.0105805   0.0177141    0
45   0.0110846   0.0168323    0
46   0.00356587   0.031913    0
47   0.00264441   0.0315245    0
48   0.00160139   0.0314411    0
49   0.00180155   0.0322535    0
50   0.00270483   0.0300941    0
51   0.00272301   0.0326419    0
52   0.00364447   0.0330304    0
53   0.00516543   0.032632    0
54   0.00877324   0.0187832    0
55   0.0101078   0.01963    0
56   0.00765594   0.0182157    0
57   0.00967686   0.0182486    0
58   0.0103441   0.018672    0
59   0.0111002   0.0184874    0
60   0.0119424   0.0166468    0
61   0.00114066   0.0312469    0
62   0.000880084   0.031865    0
63   0.00140124   0.0306288    0
64   0.00202282   0.0310766    0
65   0.00192239   0.0293926    0
66   0.00166182   0.0300107    0
67   0.0100914   0.0154102    0
68   0.0104924   0.0142127    0
69   0.0088002   0.0155015    0
70   0.00918559   0.0146629    0
71   0.00816904   0.0145755    0
72   0.00957097   0.0138242    0
73   0.00792881   0.0151453    0
74   0.0125678   0.0157255    0
75   0.0132568   0.0153781    0
76   0.00273504   0.0293789    0
77   0.00347385   0.0282783    0
78   0.0023548   0.0283669    0
79   0.00974981   0.0204791    0
80   0.0108639   0.0194454    0
81   0.00840928   0.0140056    0
82   0.00899012   0.0139149    0
83   0.00864951   0.0134358    0
84   0.00911024   0.01363    0
85   0.00134081   0.0320592    0
86   0.00834986   0.0241143    0
87   0.00736791   0.0277378    0
88   0.00752224   0.0259417    0
89   0.00784837   0.0265982    0
90   0.00810467   0.0275991    0
91   0.00825899   0.025803    0
92   0.00906558   0.0253198    0
93   0.00858512   0.0264595    0
94   0.0130285   0.0159197    0
95   0.0128002   0.0164613    0
96   0.0021386   0.0288798    0
97   0.00349994   0.0272595    0
98   0.00313053   0.0278098    0
99   0.00278721   0.0273413    0
100   0.00393235   0.0262338    0
101   0.00321962   0.0263156    0
102   0.00257101   0.0278541    0
103   0.0104874   0.0203383    0
104   0.0112251   0.0201975    0
105   0.0114225   0.0197291    0
106   0.01162   0.0192607    0
107   0.00556222   0.0222348    0
108   0.00738148   0.019264    0
109   0.00667774   0.0211976    0
110   0.00636276   0.0204689    0
111   0.00712769   0.0283077    0
112   0.00701141   0.0288885    0
113   0.00762421   0.0287388    0
114   0.00456593   0.0334189    0
115   0.00532641   0.0332197    0
116   0.00584353   0.0329626    0
117   0.00548739   0.0338074    0
118   0.0058644   0.0303053    0
119   0.00569963   0.0313649    0
120   0.00543253   0.0319984    0
121   0.00619966   0.0321178    0
122   0.00665527   0.0297332    0
123   0.00691194   0.0304283    0
124   0.00726807   0.0295835    0
125   0.00924527   0.0160546    0
126   0.00855997   0.0160713    0
127   0.00768858   0.0157151    0
128   0.00800416   0.0161781    0
129   0.00798784   0.0174284    0
130   0.00734036   0.0177527    0
131   0.00907935   0.0222051    0
132   0.00915645   0.0236311    0
133   0.010111   0.0212312    0
134   0.0108302   0.0211342    0
135   0.00605524   0.0241977    0
136   0.0055382   0.0237829    0
137   0.00519612   0.0230583    0
138   0.00487601   0.0223866    0
139   0.00430155   0.0253581    0
140   0.0046061   0.0245629    0
141   0.00395802   0.0245641    0
142   0.00870772   0.024717    0
143   0.00954604   0.0241802    0
144   0.00930581   0.02475    0
145   0.00786444   0.0281689    0
146   0.00882535   0.0258896    0
147   0.00834489   0.0270293    0
148   0.00343582   0.0258027    0
149   0.00365203   0.0252899    0
150   0.00300341   0.0268284    0
151   0.0110276   0.0206658    0
152   0.00506163   0.0219463    0
153   0.00524725   0.021506    0
154   0.00596249   0.0213518    0
155   0.00561849   0.0206254    0
156   0.00668561   0.0195044    0
157   0.00598973   0.0197448    0
158   0.00543287   0.0210657    0
159   0.00617535   0.0193045    0
160   0.00636098   0.0188642    0
161   0.00580411   0.0201851    0
162   0.00563803   0.0324805    0
163   0.00637773   0.0316954    0
164   0.0065558   0.0312731    0
165   0.00566546   0.033385    0
166   0.00744614   0.0291612    0
167   0.00602159   0.0325402    0
168   0.00709   0.0300059    0
169   0.0062101   0.0307892    0
170   0.00752263   0.0161088    0
171   0.00735668   0.0165024    0
172   0.00703718   0.0186705    0
173   0.00669288   0.0180769    0
174   0.00767226   0.0169654    0
175   0.00702478   0.0172897    0
176   0.00685883   0.0176833    0
177   0.00979424   0.0220504    0
178   0.0105091   0.0218957    0
179   0.00947321   0.0228119    0
180   0.00986707   0.0234187    0
181   0.0101881   0.0226572    0
182   0.0103486   0.0222764    0
183   0.0100276   0.0230379    0
184   0.00970656   0.0237994    0
185   0.0106697   0.0215149    0
186   0.00380503   0.024927    0
187   0.00472301   0.0227495    0
188   0.00457001   0.0231124    0
189   0.00490111   0.0238106    0
190   0.00507764   0.0241862    0
191   0.0047536   0.0241868    0
192   0.00426402   0.0238382    0
193   0.00411102   0.0242012    0
194   0.00673387   0.0308507    0
195   0.00652693   0.0184706    0
196   0.00719073   0.016896    0
197   0.00441701   0.0234753    0
198   0.0113953   0.0177876    0
199   0.0109821   0.0189664    0
200   0.0113601   0.0188741    0
201   0.0116688   0.0172172    0
202   0.0125051   0.0171612    0
203   0.0122551   0.0161862    0
204   0.0123713   0.0165541    0
205   0.0116552   0.0181742    0
206   0.011915   0.0185609    0
207   0.0120625   0.018211    0
208   0.0122101   0.017861    0
209   0.0119395   0.0175391    0
210   0.0117675   0.0189108    0
211   0.0123576   0.0175111    0
212   0.0126526   0.0168112    0
213   0.0312115   0.00278343    0
214   0.0314379   0.00458716    0
215   0.0330304   0.00364447    0
216   0.0146012   0.0114139    0
217   0.0149897   0.0123354    0
218   0.0159506   0.0115888    0
219   0.019467   0.00995293    0
220   0.0196732   0.00828589    0
221   0.0175671   0.0089509    0
222   0.0158899   0.00972167    0
223   0.0174433   0.0106946    0
224   0.0164062   0.00841878    0
225   0.018364   0.00770486    0
226   0.0220829   0.00624844    0
227   0.0217792   0.00762088    0
228   0.0240915   0.00687033    0
229   0.0201493   0.00695219    0
230   0.0229797   0.00858346    0
231   0.0241358   0.00820819    0
232   0.0214567   0.00922553    0
233   0.0257115   0.00663038    0
234   0.0273315   0.00639043    0
235   0.0259242   0.00515665    0
236   0.0293375   0.005173    0
237   0.0305009   0.00578195    0
238   0.0283345   0.00578171    0
239   0.0279345   0.00415079    0
240   0.0290382   0.0063986    0
241   0.0280351   0.00700732    0
242   0.027633   0.00527061    0
243   0.0269294   0.00465372    0
244   0.023239   0.00587317    0
245   0.0245816   0.00551491    0
246   0.0322535   0.00180155    0
247   0.0314411   0.00160139    0
248   0.0293651   0.0035477    0
249   0.0303021   0.00235291    0
250   0.0306288   0.00140124    0
251   0.0264895   0.00743741    0
252   0.0257539   0.00774752    0
253   0.0248406   0.00462357    0
254   0.0260145   0.00419297    0
255   0.0286636   0.00303659    0
256   0.027233   0.00363968    0
257   0.0234534   0.00510453    0
258   0.0230272   0.00460595    0
259   0.0223866   0.00487601    0
260   0.0236678   0.00433588    0
261   0.0312469   0.00114066    0
262   0.031865   0.000880084    0
263   0.0300107   0.00166182    0
264   0.0293926   0.00192239    0
265   0.0328831   0.0047918    0
266   0.0338074   0.00548739    0
267   0.0320868   0.00526315    0
268   0.0327358   0.00593914    0
269   0.0322   0.00616502    0
270   0.0173814   0.0115665    0
271   0.016635   0.0120136    0
272   0.0173194   0.0124384    0
273   0.0156692   0.0125915    0
274   0.0153781   0.0132568    0
275   0.0163488   0.0128476    0
276   0.0204618   0.00958923    0
277   0.0184551   0.0103238    0
278   0.0193639   0.0107865    0
279   0.0152456   0.0105678    0
280   0.0142127   0.0104924    0
281   0.014664   0.00974365    0
282   0.0138242   0.00957097    0
283   0.0151152   0.00899488    0
284   0.0144697   0.00928292    0
285   0.0143405   0.00826809    0
286   0.0139528   0.00896622    0
287   0.01363   0.00911024    0
288   0.0134358   0.00864951    0
289   0.0320592   0.00134081    0
290   0.0173109   0.00803736    0
291   0.0332716   0.00571326    0
292   0.0178048   0.0122338    0
293   0.0182901   0.0120292    0
294   0.0168341   0.012643    0
295   0.0183726   0.0111765    0
296   0.0192607   0.01162    0
297   0.0158635   0.0130522    0
298   0.0203296   0.0104072    0
299   0.0201975   0.0112251    0
300   0.0197291   0.0114225    0
301   0.0167305   0.0077713    0
302   0.0170547   0.00712382    0
303   0.0177094   0.00741434    0
304   0.0138881   0.0084588    0
305   0.0157607   0.00870683    0
306   0.0151802   0.00844077    0
307   0.0192566   0.00732852    0
308   0.0222348   0.00556222    0
309   0.0195068   0.00665658    0
310   0.0211161   0.00660032    0
311   0.0203874   0.00628534    0
312   0.0197448   0.00598973    0
313   0.0249227   0.00730893    0
314   0.0249449   0.00797785    0
315   0.0235799   0.00906475    0
316   0.0241802   0.00954604    0
317   0.024158   0.00887711    0
318   0.0222182   0.00890449    0
319   0.0220569   0.00970682    0
320   0.0212954   0.0100278    0
321   0.0218957   0.0105091    0
322   0.0211342   0.0108302    0
323   0.0272623   0.00722236    0
324   0.0268786   0.00784092    0
325   0.026143   0.00815104    0
326   0.026532   0.00855455    0
327   0.0288885   0.00701141    0
328   0.028387   0.00731576    0
329   0.0287388   0.00762421    0
330   0.0312939   0.00552255    0
331   0.0316642   0.00639089    0
332   0.0297695   0.00609028    0
333   0.0303512   0.00639475    0
334   0.0187754   0.0118246    0
335   0.0206658   0.0110276    0
336   0.0175071   0.00693311    0
337   0.0179595   0.0067424    0
338   0.0166024   0.00731453    0
339   0.01615   0.00750524    0
340   0.0147929   0.00807738    0
341   0.0152453   0.00788666    0
342   0.0159554   0.00810604    0
343   0.0156976   0.00769595    0
344   0.0186081   0.00703546    0
345   0.0188642   0.00636098    0
346   0.0219463   0.00506163    0
347   0.021506   0.00524725    0
348   0.0213111   0.00592378    0
349   0.0206254   0.00561849    0
350   0.0193045   0.00617535    0
351   0.0210657   0.00543287    0
352   0.0201851   0.00580411    0
353   0.0253706   0.00842126    0
354   0.0257964   0.00886466    0
355   0.0253923   0.00903501    0
356   0.0247643   0.00864919    0
357   0.0249883   0.00920535    0
358   0.0245842   0.0093757    0
359   0.0222764   0.0103486    0
360   0.0226572   0.0101881    0
361   0.0228184   0.00938578    0
362   0.0234187   0.00986707    0
363   0.0230379   0.0100276    0
364   0.0237994   0.00970656    0
365   0.0215149   0.0106697    0
366   0.0268998   0.00839949    0
367   0.0272676   0.00824444    0
368   0.0261642   0.00870961    0
369   0.028371   0.00777927    0
370   0.0280032   0.00793432    0
371   0.0276328   0.00757834    0
372   0.0276354   0.00808938    0
373   0.0311134   0.00611088    0
374   0.0309329   0.00669922    0
375   0.0291045   0.00747004    0
376   0.0294701   0.00731588    0
377   0.0312985   0.00654506    0
378   0.0305672   0.00685339    0
379   0.0302015   0.00700755    0
380   0.0296198   0.00670308    0
381   0.0298358   0.00716171    0
382   0.024147   0.00486405    0
383   0.0266238   0.00391633    0
384   0.0254276   0.00440827    0
385   0.0255571   0.0039626    0
386   0.0249701   0.0041779    0
387   0.0243837   0.00403406    0
388   0.0250997   0.00373223    0
389   0.0268823   0.00338413    0
390   0.0293789   0.00273504    0
391   0.0279483   0.00333813    0
392   0.0283128   0.00278104    0
393   0.0326419   0.00272301    0
394   0.0184119   0.00655169    0
395   0.0242654   0.00444905    0
396   0.0254576   0.00358132    0
397   0.0258156   0.0034304    0
398   0.0262197   0.00367336    0
399   0.0265315   0.00312857    0
400   0.0261736   0.00327949    0
401   0.0247417   0.00388314    0
402   0.0290281   0.00247949    0
403   0.0286774   0.00222394    0
404   0.0268892   0.0029778    0
405   0.0272468   0.00282703    0
406   0.029035   0.00207316    0
407   0.0275976   0.00308258    0
408   0.0279621   0.00252548    0
409   0.0276044   0.00267626    0
410   0.0283197   0.00237471    0
411   0.0240257   0.00418497    0
321  2745  1  2  3 
322  2745  4  1  3 
323  2745  5  3  2 
324  2745  4  3  6 
325  2745  7  6  3 
326  2745  8  5  2 
327  2745  8  2  9 
328  2745  7  3  10 
329  2745  10  3  11 
330  2745  12  9  2 
331  2745  13  11  3 
332  2745  14  12  2 
333  2745  15  13  3 
334  2745  16  14  2 
319  2373  12  17  9 
320  2373  14  17  12 
357  2373  18  7  10 
358  2373  19  20  18 
359  2373  21  4  6 
360  2373  7  18  21 
361  2373  21  6  7 
365  2373  22  23  24 
368  2373  25  23  22 
369  2373  19  26  25 
371  2373  27  28  29 
385  2373  30  8  9 
386  2373  9  17  30 
390  2373  31  32  17 
392  2373  24  33  22 
395  2373  19  34  20 
396  2373  34  19  25 
397  2373  25  22  35 
398  2373  35  34  25 
416  2373  36  17  14 
417  2373  14  16  36 
419  2373  37  31  17 
430  2373  38  15  3 
431  2373  38  3  5 
432  2373  38  5  8 
433  2373  8  30  38 
434  2373  19  39  26 
435  2373  39  19  18 
436  2373  18  40  39 
456  2373  41  42  43 
457  2373  44  45  43 
469  2373  24  46  33 
470  2373  24  47  46 
471  2373  48  49  47 
480  2373  50  24  23 
481  2373  47  24  50 
491  2373  51  52  46 
492  2373  47  49  51 
493  2373  51  46  47 
519  2373  46  52  53 
520  2373  53  33  46 
533  2373  54  31  55 
534  2373  54  42  56 
535  2373  57  54  55 
536  2373  54  57  42 
537  2373  57  44  43 
538  2373  43  42  57 
539  2373  58  44  57 
540  2373  55  58  57 
541  2373  59  44  58 
545  2373  45  60  29 
567  2373  61  62  48 
568  2373  63  61  48 
575  2373  64  63  48 
576  2373  47  64  48 
577  2373  64  47  50 
578  2373  65  66  50 
580  2373  66  63  64 
581  2373  64  50  66 
618  2373  45  29  67 
619  2373  67  43  45 
620  2373  28  68  67 
621  2373  67  29  28 
622  2373  69  70  71 
623  2373  70  69  67 
624  2373  68  72  70 
625  2373  70  67  68 
636  2373  71  73  69 
644  2373  74  27  29 
645  2373  27  74  75 
657  2373  23  76  50 
658  2373  76  65  50 
662  2373  25  77  23 
663  2373  77  25  26 
664  2373  76  23  77 
665  2373  77  78  76 
710  2373  37  79  31 
711  2373  79  55  31 
743  2373  55  80  58 
754  2373  81  71  70 
757  2373  81  82  83 
758  2373  82  81  70 
759  2373  72  82  70 
761  2373  84  83  82 
762  2373  72  84  82 
781  2373  85  49  48 
782  2373  62  85  48 
797  2373  4  21  86 
798  2373  86  1  4 
799  2373  2  1  86 
800  2373  16  2  86 
801  2373  86  36  16 
803  2373  34  87  20 
809  2373  88  21  18 
810  2373  20  88  18 
811  2373  20  89  88 
812  2373  89  20  87 
813  2373  87  90  89 
814  2373  21  91  92 
815  2373  91  21  88 
816  2373  91  88  89 
817  2373  89  93  91 
824  2373  94  75  74 
825  2373  95  94  74 
837  2373  96  65  76 
838  2373  78  96  76 
841  2373  26  97  77 
842  2373  77  98  78 
843  2373  98  77  97 
844  2373  99  98  97 
845  2373  39  100  26 
846  2373  97  26  100 
847  2373  100  101  97 
850  2373  102  78  98 
851  2373  99  102  98 
906  2373  79  103  55 
907  2373  80  55  103 
908  2373  103  104  80 
919  2373  105  106  80 
920  2373  104  105  80 
967  2373  30  107  38 
975  2373  108  32  31 
976  2373  54  56  108 
977  2373  108  31  54 
978  2373  32  109  17 
979  2373  109  30  17 
1001  2373  32  110  109 
1011  2373  111  34  35 
1012  2373  34  111  87 
1013  2373  112  113  111 
1014  2373  35  112  111 
1016  2373  52  114  53 
1019  2373  53  115  116 
1020  2373  115  53  114 
1021  2373  117  115  114 
1022  2373  118  22  33 
1023  2373  35  22  118 
1024  2373  33  119  118 
1025  2373  53  120  33 
1026  2373  120  119  33 
1027  2373  119  120  121 
1036  2373  122  35  118 
1037  2373  123  122  118 
1038  2373  112  35  122 
1039  2373  122  124  112 
1059  2373  43  125  41 
1060  2373  125  43  67 
1061  2373  69  125  67 
1062  2373  69  126  125 
1063  2373  126  41  125 
1064  2373  126  69  73 
1065  2373  73  127  126 
1066  2373  128  41  126 
1067  2373  127  128  126 
1074  2373  41  129  42 
1075  2373  129  56  42 
1078  2373  130  56  129 
1083  2373  36  131  17 
1084  2373  131  37  17 
1093  2373  132  36  86 
1107  2373  37  133  79 
1108  2373  133  134  103 
1109  2373  103  79  133 
1186  2373  135  11  13 
1187  2373  135  40  18 
1188  2373  135  18  10 
1189  2373  10  11  135 
1190  2373  135  13  15 
1191  2373  136  40  135 
1192  2373  136  135  15 
1193  2373  15  38  136 
1194  2373  38  137  136 
1195  2373  107  138  137 
1196  2373  137  38  107 
1197  2373  139  39  40 
1198  2373  100  39  139 
1203  2373  40  140  139 
1204  2373  140  141  139 
1205  2373  92  142  21 
1206  2373  142  86  21 
1207  2373  142  143  132 
1208  2373  132  86  142 
1211  2373  144  143  142 
1212  2373  92  144  142 
1213  2373  145  90  87 
1216  2373  145  87  111 
1217  2373  111  113  145 
1218  2373  146  92  91 
1219  2373  93  146  91 
1225  2373  147  93  89 
1226  2373  90  147  89 
1233  2373  148  101  100 
1236  2373  148  100  139 
1237  2373  139  149  148 
1238  2373  150  99  97 
1239  2373  101  150  97 
1251  2373  151  104  103 
1252  2373  134  151  103 
1300  2373  152  138  107 
1301  2373  153  152  107 
1313  2373  109  154  30 
1314  2373  107  30  154 
1315  2373  154  153  107 
1316  2373  110  155  154 
1317  2373  154  109  110 
1318  2373  108  156  32 
1319  2373  110  32  156 
1320  2373  156  157  110 
1327  2373  158  153  154 
1328  2373  155  158  154 
1331  2373  159  157  156 
1332  2373  160  159  156 
1347  2373  161  155  110 
1348  2373  157  161  110 
1362  2373  116  162  53 
1363  2373  162  120  53 
1364  2373  120  162  121 
1368  2373  163  164  119 
1369  2373  121  163  119 
1373  2373  165  116  115 
1374  2373  117  165  115 
1381  2373  166  113  112 
1382  2373  124  166  112 
1387  2373  167  121  162 
1388  2373  116  167  162 
1389  2373  168  124  122 
1390  2373  123  168  122 
1393  2373  118  169  123 
1394  2373  164  169  119 
1395  2373  169  118  119 
1416  2373  170  171  128 
1417  2373  127  170  128 
1420  2373  172  108  56 
1421  2373  172  56  130 
1422  2373  130  173  172 
1423  2373  156  108  172 
1424  2373  172  160  156 
1430  2373  174  129  41 
1431  2373  174  41  128 
1432  2373  128  171  174 
1433  2373  174  175  130 
1434  2373  130  129  174 
1440  2373  176  173  130 
1441  2373  175  176  130 
1454  2373  131  177  37 
1455  2373  133  37  177 
1456  2373  177  178  133 
1457  2373  179  131  36 
1458  2373  179  36  132 
1459  2373  132  180  179 
1460  2373  179  181  177 
1461  2373  177  131  179 
1467  2373  182  178  177 
1468  2373  181  182  177 
1473  2373  183  181  179 
1474  2373  180  183  179 
1479  2373  184  180  132 
1480  2373  143  184  132 
1488  2373  185  134  133 
1489  2373  178  185  133 
1571  2373  186  149  139 
1572  2373  141  186  139 
1573  2373  187  188  137 
1574  2373  138  187  137 
1577  2373  189  136  137 
1578  2373  137  188  189 
1579  2373  189  190  136 
1580  2373  190  40  136 
1581  2373  40  190  140 
1582  2373  191  189  192 
1583  2373  191  140  190 
1584  2373  189  191  190 
1585  2373  193  141  140 
1586  2373  191  192  193 
1587  2373  193  140  191 
1645  2373  194  123  169 
1646  2373  164  194  169 
1649  2373  195  160  172 
1650  2373  173  195  172 
1653  2373  196  175  174 
1654  2373  171  196  174 
1657  2373  197  192  189 
1658  2373  188  197  189 
1729  2373  44  198  45 
1730  2373  198  44  59 
1736  2373  80  199  58 
1737  2373  199  59  58 
1738  2373  199  80  106 
1739  2373  200  59  199 
1740  2373  106  200  199 
1741  2373  198  201  45 
1742  2373  201  60  45 
1743  2373  202  60  201 
1747  2373  74  203  95 
1748  2373  203  74  29 
1749  2373  60  203  29 
1750  2373  204  60  202 
1751  2373  60  204  203 
1752  2373  204  95  203 
1767  2373  205  198  59 
1768  2373  205  59  200 
1769  2373  200  206  205 
1772  2373  207  208  205 
1773  2373  206  207  205 
1774  2373  209  201  198 
1775  2373  201  209  202 
1776  2373  205  208  209 
1777  2373  209  198  205 
1782  2373  210  206  200 
1783  2373  106  210  200 
1787  2373  211  202  209 
1788  2373  208  211  209 
1791  2373  212  95  204 
1792  2373  202  212  204 
364  2424  213  214  215 
370  2424  216  217  218 
374  2424  219  220  221 
375  2424  221  222  223 
376  2424  218  223  222 
377  2424  221  224  222 
383  2424  220  225  221 
384  2424  226  227  228 
389  2424  229  220  227 
409  2424  227  230  228 
410  2424  231  228  230 
418  2424  232  227  220 
424  2424  233  234  235 
427  2424  236  237  214 
440  2424  238  236  239 
441  2424  236  238  240 
442  2424  241  240  238 
443  2424  238  234  241 
444  2424  234  242  235 
445  2424  239  242  238 
446  2424  242  234  238 
447  2424  243  235  242 
448  2424  239  243  242 
449  2424  228  244  226 
450  2424  245  244  228 
451  2424  245  228  233 
452  2424  233  235  245 
468  2424  246  247  213 
474  2424  236  248  239 
475  2424  248  236  214 
476  2424  214  213  248 
477  2424  213  249  248 
478  2424  249  213  247 
479  2424  247  250  249 
522  2424  233  251  234 
523  2424  233  252  251 
528  2424  253  245  235 
529  2424  243  254  235 
530  2424  248  255  239 
531  2424  239  256  243 
546  2424  257  244  245 
549  2424  258  259  257 
550  2424  260  258  257 
558  2424  261  250  247 
559  2424  262  261  247 
571  2424  263  264  249 
572  2424  250  263  249 
647  2424  215  265  266 
648  2424  265  215  214 
653  2424  214  267  265 
654  2424  267  268  265 
656  2424  269  268  267 
682  2424  270  223  218 
683  2424  218  271  270 
684  2424  271  272  270 
690  2424  217  273  218 
691  2424  273  217  274 
692  2424  271  218  273 
693  2424  273  275  271 
708  2424  219  276  220 
709  2424  276  232  220 
740  2424  277  219  221 
741  2424  223  277  221 
742  2424  278  219  277 
744  2424  216  279  280 
745  2424  279  216  218 
746  2424  222  279  218 
747  2424  280  281  282 
748  2424  281  280  279 
749  2424  281  279  222 
750  2424  222  283  281 
751  2424  284  283  285 
752  2424  283  284  281 
753  2424  284  282  281 
763  2424  284  286  282 
764  2424  286  284  285 
766  2424  287  282  286 
767  2424  288  287  286 
771  2424  289  262  247 
772  2424  246  289  247 
795  2424  221  290  224 
796  2424  290  221  225 
833  2424  291  266  265 
834  2424  268  291  265 
883  2424  292  293  270 
884  2424  272  292  270 
887  2424  294  272  271 
888  2424  275  294  271 
891  2424  295  277  223 
892  2424  278  277  295 
893  2424  295  296  278 
894  2424  295  223  270 
895  2424  270  293  295 
896  2424  297  275  273 
897  2424  274  297  273 
903  2424  298  276  219 
904  2424  298  219  278 
905  2424  278  299  298 
915  2424  300  299  278 
916  2424  296  300  278 
921  2424  301  290  302 
922  2424  290  301  224 
923  2424  225  303  290 
924  2424  303  302  290 
952  2424  304  288  286 
953  2424  285  304  286 
956  2424  224  305  222 
957  2424  305  283  222 
958  2424  283  306  285 
959  2424  306  283  305 
960  2424  307  225  220 
961  2424  229  307  220 
964  2424  308  226  244 
965  2424  308  244  257 
966  2424  257  259  308 
972  2424  229  309  307 
973  2424  226  310  227 
974  2424  310  229  227 
998  2424  311  229  310 
999  2424  309  229  311 
1000  2424  311  312  309 
1044  2424  228  313  233 
1045  2424  313  252  233 
1046  2424  313  228  231 
1047  2424  314  252  313 
1048  2424  231  314  313 
1053  2424  230  315  231 
1054  2424  316  317  315 
1055  2424  317  231  315 
1080  2424  232  318  227 
1081  2424  318  230  227 
1082  2424  232  319  318 
1102  2424  320  232  276 
1103  2424  319  232  320 
1104  2424  320  321  319 
1105  2424  298  322  320 
1106  2424  320  276  298 
1153  2424  251  323  234 
1154  2424  323  241  234 
1155  2424  251  324  323 
1158  2424  252  325  251 
1159  2424  324  251  325 
1160  2424  325  326  324 
1161  2424  327  240  241 
1162  2424  328  329  327 
1163  2424  241  328  327 
1171  2424  237  330  214 
1172  2424  330  267  214 
1173  2424  330  331  269 
1174  2424  269  267  330 
1180  2424  240  332  236 
1181  2424  332  237  236 
1182  2424  333  237  332 
1242  2424  334  296  295 
1243  2424  293  334  295 
1247  2424  335  322  298 
1248  2424  299  335  298 
1257  2424  336  302  303 
1258  2424  337  336  303 
1261  2424  338  339  301 
1262  2424  302  338  301 
1269  2424  340  285  306 
1270  2424  341  340  306 
1273  2424  342  305  224 
1274  2424  342  224  301 
1275  2424  301  339  342 
1276  2424  342  341  306 
1277  2424  306  305  342 
1283  2424  343  341  342 
1284  2424  339  343  342 
1287  2424  307  344  225 
1288  2424  344  307  309 
1289  2424  309  345  344 
1290  2424  303  225  344 
1291  2424  344  337  303 
1296  2424  346  347  308 
1297  2424  259  346  308 
1304  2424  348  310  226 
1305  2424  348  349  311 
1306  2424  311  310  348 
1307  2424  348  226  308 
1308  2424  308  347  348 
1309  2424  350  345  309 
1310  2424  312  350  309 
1323  2424  351  349  348 
1324  2424  347  351  348 
1338  2424  352  312  311 
1339  2424  349  352  311 
1400  2424  314  353  252 
1401  2424  353  354  325 
1402  2424  325  252  353 
1405  2424  355  354  353 
1406  2424  356  353  314 
1407  2424  231  317  356 
1408  2424  356  314  231 
1409  2424  356  357  355 
1410  2424  355  353  356 
1411  2424  316  358  317 
1414  2424  358  357  356 
1415  2424  356  317  358 
1444  2424  359  360  319 
1445  2424  321  359  319 
1449  2424  318  361  230 
1450  2424  315  230  361 
1451  2424  361  362  315 
1452  2424  319  360  361 
1453  2424  361  318  319 
1464  2424  363  362  361 
1465  2424  360  363  361 
1475  2424  364  316  315 
1476  2424  362  364  315 
1483  2424  365  321  320 
1484  2424  322  365  320 
1514  2424  366  367  324 
1515  2424  326  366  324 
1520  2424  368  326  325 
1521  2424  354  368  325 
1522  2424  369  329  328 
1523  2424  370  369  328 
1526  2424  323  371  241 
1527  2424  328  241  371 
1528  2424  371  370  328 
1529  2424  324  367  371 
1530  2424  371  323  324 
1533  2424  372  370  371 
1534  2424  367  372  371 
1535  2424  330  373  331 
1536  2424  373  330  237 
1537  2424  373  237  333 
1538  2424  333  374  373 
1543  2424  375  376  327 
1544  2424  329  375  327 
1549  2424  377  331  373 
1550  2424  374  377  373 
1556  2424  378  374  333 
1557  2424  379  378  333 
1560  2424  380  332  240 
1561  2424  380  379  333 
1562  2424  333  332  380 
1563  2424  380  240  327 
1564  2424  327  376  380 
1567  2424  381  379  380 
1568  2424  376  381  380 
1598  2424  253  382  245 
1599  2424  382  257  245 
1600  2424  257  382  260 
1604  2424  256  383  243 
1605  2424  383  254  243 
1606  2424  254  384  235 
1607  2424  384  253  235 
1608  2424  254  385  384 
1615  2424  253  386  387 
1616  2424  386  253  384 
1617  2424  385  388  386 
1618  2424  386  384  385 
1620  2424  256  389  383 
1621  2424  264  390  249 
1622  2424  390  248  249 
1623  2424  248  390  255 
1627  2424  255  391  239 
1628  2424  391  256  239 
1634  2424  255  392  391 
1635  2424  393  246  213 
1636  2424  215  393  213 
1641  2424  394  337  344 
1642  2424  345  394  344 
1661  2424  382  395  260 
1662  2424  395  382  253 
1663  2424  387  395  253 
1673  2424  396  388  385 
1674  2424  397  396  385 
1677  2424  383  398  254 
1678  2424  385  254  398 
1679  2424  398  397  385 
1680  2424  389  399  398 
1681  2424  398  383  389 
1684  2424  400  397  398 
1685  2424  399  400  398 
1686  2424  401  387  386 
1687  2424  388  401  386 
1690  2424  402  390  264 
1691  2424  390  402  255 
1692  2424  392  255  402 
1693  2424  402  403  392 
1698  2424  404  399  389 
1699  2424  405  404  389 
1704  2424  406  403  402 
1705  2424  264  406  402 
1706  2424  391  407  256 
1707  2424  389  256  407 
1708  2424  407  405  389 
1709  2424  392  408  407 
1710  2424  407  391  392 
1713  2424  409  405  407 
1714  2424  408  409  407 
1717  2424  410  408  392 
1718  2424  403  410  392 
1763  2424  411  260  395 
1764  2424  387  411  395 
E_MESH_DATA
