SolidID  2424   304 
h 336   -606012  0.999939  -0.200018  0.388471  0.921461  0.198509
h 338   -668762  0.999939  -0.0646794  0.388471  0.921461  0.11966
h 339   -686581  0.999939  -0.010433  0.388471  0.921461  0.0972694
h 341   -687367  0.999939  -0.00803375  0.388471  0.921461  0.0962814
h 342   -687122  0.999939  -0.00878236  0.388471  0.921461  0.0965897
h 343   -687217  0.999939  -0.00849346  0.388471  0.921461  0.0964707
h 344   -691540  0.999939  0.00628959  0.388471  0.921461  0.0910379
h 348   -687221  0.999939  -0.00848028  0.388471  0.921461  0.0964653
h 655   -631132  0.999939  -0.151761  0.388471  0.921461  0.166944
h 689   -694496  0.999939  0.0183625  0.388471  0.921461  0.0873234
h 692   -689250  0.999939  -0.00228974  0.388471  0.921461  0.093916
h 696   -687309  0.999939  -0.00821026  0.388471  0.921461  0.0963541
h 698   -687567  0.999939  -0.00742402  0.388471  0.921461  0.0960303
h 710   -687166  0.999939  -0.00864643  0.388471  0.921461  0.0965337
h 725   -686619  0.999939  -0.0103166  0.388471  0.921461  0.0972215
h 727   -688961  0.999939  -0.00317144  0.388471  0.921461  0.0942791
h 740   -686849  0.999939  -0.00961342  0.388471  0.921461  0.0969319
h 741   -683101  0.999939  -0.0210501  0.388471  0.921461  0.101642
h 742   -683334  0.999939  -0.0203397  0.388471  0.921461  0.101349
h 743   -685124  0.999939  -0.0148797  0.388471  0.921461  0.0991006
h 744   -687360  0.999939  -0.00805617  0.388471  0.921461  0.0962906
h 745   -687992  0.999939  -0.00612684  0.388471  0.921461  0.0954961
h 746   -686088  0.999939  -0.0119373  0.388471  0.921461  0.0978889
h 747   -688212  0.999939  -0.00545612  0.388471  0.921461  0.0952199
h 748   -689354  0.999939  -0.00197204  0.388471  0.921461  0.0937852
h 749   -687346  0.999939  -0.0080985  0.388471  0.921461  0.0963081
h 750   -687378  0.999939  -0.00799982  0.388471  0.921461  0.0962674
h 751   -687300  0.999939  -0.00823978  0.388471  0.921461  0.0963663
h 752   -687509  0.999939  -0.00760236  0.388471  0.921461  0.0961038
h 755   -690455  0.999939  0.00185999  0.388471  0.921461  0.0924008
h 759   -695137  0.999939  0.0209801  0.388471  0.921461  0.086518
h 796   -686814  0.999939  -0.00972116  0.388471  0.921461  0.0969763
h 797   -679544  0.999939  -0.0319052  0.388471  0.921461  0.106112
h 798   -687747  0.999939  -0.00687432  0.388471  0.921461  0.095804
h 799   -688543  0.999939  -0.00444646  0.388471  0.921461  0.0948042
h 802   -687450  0.999939  -0.00778043  0.388471  0.921461  0.0961771
h 806   -742376  0.999939  0.257842  0.388471  0.921461  0.0271594
h 886   -535894  0.999939  -0.318615  0.388471  0.921461  0.286617
h 889   -488709  0.999939  -0.393307  0.388471  0.921461  0.345908
h 890   -353295  0.999939  -0.589377  0.388471  0.921461  0.516064
h 891   -486182  0.999939  -0.397012  0.388471  0.921461  0.349083
h 896   -669913  0.999939  -0.0612932  0.388471  0.921461  0.118214
h 897   -652708  0.999939  -0.105022  0.388471  0.921461  0.139833
h 898   -677867  0.999939  -0.0370235  0.388471  0.921461  0.108219
h 900   -591459  0.999939  -0.22562  0.388471  0.921461  0.216796
h 901   -618699  0.999939  -0.1777  0.388471  0.921461  0.182567
h 902   -541869  0.999939  -0.308961  0.388471  0.921461  0.279109
h 942   -658339  0.999939  -0.090872  0.388471  0.921461  0.132757
h 958   -644754  0.999939  -0.123233  0.388471  0.921461  0.149827
h 959   -650926  0.999939  -0.1095  0.388471  0.921461  0.142072
h 960   -547468  0.999939  -0.299915  0.388471  0.921461  0.272073
h 961   -427788  0.999939  -0.482616  0.388471  0.921461  0.422458
h 962   -567767  0.999939  -0.267121  0.388471  0.921461  0.246566
h 963   -527807  0.999939  -0.331678  0.388471  0.921461  0.296778
h 964   -685284  0.999939  -0.014389  0.388471  0.921461  0.0988985
h 965   -683108  0.999939  -0.0210286  0.388471  0.921461  0.101633
h 972   -686466  0.999939  -0.0107825  0.388471  0.921461  0.0974134
h 973   -686860  0.999939  -0.00958089  0.388471  0.921461  0.0969185
h 999   -683751  0.999939  -0.0190672  0.388471  0.921461  0.100825
h 1016   -694121  0.999939  0.0168294  0.388471  0.921461  0.0877951
h 1017   -691160  0.999939  0.00473922  0.388471  0.921461  0.091515
h 1033   -660722  0.999939  -0.0848836  0.388471  0.921461  0.129763
h 1034   -639439  0.999939  -0.134365  0.388471  0.921461  0.156506
h 1035   -671268  0.999939  -0.05716  0.388471  0.921461  0.116512
h 1036   -669932  0.999939  -0.0612363  0.388471  0.921461  0.11819
h 1037   -675641  0.999939  -0.0438139  0.388471  0.921461  0.111016
h 1038   -691704  0.999939  0.0069589  0.388471  0.921461  0.090832
h 1039   -706297  0.999939  0.0679857  0.388471  0.921461  0.0724952
h 1040   -736334  0.999939  0.219622  0.388471  0.921461  0.0347521
h 1041   -721177  0.999939  0.136975  0.388471  0.921461  0.0537968
h 1042   -714366  0.999939  0.104146  0.388471  0.921461  0.0623558
h 1043   -701067  0.999939  0.0451981  0.388471  0.921461  0.0790667
h 1044   -706809  0.999939  0.0702447  0.388471  0.921461  0.071852
h 1048   -688835  0.999939  -0.00355486  0.388471  0.921461  0.094437
h 1049   -688079  0.999939  -0.00586076  0.388471  0.921461  0.0953866
h 1050   -688262  0.999939  -0.00530359  0.388471  0.921461  0.0951571
h 1061   -687412  0.999939  -0.00789575  0.388471  0.921461  0.0962246
h 1062   -687554  0.999939  -0.00746398  0.388471  0.921461  0.0960468
h 1063   -687722  0.999939  -0.00695074  0.388471  0.921461  0.0958354
h 1064   -687986  0.999939  -0.00614662  0.388471  0.921461  0.0955043
h 1065   -688043  0.999939  -0.00597137  0.388471  0.921461  0.0954321
h 1078   -687447  0.999939  -0.00779076  0.388471  0.921461  0.0961813
h 1079   -687503  0.999939  -0.00761892  0.388471  0.921461  0.0961106
h 1086   -759233  0.999939  0.408988  0.388471  0.921461  0.00597813
h 1087   -763976  0.999939  0.625905  0.388471  0.921461  1.73806e-05
h 1093   -698206  0.999939  0.0335145  0.388471  0.921461  0.0826615
h 1094   -694740  0.999939  0.0193595  0.388471  0.921461  0.0870166
h 1095   -706150  0.999939  0.0673397  0.388471  0.921461  0.0726792
h 1096   -718227  0.999939  0.122753  0.388471  0.921461  0.0575046
h 1097   -746100  0.999939  0.283722  0.388471  0.921461  0.0224806
h 1098   -736903  0.999939  0.223047  0.388471  0.921461  0.0340368
h 1101   -721164  0.999939  0.136912  0.388471  0.921461  0.0538131
h 1102   -732891  0.999939  0.198908  0.388471  0.921461  0.0390776
h 1149   -274520  0.999939  -0.69736  0.388471  0.921461  0.615049
h 1150   -422603  0.999939  -0.490216  0.388471  0.921461  0.428973
h 1192   -668267  0.999939  -0.0659231  0.388471  0.921461  0.120282
h 1193   -659254  0.999939  -0.0885733  0.388471  0.921461  0.131608
h 1200   -634165  0.999939  -0.145409  0.388471  0.921461  0.163133
h 1201   -580148  0.999939  -0.245517  0.388471  0.921461  0.231009
h 1204   -679162  0.999939  -0.0330708  0.388471  0.921461  0.106592
h 1205   -681338  0.999939  -0.0264298  0.388471  0.921461  0.103857
h 1206   -680806  0.999939  -0.0280552  0.388471  0.921461  0.104526
h 1207   -673683  0.999939  -0.0497881  0.388471  0.921461  0.113476
h 1208   -672421  0.999939  -0.0536417  0.388471  0.921461  0.115063
h 1213   -392253  0.999939  -0.534708  0.388471  0.921461  0.46711
h 1214   -139927  0.999939  -0.880943  0.388471  0.921461  0.784173
h 1218   -678978  0.999939  -0.0336329  0.388471  0.921461  0.106823
h 1219   -675996  0.999939  -0.0427326  0.388471  0.921461  0.11057
h 1225   -685720  0.999939  -0.0130602  0.388471  0.921461  0.0983513
h 1226   -684706  0.999939  -0.0161545  0.388471  0.921461  0.0996255
h 1227   -684446  0.999939  -0.0169485  0.388471  0.921461  0.0999525
h 1238   -683623  0.999939  -0.0194572  0.388471  0.921461  0.100986
h 1239   -682323  0.999939  -0.0234261  0.388471  0.921461  0.10262
h 1240   -749389  0.999939  0.309282  0.388471  0.921461  0.0183467
h 1241   -754102  0.999939  0.35021  0.388471  0.921461  0.0124244
h 1249   -763979  0.999939  0.680723  0.388471  0.921461  1.44195e-05
h 1250   -763981  0.999939  0.730082  0.388471  0.921461  1.14185e-05
h 1258   -763983  0.999939  0.759266  0.388471  0.921461  9.6054e-06
h 1259   -763975  0.999939  0.602721  0.388471  0.921461  1.89872e-05
h 1262   -694901  0.999939  0.0200173  0.388471  0.921461  0.0868142
h 1263   -696455  0.999939  0.0263624  0.388471  0.921461  0.084862
h 1264   -691592  0.999939  0.00650076  0.388471  0.921461  0.090973
h 1265   -693049  0.999939  0.012452  0.388471  0.921461  0.0891419
h 1270   -703887  0.999939  0.0573519  0.388471  0.921461  0.0755233
h 1271   -700306  0.999939  0.0420904  0.388471  0.921461  0.0800228
h 1272   -700959  0.999939  0.0447564  0.388471  0.921461  0.0792026
h 1273   -730399  0.999939  0.185184  0.388471  0.921461  0.0422097
h 1274   -715578  0.999939  0.109988  0.388471  0.921461  0.0608327
h 1275   -714051  0.999939  0.10263  0.388471  0.921461  0.062751
h 1276   -711104  0.999939  0.0891991  0.388471  0.921461  0.0664545
h 1280   -710100  0.999939  0.0847673  0.388471  0.921461  0.0677165
h 1281   -704579  0.999939  0.0604046  0.388471  0.921461  0.074654
h 1296   -689556  0.999939  -0.00135389  0.388471  0.921461  0.0935306
h 1297   -688907  0.999939  -0.00333626  0.388471  0.921461  0.094347
h 1298   -689021  0.999939  -0.00298774  0.388471  0.921461  0.0942035
h 1299   -690568  0.999939  0.00231956  0.388471  0.921461  0.0922594
h 1300   -690780  0.999939  0.00318486  0.388471  0.921461  0.0919932
h 1304   -687393  0.999939  -0.00795496  0.388471  0.921461  0.096249
h 1305   -687416  0.999939  -0.00788569  0.388471  0.921461  0.0962204
h 1306   -687428  0.999939  -0.00784828  0.388471  0.921461  0.096205
h 1319   -687471  0.999939  -0.00771659  0.388471  0.921461  0.0961508
h 1320   -687631  0.999939  -0.0072299  0.388471  0.921461  0.0959504
h 1321   -687602  0.999939  -0.00731739  0.388471  0.921461  0.0959864
h 1322   -687434  0.999939  -0.00782874  0.388471  0.921461  0.096197
h 1323   -687454  0.999939  -0.00777003  0.388471  0.921461  0.0961728
h 1324   -688642  0.999939  -0.00414412  0.388471  0.921461  0.0946797
h 1325   -688268  0.999939  -0.00528522  0.388471  0.921461  0.0951496
h 1352   -687888  0.999939  -0.00644476  0.388471  0.921461  0.0956271
h 1353   -687730  0.999939  -0.00692711  0.388471  0.921461  0.0958257
h 1404   -687170  0.999939  -0.00863487  0.388471  0.921461  0.096529
h 1405   -687033  0.999939  -0.00905363  0.388471  0.921461  0.0967014
h 1406   -687158  0.999939  -0.00867087  0.388471  0.921461  0.0965438
h 1407   -687008  0.999939  -0.00912868  0.388471  0.921461  0.0967323
h 1408   -687095  0.999939  -0.00886294  0.388471  0.921461  0.0966229
h 1413   -687117  0.999939  -0.00879843  0.388471  0.921461  0.0965963
h 1414   -687084  0.999939  -0.00889935  0.388471  0.921461  0.0966379
h 1415   -687101  0.999939  -0.0088466  0.388471  0.921461  0.0966161
h 1452   -687077  0.999939  -0.00891925  0.388471  0.921461  0.0966461
h 1453   -687139  0.999939  -0.00872866  0.388471  0.921461  0.0965676
h 1454   -686923  0.999939  -0.00938776  0.388471  0.921461  0.096839
h 1477   -686593  0.999939  -0.0103972  0.388471  0.921461  0.0972547
h 1478   -686733  0.999939  -0.00997029  0.388471  0.921461  0.0970789
h 1479   -686655  0.999939  -0.0102063  0.388471  0.921461  0.0971761
h 1480   -686020  0.999939  -0.0121447  0.388471  0.921461  0.0979743
h 1481   -686133  0.999939  -0.0117991  0.388471  0.921461  0.097832
h 1516   -686195  0.999939  -0.0116096  0.388471  0.921461  0.0977539
h 1517   -685477  0.999939  -0.0138009  0.388471  0.921461  0.0986563
h 1518   -686187  0.999939  -0.0116339  0.388471  0.921461  0.097764
h 1521   -686694  0.999939  -0.010087  0.388471  0.921461  0.0971269
h 1522   -686500  0.999939  -0.0106812  0.388471  0.921461  0.0973716
h 1523   -686498  0.999939  -0.0106849  0.388471  0.921461  0.0973731
h 1524   -682407  0.999939  -0.0231697  0.388471  0.921461  0.102514
h 1525   -682434  0.999939  -0.0230866  0.388471  0.921461  0.10248
h 1526   -683046  0.999939  -0.0212206  0.388471  0.921461  0.101712
h 1534   -659989  0.999939  -0.0867263  0.388471  0.921461  0.130684
h 1535   -636311  0.999939  -0.140916  0.388471  0.921461  0.160437
h 1541   -679909  0.999939  -0.0307908  0.388471  0.921461  0.105653
h 1542   -676586  0.999939  -0.0409309  0.388471  0.921461  0.109828
h 1543   -671741  0.999939  -0.0557157  0.388471  0.921461  0.115917
h 1544   -661978  0.999939  -0.0817279  0.388471  0.921461  0.128185
h 1545   -656004  0.999939  -0.0967386  0.388471  0.921461  0.135691
h 1578   -687662  0.999939  -0.00713333  0.388471  0.921461  0.0959106
h 1579   -687525  0.999939  -0.00755268  0.388471  0.921461  0.0960833
h 1580   -687544  0.999939  -0.00749496  0.388471  0.921461  0.0960595
h 1584   -688357  0.999939  -0.00501489  0.388471  0.921461  0.0950382
h 1585   -688006  0.999939  -0.00608547  0.388471  0.921461  0.0954791
h 1586   -687927  0.999939  -0.00632454  0.388471  0.921461  0.0955776
h 1587   -688045  0.999939  -0.00596532  0.388471  0.921461  0.0954296
h 1588   -690230  0.999939  0.000938334  0.388471  0.921461  0.0926844
h 1589   -689305  0.999939  -0.00212156  0.388471  0.921461  0.0938468
h 1590   -688551  0.999939  -0.0044214  0.388471  0.921461  0.0947938
h 1591   -688320  0.999939  -0.005127  0.388471  0.921461  0.0950844
h 1592   -688292  0.999939  -0.0052128  0.388471  0.921461  0.0951197
h 1600   -690758  0.999939  0.00309375  0.388471  0.921461  0.0920212
h 1601   -700725  0.999939  0.0438027  0.388471  0.921461  0.079496
h 1602   -704047  0.999939  0.058056  0.388471  0.921461  0.0753228
h 1603   -712828  0.999939  0.0968081  0.388471  0.921461  0.0642878
h 1604   -714741  0.999939  0.105956  0.388471  0.921461  0.0618839
h 1625   -685652  0.999939  -0.0132675  0.388471  0.921461  0.0984367
h 1626   -685073  0.999939  -0.0150331  0.388471  0.921461  0.0991638
h 1633   -692625  0.999939  0.0107225  0.388471  0.921461  0.089674
h 1634   -691527  0.999939  0.00623564  0.388471  0.921461  0.0910545
h 1637   -698441  0.999939  0.0344753  0.388471  0.921461  0.0823659
h 1638   -695849  0.999939  0.0238877  0.388471  0.921461  0.0856234
h 1642   -733084  0.999939  0.20007  0.388471  0.921461  0.038835
h 1643   -722896  0.999939  0.145256  0.388471  0.921461  0.0516379
h 1646   -762608  0.999939  0.469909  0.388471  0.921461  0.00173688
h 1647   -758994  0.999939  0.405544  0.388471  0.921461  0.00627837
h 1650   -690230  0.999939  0.000937744  0.388471  0.921461  0.0926846
h 1651   -689530  0.999939  -0.00143523  0.388471  0.921461  0.0935641
h 1658   -687435  0.999939  -0.00782594  0.388471  0.921461  0.0961958
h 1659   -687422  0.999939  -0.00786702  0.388471  0.921461  0.0962128
h 1666   -687563  0.999939  -0.00743561  0.388471  0.921461  0.0960351
h 1667   -687495  0.999939  -0.00764236  0.388471  0.921461  0.0961202
h 1715   -686954  0.999939  -0.00929492  0.388471  0.921461  0.0968008
h 1716   -686844  0.999939  -0.00963125  0.388471  0.921461  0.0969393
h 1717   -686850  0.999939  -0.00961309  0.388471  0.921461  0.0969318
h 1720   -686926  0.999939  -0.00937856  0.388471  0.921461  0.0968352
h 1721   -687014  0.999939  -0.0091102  0.388471  0.921461  0.0967247
h 1722   -687084  0.999939  -0.00889661  0.388471  0.921461  0.0966367
h 1723   -687074  0.999939  -0.00892746  0.388471  0.921461  0.0966494
h 1724   -687012  0.999939  -0.00911847  0.388471  0.921461  0.0967281
h 1725   -686992  0.999939  -0.00917844  0.388471  0.921461  0.0967528
h 1726   -687073  0.999939  -0.00893248  0.388471  0.921461  0.0966515
h 1729   -687046  0.999939  -0.0090144  0.388471  0.921461  0.0966852
h 1730   -687066  0.999939  -0.00895164  0.388471  0.921461  0.0966594
h 1761   -686837  0.999939  -0.0096516  0.388471  0.921461  0.0969476
h 1762   -686734  0.999939  -0.00996623  0.388471  0.921461  0.0970772
h 1766   -687064  0.999939  -0.00896008  0.388471  0.921461  0.0966629
h 1767   -687076  0.999939  -0.00892289  0.388471  0.921461  0.0966476
h 1768   -687050  0.999939  -0.00900146  0.388471  0.921461  0.0966799
h 1769   -686925  0.999939  -0.00938376  0.388471  0.921461  0.0968373
h 1770   -686966  0.999939  -0.00925905  0.388471  0.921461  0.096786
h 1782   -687009  0.999939  -0.00912807  0.388471  0.921461  0.0967321
h 1783   -686960  0.999939  -0.00927663  0.388471  0.921461  0.0967932
h 1788   -687073  0.999939  -0.00893125  0.388471  0.921461  0.096651
h 1789   -687060  0.999939  -0.00897176  0.388471  0.921461  0.0966677
h 1797   -686478  0.999939  -0.0107469  0.388471  0.921461  0.0973987
h 1798   -686263  0.999939  -0.0114024  0.388471  0.921461  0.0976686
h 1829   -686166  0.999939  -0.0116977  0.388471  0.921461  0.0977902
h 1830   -686382  0.999939  -0.0110404  0.388471  0.921461  0.0975195
h 1835   -686667  0.999939  -0.0101711  0.388471  0.921461  0.0971616
h 1836   -686779  0.999939  -0.00982743  0.388471  0.921461  0.0970201
h 1837   -683294  0.999939  -0.0204613  0.388471  0.921461  0.101399
h 1838   -684106  0.999939  -0.0179857  0.388471  0.921461  0.10038
h 1841   -685215  0.999939  -0.0146019  0.388471  0.921461  0.0989862
h 1842   -684497  0.999939  -0.0167905  0.388471  0.921461  0.0998874
h 1843   -684533  0.999939  -0.0166809  0.388471  0.921461  0.0998423
h 1844   -685839  0.999939  -0.0126966  0.388471  0.921461  0.0982016
h 1845   -685831  0.999939  -0.0127223  0.388471  0.921461  0.0982121
h 1848   -685202  0.999939  -0.0146409  0.388471  0.921461  0.0990022
h 1849   -685621  0.999939  -0.0133607  0.388471  0.921461  0.098475
h 1850   -614989  0.999939  -0.184227  0.388471  0.921461  0.187229
h 1851   -638941  0.999939  -0.135407  0.388471  0.921461  0.157132
h 1858   -679920  0.999939  -0.0307593  0.388471  0.921461  0.10564
h 1859   -681562  0.999939  -0.0257485  0.388471  0.921461  0.103576
h 1867   -659017  0.999939  -0.0891665  0.388471  0.921461  0.131905
h 1868   -666454  0.999939  -0.0704793  0.388471  0.921461  0.12256
h 1871   -678037  0.999939  -0.0365036  0.388471  0.921461  0.108005
h 1872   -671936  0.999939  -0.0551199  0.388471  0.921461  0.115671
h 1873   -673794  0.999939  -0.0494502  0.388471  0.921461  0.113337
h 1874   -679622  0.999939  -0.0316673  0.388471  0.921461  0.106014
h 1875   -678834  0.999939  -0.0340728  0.388471  0.921461  0.107004
h 1878   -673446  0.999939  -0.0505126  0.388471  0.921461  0.113774
h 1879   -676322  0.999939  -0.0417382  0.388471  0.921461  0.110161
h 1905   -687636  0.999939  -0.00721336  0.388471  0.921461  0.0959436
h 1906   -687717  0.999939  -0.00696564  0.388471  0.921461  0.0958416
h 1907   -687797  0.999939  -0.00672361  0.388471  0.921461  0.0957419
h 1917   -688533  0.999939  -0.00447496  0.388471  0.921461  0.0948159
h 1918   -688887  0.999939  -0.00339515  0.388471  0.921461  0.0943712
h 1921   -689489  0.999939  -0.0015578  0.388471  0.921461  0.0936146
h 1922   -689036  0.999939  -0.00294134  0.388471  0.921461  0.0941844
h 1923   -689150  0.999939  -0.00259224  0.388471  0.921461  0.0940406
h 1924   -690475  0.999939  0.00193849  0.388471  0.921461  0.0923767
h 1925   -690289  0.999939  0.00118189  0.388471  0.921461  0.0926095
h 1928   -689646  0.999939  -0.00108017  0.388471  0.921461  0.0934179
h 1929   -690187  0.999939  0.000765059  0.388471  0.921461  0.0927377
h 1930   -687966  0.999939  -0.0062057  0.388471  0.921461  0.0955286
h 1931   -688148  0.999939  -0.00565093  0.388471  0.921461  0.0953002
h 1934   -707677  0.999939  0.0740752  0.388471  0.921461  0.0707612
h 1935   -702506  0.999939  0.0512559  0.388471  0.921461  0.0772592
h 1938   -691117  0.999939  0.00456313  0.388471  0.921461  0.0915691
h 1939   -691834  0.999939  0.00748945  0.388471  0.921461  0.0906688
h 1945   -694319  0.999939  0.0176409  0.388471  0.921461  0.0875454
h 1946   -692139  0.999939  0.00873449  0.388471  0.921461  0.0902857
h 1954   -696348  0.999939  0.0259236  0.388471  0.921461  0.084997
h 1955   -700066  0.999939  0.0411093  0.388471  0.921461  0.0803247
h 1956   -701346  0.999939  0.0463393  0.388471  0.921461  0.0787155
h 1957   -657263  0.999939  -0.0935755  0.388471  0.921461  0.134109
h 1959   -702102  0.999939  0.0494769  0.388471  0.921461  0.0777658
h 1960   -692551  0.999939  0.0104171  0.388471  0.921461  0.089768
h 1978   -687650  0.999939  -0.00716994  0.388471  0.921461  0.0959257
h 1979   -687738  0.999939  -0.00690263  0.388471  0.921461  0.0958156
h 1982   -704650  0.999939  0.0607191  0.388471  0.921461  0.0745644
h 1983   -708013  0.999939  0.0755593  0.388471  0.921461  0.0703386
h 1986   -692801  0.999939  0.0114374  0.388471  0.921461  0.0894541
h 1987   -691927  0.999939  0.00786975  0.388471  0.921461  0.0905518
h 1988   -692343  0.999939  0.00956682  0.388471  0.921461  0.0900296
h 1989   -695614  0.999939  0.0229293  0.388471  0.921461  0.0859183
h 1990   -694949  0.999939  0.0202131  0.388471  0.921461  0.086754
h 1993   -693530  0.999939  0.0144163  0.388471  0.921461  0.0885375
h 1994   -694758  0.999939  0.0194336  0.388471  0.921461  0.0869938
h 1997   -697630  0.999939  0.0311606  0.388471  0.921461  0.0833857
h 1998   -699800  0.999939  0.0400233  0.388471  0.921461  0.0806588
SolidID  2745   14 
h 321   -687712  0.999939  -0.00698062  0.921461  0.388471  0.0958477
h 322   -687712  0.999939  -0.00698168  0.921461  0.388471  0.0958482
h 323   -687738  0.999939  -0.00690266  0.921461  0.388471  0.0958156
h 324   -687714  0.999939  -0.00697694  0.921461  0.388471  0.0958462
h 325   -687724  0.999939  -0.00694486  0.921461  0.388471  0.095833
h 326   -687735  0.999939  -0.0069118  0.921461  0.388471  0.0958194
h 327   -687727  0.999939  -0.00693707  0.921461  0.388471  0.0958298
h 328   -687734  0.999939  -0.00691401  0.921461  0.388471  0.0958203
h 329   -687745  0.999939  -0.00688115  0.921461  0.388471  0.0958068
h 330   -687716  0.999939  -0.0069693  0.921461  0.388471  0.0958431
h 331   -687753  0.999939  -0.00685603  0.921461  0.388471  0.0957964
h 332   -687705  0.999939  -0.00700342  0.921461  0.388471  0.0958571
h 333   -687755  0.999939  -0.00684918  0.921461  0.388471  0.0957936
h 334   -687698  0.999939  -0.00702405  0.921461  0.388471  0.0958656
SolidID  2373   318 
h 319   -687741  0.999939  -0.00689408  0.921461  0.388471  0.0958121
h 320   -687732  0.999939  -0.0069207  0.921461  0.388471  0.0958231
h 335   -604807  0.999939  -0.202139  0.921461  0.388471  0.200024
h 340   -687715  0.999939  -0.00697265  0.921461  0.388471  0.0958444
h 347   -687593  0.999939  -0.00734547  0.921461  0.388471  0.095998
h 349   -691129  0.999939  0.00460912  0.921461  0.388471  0.091555
h 350   -687923  0.999939  -0.0063371  0.921461  0.388471  0.0955827
h 650   -687432  0.999939  -0.00783741  0.921461  0.388471  0.0962006
h 651   -687636  0.999939  -0.00721468  0.921461  0.388471  0.0959441
h 652   -687642  0.999939  -0.00719519  0.921461  0.388471  0.0959361
h 653   -687629  0.999939  -0.00723483  0.921461  0.388471  0.0959524
h 657   -689373  0.999939  -0.00191363  0.921461  0.388471  0.0937611
h 694   -687785  0.999939  -0.00675964  0.921461  0.388471  0.0957567
h 695   -687790  0.999939  -0.00674501  0.921461  0.388471  0.0957507
h 699   -625825  0.999939  -0.162874  0.921461  0.388471  0.173612
h 700   -686619  0.999939  -0.010318  0.921461  0.388471  0.0972221
h 701   -687415  0.999939  -0.00788831  0.921461  0.388471  0.0962215
h 702   -685082  0.999939  -0.0150067  0.921461  0.388471  0.0991529
h 703   -685091  0.999939  -0.0149791  0.921461  0.388471  0.0991415
h 717   -687680  0.999939  -0.00707864  0.921461  0.388471  0.0958881
h 718   -687662  0.999939  -0.00713281  0.921461  0.388471  0.0959104
h 731   -687789  0.999939  -0.00674631  0.921461  0.388471  0.0957512
h 732   -687788  0.999939  -0.00675082  0.921461  0.388471  0.0957531
h 733   -687784  0.999939  -0.00676187  0.921461  0.388471  0.0957577
h 734   -687830  0.999939  -0.00662031  0.921461  0.388471  0.0956994
h 735   -689228  0.999939  -0.00235686  0.921461  0.388471  0.0939437
h 736   -688055  0.999939  -0.00593554  0.921461  0.388471  0.0954174
h 737   -688195  0.999939  -0.00550887  0.921461  0.388471  0.0952417
h 760   -687238  0.999939  -0.00842923  0.921461  0.388471  0.0964443
h 761   -690163  0.999939  0.000666164  0.921461  0.388471  0.0927681
h 762   -686450  0.999939  -0.0108329  0.921461  0.388471  0.0974341
h 763   -688281  0.999939  -0.00524432  0.921461  0.388471  0.0951327
h 764   -682800  0.999939  -0.0219685  0.921461  0.388471  0.10202
h 765   -684820  0.999939  -0.015806  0.921461  0.388471  0.099482
h 766   -680617  0.999939  -0.0286305  0.921461  0.388471  0.104763
h 771   -684269  0.999939  -0.0174884  0.921461  0.388471  0.100175
h 772   -688494  0.999939  -0.00459532  0.921461  0.388471  0.0948655
h 773   -692886  0.999939  0.0117864  0.921461  0.388471  0.0893467
h 774   -677418  0.999939  -0.0383924  0.921461  0.388471  0.108783
h 800   -643222  0.999939  -0.126443  0.921461  0.388471  0.151753
h 804   -741557  0.999939  0.252147  0.921461  0.388471  0.0281889
h 805   -746518  0.999939  0.286628  0.921461  0.388471  0.0219553
h 826   -653772  0.999939  -0.102349  0.921461  0.388471  0.138496
h 827   -700344  0.999939  0.0422444  0.921461  0.388471  0.0799755
h 828   -691071  0.999939  0.00437596  0.921461  0.388471  0.0916267
h 844   -658473  0.999939  -0.0905343  0.921461  0.388471  0.132588
h 845   -680742  0.999939  -0.0282505  0.921461  0.388471  0.104607
h 846   -667990  0.999939  -0.0666191  0.921461  0.388471  0.12063
h 847   -649181  0.999939  -0.113886  0.921461  0.388471  0.144265
h 848   -728492  0.999939  0.175006  0.921461  0.388471  0.0446055
h 849   -710990  0.999939  0.0886961  0.921461  0.388471  0.0665978
h 850   -694883  0.999939  0.0199429  0.921461  0.388471  0.0868371
h 851   -692601  0.999939  0.010623  0.921461  0.388471  0.0897047
h 862   -724717  0.999939  0.154853  0.921461  0.388471  0.0493497
h 864   -687585  0.999939  -0.00736836  0.921461  0.388471  0.0960074
h 865   -687659  0.999939  -0.00714281  0.921461  0.388471  0.0959145
h 866   -687660  0.999939  -0.00713908  0.921461  0.388471  0.095913
h 867   -687664  0.999939  -0.00712808  0.921461  0.388471  0.0959085
h 868   -687616  0.999939  -0.00727518  0.921461  0.388471  0.095969
h 870   -687287  0.999939  -0.00827918  0.921461  0.388471  0.0963825
h 871   -687458  0.999939  -0.00775793  0.921461  0.388471  0.0961678
h 872   -687399  0.999939  -0.00793752  0.921461  0.388471  0.0962418
h 873   -687357  0.999939  -0.00806489  0.921461  0.388471  0.0962942
h 882   -542171  0.999939  -0.308474  0.921461  0.388471  0.27873
h 883   -424869  0.999939  -0.486895  0.921461  0.388471  0.426126
h 903   -689463  0.999939  -0.00163781  0.921461  0.388471  0.0936476
h 904   -700175  0.999939  0.0415545  0.921461  0.388471  0.0801877
h 905   -694957  0.999939  0.0202429  0.921461  0.388471  0.0867448
h 906   -710101  0.999939  0.084772  0.921461  0.388471  0.0677152
h 907   -702374  0.999939  0.0506746  0.921461  0.388471  0.0774247
h 908   -689903  0.999939  -0.000297325  0.921461  0.388471  0.0930955
h 909   -694132  0.999939  0.0168766  0.921461  0.388471  0.0877806
h 910   -691674  0.999939  0.00683855  0.921461  0.388471  0.090869
h 911   -692334  0.999939  0.00953038  0.921461  0.388471  0.0900408
h 912   -690767  0.999939  0.0031317  0.921461  0.388471  0.0920096
h 913   -690844  0.999939  0.00344802  0.921461  0.388471  0.0919122
h 970   -687148  0.999939  -0.00870373  0.921461  0.388471  0.0965573
h 971   -686674  0.999939  -0.01015  0.921461  0.388471  0.0971529
h 998   -684256  0.999939  -0.0175285  0.921461  0.388471  0.100191
h 1045   -688411  0.999939  -0.0048482  0.921461  0.388471  0.0949696
h 1046   -689654  0.999939  -0.00105644  0.921461  0.388471  0.0934082
h 1047   -688418  0.999939  -0.00482591  0.921461  0.388471  0.0949604
h 1058   -687987  0.999939  -0.00614347  0.921461  0.388471  0.095503
h 1059   -687880  0.999939  -0.00646991  0.921461  0.388471  0.0956374
h 1060   -688143  0.999939  -0.00566703  0.921461  0.388471  0.0953068
h 1082   -763976  0.999939  0.623754  0.921461  0.388471  1.75297e-05
h 1083   -759083  0.999939  0.406837  0.921461  0.388471  0.00616571
h 1090   -719320  0.999939  0.128024  0.921461  0.388471  0.0561305
h 1091   -732978  0.999939  0.199428  0.921461  0.388471  0.0389692
h 1092   -716628  0.999939  0.115047  0.921461  0.388471  0.0595136
h 1104   -732121  0.999939  0.19438  0.921461  0.388471  0.0400449
h 1105   -720778  0.999939  0.135052  0.921461  0.388471  0.0542981
h 1113   -747807  0.999939  0.296141  0.921461  0.388471  0.0203346
h 1116   -687477  0.999939  -0.00769874  0.921461  0.388471  0.0961435
h 1117   -687531  0.999939  -0.00753431  0.921461  0.388471  0.0960757
h 1120   -687528  0.999939  -0.00754375  0.921461  0.388471  0.0960796
h 1121   -687495  0.999939  -0.00764401  0.921461  0.388471  0.0961209
h 1122   -686044  0.999939  -0.0120725  0.921461  0.388471  0.0979446
h 1131   -687357  0.999939  -0.00806435  0.921461  0.388471  0.096294
h 1132   -687214  0.999939  -0.00850212  0.921461  0.388471  0.0964743
h 1135   -687019  0.999939  -0.0090973  0.921461  0.388471  0.0967194
h 1136   -686451  0.999939  -0.0108308  0.921461  0.388471  0.0974332
h 1137   -686190  0.999939  -0.0116263  0.921461  0.388471  0.0977608
h 1138   -687095  0.999939  -0.00886389  0.921461  0.388471  0.0966233
h 1139   -687158  0.999939  -0.00867225  0.921461  0.388471  0.0965443
h 1140   -153282  0.999939  -0.863278  0.921461  0.388471  0.767391
h 1141   -412037  0.999939  -0.505706  0.921461  0.388471  0.442251
h 1153   -704619  0.999939  0.0605836  0.921461  0.388471  0.074603
h 1154   -709735  0.999939  0.0831588  0.921461  0.388471  0.0681746
h 1155   -699069  0.999939  0.037037  0.921461  0.388471  0.0815777
h 1156   -699958  0.999939  0.0406688  0.921461  0.388471  0.0804602
h 1160   -692491  0.999939  0.0101741  0.921461  0.388471  0.0898428
h 1161   -691439  0.999939  0.00587867  0.921461  0.388471  0.0911644
h 1164   -696491  0.999939  0.0265087  0.921461  0.388471  0.084817
h 1165   -693642  0.999939  0.0148754  0.921461  0.388471  0.0883963
h 1166   -693381  0.999939  0.0138061  0.921461  0.388471  0.0887253
h 1170   -690175  0.999939  0.00071552  0.921461  0.388471  0.092753
h 1175   -696912  0.999939  0.0282282  0.921461  0.388471  0.0842879
h 1176   -694794  0.999939  0.0195804  0.921461  0.388471  0.0869487
h 1222   -686069  0.999939  -0.0119956  0.921461  0.388471  0.0979129
h 1223   -685070  0.999939  -0.0150434  0.921461  0.388471  0.099168
h 1224   -684846  0.999939  -0.0157258  0.921461  0.388471  0.099449
h 1234   -682781  0.999939  -0.0220277  0.921461  0.388471  0.102044
h 1235   -684065  0.999939  -0.0181089  0.921461  0.388471  0.10043
h 1242   -763493  0.999939  0.499443  0.921461  0.388471  0.000624984
h 1243   -757316  0.999939  0.383834  0.921461  0.388471  0.00838655
h 1244   -748229  0.999939  0.299644  0.921461  0.388471  0.0198046
h 1246   -763983  0.999939  0.760083  0.921461  0.388471  9.56839e-06
h 1247   -763980  0.999939  0.706397  0.921461  0.388471  1.30597e-05
h 1251   -763975  0.999939  0.598684  0.921461  0.388471  1.92669e-05
h 1252   -763982  0.999939  0.757153  0.921461  0.388471  9.70108e-06
h 1303   -687871  0.999939  -0.00649787  0.921461  0.388471  0.0956489
h 1311   -687936  0.999939  -0.00629754  0.921461  0.388471  0.0955664
h 1312   -687907  0.999939  -0.00638594  0.921461  0.388471  0.0956028
h 1313   -687926  0.999939  -0.0063274  0.921461  0.388471  0.0955787
h 1314   -688092  0.999939  -0.00582081  0.921461  0.388471  0.0953701
h 1315   -688056  0.999939  -0.00593318  0.921461  0.388471  0.0954164
h 1316   -688696  0.999939  -0.00397904  0.921461  0.388471  0.0946117
h 1317   -688431  0.999939  -0.00478877  0.921461  0.388471  0.0949451
h 1318   -688518  0.999939  -0.00452238  0.921461  0.388471  0.0948354
h 1330   -688753  0.999939  -0.00380465  0.921461  0.388471  0.0945399
h 1331   -689121  0.999939  -0.00268198  0.921461  0.388471  0.0940776
h 1343   -688203  0.999939  -0.00548269  0.921461  0.388471  0.0952309
h 1344   -688362  0.999939  -0.00499838  0.921461  0.388471  0.0950314
h 1368   -683557  0.999939  -0.0196593  0.921461  0.388471  0.101069
h 1369   -684955  0.999939  -0.0153936  0.921461  0.388471  0.0993122
h 1370   -682809  0.999939  -0.021943  0.921461  0.388471  0.102009
h 1371   -682458  0.999939  -0.0230133  0.921461  0.388471  0.10245
h 1372   -656294  0.999939  -0.0960108  0.921461  0.388471  0.135327
h 1373   -673740  0.999939  -0.0496159  0.921461  0.388471  0.113405
h 1374   -686277  0.999939  -0.0113589  0.921461  0.388471  0.0976507
h 1375   -686831  0.999939  -0.00966939  0.921461  0.388471  0.096955
h 1376   -633165  0.999939  -0.147503  0.921461  0.388471  0.164389
h 1377   -655502  0.999939  -0.0980017  0.921461  0.388471  0.136322
h 1379   -534434  0.999939  -0.320973  0.921461  0.388471  0.288451
h 1382   -343793  0.999939  -0.602402  0.921461  0.388471  0.528004
h 1383   -489219  0.999939  -0.392559  0.921461  0.388471  0.345266
h 1384   -599970  0.999939  -0.210647  0.921461  0.388471  0.206101
h 1385   -584103  0.999939  -0.238559  0.921461  0.388471  0.226039
h 1386   -528050  0.999939  -0.331286  0.921461  0.388471  0.296473
h 1387   -489308  0.999939  -0.39243  0.921461  0.388471  0.345155
h 1396   -679455  0.999939  -0.0321762  0.921461  0.388471  0.106223
h 1397   -681240  0.999939  -0.0267301  0.921461  0.388471  0.103981
h 1398   -673595  0.999939  -0.0500577  0.921461  0.388471  0.113587
h 1399   -667204  0.999939  -0.0685929  0.921461  0.388471  0.121617
h 1419   -690060  0.999939  0.000245764  0.921461  0.388471  0.0928975
h 1420   -689333  0.999939  -0.00203484  0.921461  0.388471  0.0938111
h 1421   -689467  0.999939  -0.00162717  0.921461  0.388471  0.0936432
h 1422   -696236  0.999939  0.02547  0.921461  0.388471  0.0851366
h 1423   -692539  0.999939  0.0103687  0.921461  0.388471  0.0897829
h 1424   -701108  0.999939  0.0453633  0.921461  0.388471  0.0790158
h 1425   -705051  0.999939  0.0624879  0.921461  0.388471  0.0740608
h 1426   -700242  0.999939  0.0418294  0.921461  0.388471  0.0801031
h 1427   -711967  0.999939  0.0930058  0.921461  0.388471  0.0653705
h 1428   -710800  0.999939  0.0878554  0.921461  0.388471  0.0668372
h 1429   -701177  0.999939  0.0456481  0.921461  0.388471  0.0789282
h 1430   -705165  0.999939  0.0629936  0.921461  0.388471  0.0739168
h 1440   -693849  0.999939  0.0157189  0.921461  0.388471  0.0881368
h 1441   -691712  0.999939  0.00699121  0.921461  0.388471  0.0908221
h 1444   -692022  0.999939  0.00825632  0.921461  0.388471  0.0904328
h 1445   -690902  0.999939  0.00368296  0.921461  0.388471  0.0918399
h 1446   -690959  0.999939  0.00391726  0.921461  0.388471  0.0917679
h 1450   -687587  0.999939  -0.00736341  0.921461  0.388471  0.0960054
h 1451   -687502  0.999939  -0.00762085  0.921461  0.388471  0.0961114
h 1463   -687572  0.999939  -0.00740816  0.921461  0.388471  0.0960238
h 1464   -687541  0.999939  -0.0075042  0.921461  0.388471  0.0960633
h 1465   -687554  0.999939  -0.00746387  0.921461  0.388471  0.0960467
h 1474   -686939  0.999939  -0.00934173  0.921461  0.388471  0.09682
h 1475   -686412  0.999939  -0.0109477  0.921461  0.388471  0.0974814
h 1476   -686489  0.999939  -0.0107136  0.921461  0.388471  0.097385
h 1549   -687776  0.999939  -0.00678598  0.921461  0.388471  0.0957676
h 1550   -687894  0.999939  -0.00642703  0.921461  0.388471  0.0956198
h 1551   -687765  0.999939  -0.00682041  0.921461  0.388471  0.0957818
h 1552   -687765  0.999939  -0.00682002  0.921461  0.388471  0.0957816
h 1553   -687784  0.999939  -0.0067623  0.921461  0.388471  0.0957578
h 1554   -687941  0.999939  -0.00628155  0.921461  0.388471  0.0955599
h 1555   -687837  0.999939  -0.00660151  0.921461  0.388471  0.0956916
h 1556   -687851  0.999939  -0.00655728  0.921461  0.388471  0.0956734
h 1557   -687896  0.999939  -0.00641881  0.921461  0.388471  0.0956164
h 1558   -687896  0.999939  -0.00641955  0.921461  0.388471  0.0956167
h 1559   -687885  0.999939  -0.00645412  0.921461  0.388471  0.0956309
h 1560   -688530  0.999939  -0.00448511  0.921461  0.388471  0.0948201
h 1561   -689201  0.999939  -0.00243819  0.921461  0.388471  0.0939772
h 1562   -689416  0.999939  -0.00178111  0.921461  0.388471  0.0937066
h 1563   -689192  0.999939  -0.00246477  0.921461  0.388471  0.0939881
h 1572   -688365  0.999939  -0.00498775  0.921461  0.388471  0.0950271
h 1573   -688491  0.999939  -0.00460458  0.921461  0.388471  0.0948693
h 1605   -685455  0.999939  -0.0138686  0.921461  0.388471  0.0986842
h 1608   -684760  0.999939  -0.0159881  0.921461  0.388471  0.099557
h 1609   -683907  0.999939  -0.0185936  0.921461  0.388471  0.10063
h 1613   -686856  0.999939  -0.00959334  0.921461  0.388471  0.0969237
h 1614   -686473  0.999939  -0.0107622  0.921461  0.388471  0.097405
h 1617   -707545  0.999939  0.0734921  0.921461  0.388471  0.0709272
h 1618   -703113  0.999939  0.053935  0.921461  0.388471  0.0764963
h 1621   -685491  0.999939  -0.0137583  0.921461  0.388471  0.0986388
h 1622   -686083  0.999939  -0.0119533  0.921461  0.388471  0.0978955
h 1654   -687897  0.999939  -0.00641595  0.921461  0.388471  0.0956152
h 1655   -687910  0.999939  -0.00637709  0.921461  0.388471  0.0955992
h 1662   -687969  0.999939  -0.00619718  0.921461  0.388471  0.0955251
h 1663   -688034  0.999939  -0.00599803  0.921461  0.388471  0.0954431
h 1670   -531002  0.999939  -0.326518  0.921461  0.388471  0.292764
h 1671   -476624  0.999939  -0.411023  0.921461  0.388471  0.361093
h 1674   -398375  0.999939  -0.525734  0.921461  0.388471  0.459417
h 1675   -241607  0.999939  -0.742476  0.921461  0.388471  0.656406
h 1678   -641913  0.999939  -0.129184  0.921461  0.388471  0.153398
h 1679   -604188  0.999939  -0.203227  0.921461  0.388471  0.200801
h 1680   -650821  0.999939  -0.109764  0.921461  0.388471  0.142204
h 1681   -641148  0.999939  -0.130787  0.921461  0.388471  0.154359
h 1686   -681710  0.999939  -0.0252967  0.921461  0.388471  0.10339
h 1687   -679768  0.999939  -0.0312232  0.921461  0.388471  0.105831
h 1694   -613895  0.999939  -0.186152  0.921461  0.388471  0.188604
h 1695   -578143  0.999939  -0.249044  0.921461  0.388471  0.233528
h 1702   -660271  0.999939  -0.0860176  0.921461  0.388471  0.13033
h 1703   -648193  0.999939  -0.116033  0.921461  0.388471  0.145506
h 1706   -677386  0.999939  -0.0384908  0.921461  0.388471  0.108824
h 1707   -679537  0.999939  -0.031928  0.921461  0.388471  0.106121
h 1708   -678427  0.999939  -0.0353125  0.921461  0.388471  0.107515
h 1709   -668891  0.999939  -0.0643539  0.921461  0.388471  0.119498
h 1710   -671307  0.999939  -0.0570381  0.921461  0.388471  0.116461
h 1713   -675250  0.999939  -0.0450073  0.921461  0.388471  0.111507
h 1714   -671363  0.999939  -0.0568678  0.921461  0.388471  0.116391
h 1731   -700867  0.999939  0.0443815  0.921461  0.388471  0.0793179
h 1732   -704199  0.999939  0.0587298  0.921461  0.388471  0.0751309
h 1735   -689951  0.999939  -0.000149814  0.921461  0.388471  0.0930348
h 1736   -690413  0.999939  0.00168752  0.921461  0.388471  0.0924539
h 1739   -695452  0.999939  0.0222663  0.921461  0.388471  0.0861223
h 1740   -698481  0.999939  0.0346368  0.921461  0.388471  0.0823162
h 1741   -698714  0.999939  0.0355875  0.921461  0.388471  0.0820236
h 1742   -693590  0.999939  0.0146616  0.921461  0.388471  0.0884621
h 1743   -693513  0.999939  0.0143456  0.921461  0.388471  0.0885593
h 1749   -691552  0.999939  0.00634042  0.921461  0.388471  0.0910223
h 1750   -692435  0.999939  0.00994379  0.921461  0.388471  0.0899136
h 1753   -687331  0.999939  -0.00814337  0.921461  0.388471  0.0963266
h 1754   -687135  0.999939  -0.00874305  0.921461  0.388471  0.0965735
h 1755   -687082  0.999939  -0.00890518  0.921461  0.388471  0.0966403
h 1756   -687507  0.999939  -0.00760604  0.921461  0.388471  0.0961053
h 1757   -687531  0.999939  -0.00753454  0.921461  0.388471  0.0960758
h 1758   -687510  0.999939  -0.00759921  0.921461  0.388471  0.0961025
h 1759   -687374  0.999939  -0.008012  0.921461  0.388471  0.0962725
h 1760   -687405  0.999939  -0.007917  0.921461  0.388471  0.0962333
h 1772   -687185  0.999939  -0.00858905  0.921461  0.388471  0.0965101
h 1773   -687293  0.999939  -0.00826013  0.921461  0.388471  0.0963746
h 1778   -687419  0.999939  -0.00787708  0.921461  0.388471  0.0962169
h 1779   -687470  0.999939  -0.00771958  0.921461  0.388471  0.096152
h 1784   -687524  0.999939  -0.00755666  0.921461  0.388471  0.0960849
h 1785   -687538  0.999939  -0.00751282  0.921461  0.388471  0.0960669
h 1792   -686695  0.999939  -0.0100863  0.921461  0.388471  0.0971266
h 1793   -686920  0.999939  -0.00939784  0.921461  0.388471  0.0968431
h 1880   -688839  0.999939  -0.0035416  0.921461  0.388471  0.0944315
h 1881   -688620  0.999939  -0.00421108  0.921461  0.388471  0.0947072
h 1884   -687929  0.999939  -0.00631945  0.921461  0.388471  0.0955755
h 1885   -687908  0.999939  -0.00638403  0.921461  0.388471  0.0956021
h 1888   -687948  0.999939  -0.00626285  0.921461  0.388471  0.0955522
h 1889   -687959  0.999939  -0.00622694  0.921461  0.388471  0.0955374
h 1890   -687995  0.999939  -0.00611711  0.921461  0.388471  0.0954921
h 1891   -687994  0.999939  -0.00611964  0.921461  0.388471  0.0954932
h 1892   -688123  0.999939  -0.00572887  0.921461  0.388471  0.0953323
h 1893   -688085  0.999939  -0.00584284  0.921461  0.388471  0.0953792
h 1894   -688150  0.999939  -0.00564444  0.921461  0.388471  0.0952975
h 1895   -688063  0.999939  -0.00590981  0.921461  0.388471  0.0954068
h 1896   -688332  0.999939  -0.00509003  0.921461  0.388471  0.0950692
h 1898   -688169  0.999939  -0.00558842  0.921461  0.388471  0.0952744
h 1899   -688216  0.999939  -0.00544491  0.921461  0.388471  0.0952153
h 1970   -694629  0.999939  0.0189058  0.921461  0.388471  0.0871562
h 1971   -696377  0.999939  0.0260429  0.921461  0.388471  0.0849603
h 1974   -688052  0.999939  -0.0059437  0.921461  0.388471  0.0954207
h 1975   -687994  0.999939  -0.00612056  0.921461  0.388471  0.0954936
h 2003   -676833  0.999939  -0.0401764  0.921461  0.388471  0.109518
h 2004   -672915  0.999939  -0.0521335  0.921461  0.388471  0.114442
h 2010   -667274  0.999939  -0.0684176  0.921461  0.388471  0.121529
h 2011   -653710  0.999939  -0.102504  0.921461  0.388471  0.138573
h 2012   -647995  0.999939  -0.116446  0.921461  0.388471  0.145754
h 2013   -682847  0.999939  -0.0218254  0.921461  0.388471  0.101961
h 2014   -681301  0.999939  -0.0265434  0.921461  0.388471  0.103904
h 2015   -682331  0.999939  -0.0234017  0.921461  0.388471  0.10261
h 2016   -680439  0.999939  -0.0291737  0.921461  0.388471  0.104987
h 2017   -681018  0.999939  -0.0274083  0.921461  0.388471  0.10426
h 2021   -483479  0.999939  -0.400975  0.921461  0.388471  0.35248
h 2022   -525896  0.999939  -0.334766  0.921461  0.388471  0.299179
h 2023   -615703  0.999939  -0.18297  0.921461  0.388471  0.186331
h 2024   -627169  0.999939  -0.160061  0.921461  0.388471  0.171925
h 2025   -606278  0.999939  -0.19955  0.921461  0.388471  0.198174
h 2026   -580532  0.999939  -0.244842  0.921461  0.388471  0.230527
h 2049   -675632  0.999939  -0.0438409  0.921461  0.388471  0.111027
h 2050   -677873  0.999939  -0.0370035  0.921461  0.388471  0.108211
h 2051   -677069  0.999939  -0.0394574  0.921461  0.388471  0.109222
h 2054   -671096  0.999939  -0.0576836  0.921461  0.388471  0.116727
h 2055   -674281  0.999939  -0.0479659  0.921461  0.388471  0.112725
h 2060   -678333  0.999939  -0.0355994  0.921461  0.388471  0.107633
h 2061   -680138  0.999939  -0.0300926  0.921461  0.388471  0.105365
h 2064   -666512  0.999939  -0.0703327  0.921461  0.388471  0.122487
h 2065   -656093  0.999939  -0.0965151  0.921461  0.388471  0.135579
h 2066   -669108  0.999939  -0.0637501  0.921461  0.388471  0.119225
h 2067   -670432  0.999939  -0.0597084  0.921461  0.388471  0.117561
h 2069   -655263  0.999939  -0.0986012  0.921461  0.388471  0.136622
h 2070   -662143  0.999939  -0.0813123  0.921461  0.388471  0.127977
h 2073   -598477  0.999939  -0.213273  0.921461  0.388471  0.207977
h 2074   -625545  0.999939  -0.163462  0.921461  0.388471  0.173965
E_DATA
B_MESH_DATA
Dim 2 
NumPts 416 
NumElems 636 
1   0.00734561   0.0237364    0
2   0.00736845   0.0236216    0
3   0.00679129   0.0235068    0
4   0.00728058   0.0238337    0
5   0.00685632   0.0234094    0
6   0.00718325   0.0238987    0
7   0.00706845   0.0239216    0
8   0.00695364   0.0233444    0
9   0.00706845   0.0233216    0
10   0.00695364   0.0238987    0
11   0.00685632   0.0238337    0
12   0.00718325   0.0233444    0
13   0.00679129   0.0237364    0
14   0.00728058   0.0234094    0
15   0.00676845   0.0236216    0
16   0.00734561   0.0235068    0
17   0.00762088   0.0217792    0
18   0.0123354   0.0149897    0
19   0.0114139   0.0146012    0
20   0.0115888   0.0159506    0
21   0.00635328   0.0254679    0
22   0.00939184   0.0213282    0
23   0.00859557   0.0199992    0
24   0.00459291   0.0281897    0
25   0.0035477   0.0293651    0
26   0.005173   0.0293375    0
27   0.00710703   0.0203123    0
28   0.00563812   0.0270143    0
29   0.00711162   0.0267369    0
30   0.00793285   0.0251466    0
31   0.00421266   0.0271778    0
32   0.00624844   0.0220829    0
33   0.00364447   0.0330304    0
34   0.00492206   0.0325741    0
35   0.00370489   0.0316    0
36   0.00663116   0.0278766    0
37   0.0063986   0.0290382    0
38   0.00876686   0.023082    0
39   0.00582223   0.0230041    0
40   0.00464507   0.0261521    0
41   0.00525417   0.0245618    0
42   0.00877324   0.0187832    0
43   0.0101078   0.01963    0
44   0.0089509   0.0175671    0
45   0.00765594   0.0182157    0
46   0.00967686   0.0182486    0
47   0.0103441   0.018672    0
48   0.0105805   0.0177141    0
49   0.0111002   0.0184874    0
50   0.00969034   0.0166078    0
51   0.00831974   0.0166411    0
52   0.0110846   0.0168323    0
53   0.0119424   0.0166468    0
54   0.00160139   0.0314411    0
55   0.00180155   0.0322535    0
56   0.00255306   0.0311144    0
57   0.00140124   0.0306288    0
58   0.00272301   0.0326419    0
59   0.0100914   0.0154102    0
60   0.0104924   0.0142127    0
61   0.0088002   0.0155015    0
62   0.00918559   0.0146629    0
63   0.00816904   0.0145755    0
64   0.00957097   0.0138242    0
65   0.00792881   0.0151453    0
66   0.00834986   0.0241143    0
67   0.00752224   0.0259417    0
68   0.00825899   0.025803    0
69   0.00906558   0.0253198    0
70   0.0125678   0.0157255    0
71   0.0132568   0.0153781    0
72   0.00461701   0.0300464    0
73   0.00362629   0.0304825    0
74   0.00277434   0.0299376    0
75   0.00393235   0.0262338    0
76   0.00347385   0.0282783    0
77   0.00349994   0.0272595    0
78   0.00321962   0.0263156    0
79   0.00974981   0.0204791    0
80   0.0108639   0.0194454    0
81   0.00738148   0.019264    0
82   0.00667774   0.0211976    0
83   0.00636276   0.0204689    0
84   0.00114066   0.0312469    0
85   0.000880084   0.031865    0
86   0.00208779   0.0302832    0
87   0.00192239   0.0293926    0
88   0.00166182   0.0300107    0
89   0.00840928   0.0140056    0
90   0.00870772   0.024717    0
91   0.00930581   0.02475    0
92   0.00954604   0.0241802    0
93   0.00736791   0.0277378    0
94   0.00882535   0.0258896    0
95   0.00858512   0.0264595    0
96   0.00784837   0.0265982    0
97   0.00810467   0.0275991    0
98   0.0130285   0.0159197    0
99   0.0128002   0.0164613    0
100   0.00256457   0.0291523    0
101   0.0023548   0.0283669    0
102   0.00300341   0.0268284    0
103   0.00278721   0.0273413    0
104   0.00313053   0.0278098    0
105   0.00343582   0.0258027    0
106   0.00257101   0.0278541    0
107   0.0104874   0.0203383    0
108   0.0112251   0.0201975    0
109   0.0114225   0.0197291    0
110   0.01162   0.0192607    0
111   0.00899012   0.0139149    0
112   0.00864951   0.0134358    0
113   0.00911024   0.01363    0
114   0.00134081   0.0320592    0
115   0.00556222   0.0222348    0
116   0.00596249   0.0213518    0
117   0.00524725   0.021506    0
118   0.00561849   0.0206254    0
119   0.00668561   0.0195044    0
120   0.00598973   0.0197448    0
121   0.00617535   0.0193045    0
122   0.00636098   0.0188642    0
123   0.00580411   0.0201851    0
124   0.00712769   0.0283077    0
125   0.00701141   0.0288885    0
126   0.00762421   0.0287388    0
127   0.00469561   0.0311638    0
128   0.00568633   0.0307277    0
129   0.00544764   0.0316408    0
130   0.00456593   0.0334189    0
131   0.00548739   0.0338074    0
132   0.00520473   0.0331907    0
133   0.00556086   0.032346    0
134   0.00619966   0.0321178    0
135   0.00584353   0.0329626    0
136   0.00604247   0.0298829    0
137   0.00629913   0.030578    0
138   0.00703718   0.0186705    0
139   0.00924527   0.0160546    0
140   0.00855997   0.0160713    0
141   0.00768858   0.0157151    0
142   0.00800416   0.0161781    0
143   0.00798784   0.0174284    0
144   0.00734036   0.0177527    0
145   0.00669288   0.0180769    0
146   0.00907935   0.0222051    0
147   0.00915645   0.0236311    0
148   0.010111   0.0212312    0
149   0.0108302   0.0211342    0
150   0.00605524   0.0241977    0
151   0.0055382   0.0237829    0
152   0.00519612   0.0230583    0
153   0.00487601   0.0223866    0
154   0.00430155   0.0253581    0
155   0.00365203   0.0252899    0
156   0.0046061   0.0245629    0
157   0.00395802   0.0245641    0
158   0.00786444   0.0281689    0
159   0.00834489   0.0270293    0
160   0.0021386   0.0288798    0
161   0.0110276   0.0206658    0
162   0.00506163   0.0219463    0
163   0.00543287   0.0210657    0
164   0.00602159   0.0325402    0
165   0.00566546   0.033385    0
166   0.00600172   0.0314569    0
167   0.0065558   0.0312731    0
168   0.00744614   0.0291612    0
169   0.00726807   0.0295835    0
170   0.00637773   0.0316954    0
171   0.00673387   0.0308507    0
172   0.00691194   0.0304283    0
173   0.00665527   0.0297332    0
174   0.00709   0.0300059    0
175   0.00752263   0.0161088    0
176   0.00735668   0.0165024    0
177   0.00652693   0.0184706    0
178   0.00767226   0.0169654    0
179   0.00702478   0.0172897    0
180   0.00685883   0.0176833    0
181   0.00979424   0.0220504    0
182   0.0105091   0.0218957    0
183   0.00947321   0.0228119    0
184   0.00986707   0.0234187    0
185   0.0101881   0.0226572    0
186   0.0103486   0.0222764    0
187   0.0100276   0.0230379    0
188   0.00970656   0.0237994    0
189   0.0106697   0.0215149    0
190   0.00380503   0.024927    0
191   0.00472301   0.0227495    0
192   0.00457001   0.0231124    0
193   0.00490111   0.0238106    0
194   0.00507764   0.0241862    0
195   0.0047536   0.0241868    0
196   0.00426402   0.0238382    0
197   0.00411102   0.0242012    0
198   0.00719073   0.016896    0
199   0.00441701   0.0234753    0
200   0.0113953   0.0177876    0
201   0.0116688   0.0172172    0
202   0.0125051   0.0171612    0
203   0.0109821   0.0189664    0
204   0.0113601   0.0188741    0
205   0.0122551   0.0161862    0
206   0.0123713   0.0165541    0
207   0.0116552   0.0181742    0
208   0.011915   0.0185609    0
209   0.0120625   0.018211    0
210   0.0122101   0.017861    0
211   0.0117675   0.0189108    0
212   0.0119395   0.0175391    0
213   0.0123576   0.0175111    0
214   0.0126526   0.0168112    0
215   0.0146012   0.0114139    0
216   0.0149897   0.0123354    0
217   0.0159506   0.0115888    0
218   0.0158899   0.00972167    0
219   0.0174433   0.0106946    0
220   0.0175671   0.0089509    0
221   0.019467   0.00995293    0
222   0.0196732   0.00828589    0
223   0.0257115   0.00663038    0
224   0.0273315   0.00639043    0
225   0.0259242   0.00515665    0
226   0.0214567   0.00922553    0
227   0.0217792   0.00762088    0
228   0.0293375   0.005173    0
229   0.0293651   0.0035477    0
230   0.0279345   0.00415079    0
231   0.0229797   0.00858346    0
232   0.0240915   0.00687033    0
233   0.0316   0.00370489    0
234   0.0327037   0.00459614    0
235   0.0330304   0.00364447    0
236   0.0164062   0.00841878    0
237   0.018364   0.00770486    0
238   0.0220829   0.00624844    0
239   0.0201493   0.00695219    0
240   0.0241358   0.00820819    0
241   0.0264895   0.00743741    0
242   0.0304688   0.00443895    0
243   0.0283345   0.00578171    0
244   0.0290382   0.0063986    0
245   0.0280351   0.00700732    0
246   0.027633   0.00527061    0
247   0.0269294   0.00465372    0
248   0.023239   0.00587317    0
249   0.0245816   0.00551491    0
250   0.027233   0.00363968    0
251   0.0286636   0.00303659    0
252   0.0257539   0.00774752    0
253   0.0303351   0.00572325    0
254   0.0248406   0.00462357    0
255   0.0260145   0.00419297    0
256   0.0234534   0.00510453    0
257   0.0322535   0.00180155    0
258   0.0314411   0.00160139    0
259   0.0311144   0.00255306    0
260   0.0334189   0.00456593    0
261   0.0332555   0.00504176    0
262   0.0327358   0.00593914    0
263   0.0338074   0.00548739    0
264   0.0310665   0.00541492    0
265   0.0316642   0.00639089    0
266   0.0322   0.00616502    0
267   0.0173814   0.0115665    0
268   0.016635   0.0120136    0
269   0.0173194   0.0124384    0
270   0.0156692   0.0125915    0
271   0.0153781   0.0132568    0
272   0.0163488   0.0128476    0
273   0.0184551   0.0103238    0
274   0.0204618   0.00958923    0
275   0.0193639   0.0107865    0
276   0.0173109   0.00803736    0
277   0.0152456   0.0105678    0
278   0.0142127   0.0104924    0
279   0.014664   0.00974365    0
280   0.0138242   0.00957097    0
281   0.0151152   0.00899488    0
282   0.0144697   0.00928292    0
283   0.0143405   0.00826809    0
284   0.0157607   0.00870683    0
285   0.0192566   0.00732852    0
286   0.0195068   0.00665658    0
287   0.0211161   0.00660032    0
288   0.0203874   0.00628534    0
289   0.0197448   0.00598973    0
290   0.0230272   0.00460595    0
291   0.0223866   0.00487601    0
292   0.0236678   0.00433588    0
293   0.0312469   0.00114066    0
294   0.0306288   0.00140124    0
295   0.031865   0.000880084    0
296   0.0302397   0.00305038    0
297   0.0304343   0.00222581    0
298   0.0300107   0.00166182    0
299   0.0293926   0.00192239    0
300   0.0332716   0.00571326    0
301   0.0178048   0.0122338    0
302   0.0182901   0.0120292    0
303   0.0168341   0.012643    0
304   0.0183726   0.0111765    0
305   0.0192607   0.01162    0
306   0.0158635   0.0130522    0
307   0.0187754   0.0118246    0
308   0.0203296   0.0104072    0
309   0.0201975   0.0112251    0
310   0.0197291   0.0114225    0
311   0.0139528   0.00896622    0
312   0.01363   0.00911024    0
313   0.0134358   0.00864951    0
314   0.0320592   0.00134081    0
315   0.0167305   0.0077713    0
316   0.0170547   0.00712382    0
317   0.0177094   0.00741434    0
318   0.0159554   0.00810604    0
319   0.01615   0.00750524    0
320   0.0151802   0.00844077    0
321   0.0152453   0.00788666    0
322   0.0156976   0.00769595    0
323   0.0186081   0.00703546    0
324   0.0188642   0.00636098    0
325   0.0179595   0.0067424    0
326   0.0222348   0.00556222    0
327   0.0213111   0.00592378    0
328   0.0206254   0.00561849    0
329   0.021506   0.00524725    0
330   0.0193045   0.00617535    0
331   0.0201851   0.00580411    0
332   0.0249227   0.00730893    0
333   0.0249449   0.00797785    0
334   0.0235799   0.00906475    0
335   0.0241802   0.00954604    0
336   0.024158   0.00887711    0
337   0.0222182   0.00890449    0
338   0.0220569   0.00970682    0
339   0.0212954   0.0100278    0
340   0.0218957   0.0105091    0
341   0.0211342   0.0108302    0
342   0.0272623   0.00722236    0
343   0.0268786   0.00784092    0
344   0.026143   0.00815104    0
345   0.026532   0.00855455    0
346   0.0288885   0.00701141    0
347   0.028387   0.00731576    0
348   0.0287388   0.00762421    0
349   0.0309997   0.00605707    0
350   0.0296866   0.00606093    0
351   0.0302683   0.0063654    0
352   0.0309329   0.00669922    0
353   0.024147   0.00486405    0
354   0.0254276   0.00440827    0
355   0.0249701   0.0041779    0
356   0.0243837   0.00403406    0
357   0.0266238   0.00391633    0
358   0.0255571   0.0039626    0
359   0.0250997   0.00373223    0
360   0.0268823   0.00338413    0
361   0.0293789   0.00273504    0
362   0.0206658   0.0110276    0
363   0.0175071   0.00693311    0
364   0.0166024   0.00731453    0
365   0.0147929   0.00807738    0
366   0.0138881   0.0084588    0
367   0.0184119   0.00655169    0
368   0.0219463   0.00506163    0
369   0.0210657   0.00543287    0
370   0.0253706   0.00842126    0
371   0.0257964   0.00886466    0
372   0.0253923   0.00903501    0
373   0.0247643   0.00864919    0
374   0.0249883   0.00920535    0
375   0.0245842   0.0093757    0
376   0.0222764   0.0103486    0
377   0.0226572   0.0101881    0
378   0.0228184   0.00938578    0
379   0.0234187   0.00986707    0
380   0.0230379   0.0100276    0
381   0.0237994   0.00970656    0
382   0.0215149   0.0106697    0
383   0.0268998   0.00839949    0
384   0.0272676   0.00824444    0
385   0.0261642   0.00870961    0
386   0.028371   0.00777927    0
387   0.0280032   0.00793432    0
388   0.0276328   0.00757834    0
389   0.0276354   0.00808938    0
390   0.0312985   0.00654506    0
391   0.0291045   0.00747004    0
392   0.0294701   0.00731588    0
393   0.0305672   0.00685339    0
394   0.0302015   0.00700755    0
395   0.0295784   0.0066884    0
396   0.0298358   0.00716171    0
397   0.0242654   0.00444905    0
398   0.0254576   0.00358132    0
399   0.0258156   0.0034304    0
400   0.0262197   0.00367336    0
401   0.0265315   0.00312857    0
402   0.0261736   0.00327949    0
403   0.0247417   0.00388314    0
404   0.0290281   0.00247949    0
405   0.0268892   0.0029778    0
406   0.0272468   0.00282703    0
407   0.0279483   0.00333813    0
408   0.0283128   0.00278104    0
409   0.0286774   0.00222394    0
410   0.0326419   0.00272301    0
411   0.0240257   0.00418497    0
412   0.029035   0.00207316    0
413   0.0275976   0.00308258    0
414   0.0279621   0.00252548    0
415   0.0276044   0.00267626    0
416   0.0283197   0.00237471    0
321  2745  1  2  3 
322  2745  4  1  3 
323  2745  5  3  2 
324  2745  4  3  6 
325  2745  7  6  3 
326  2745  8  5  2 
327  2745  8  2  9 
328  2745  7  3  10 
329  2745  10  3  11 
330  2745  12  9  2 
331  2745  13  11  3 
332  2745  14  12  2 
333  2745  15  13  3 
334  2745  16  14  2 
319  2373  12  17  9 
320  2373  14  17  12 
335  2373  18  19  20 
340  2373  21  7  10 
347  2373  22  23  17 
349  2373  24  25  26 
350  2373  23  27  17 
650  2373  28  29  21 
651  2373  30  4  6 
652  2373  30  6  7 
653  2373  7  21  30 
657  2373  28  31  24 
694  2373  32  8  9 
695  2373  9  17  32 
699  2373  33  34  35 
700  2373  28  36  29 
701  2373  36  28  24 
702  2373  24  26  37 
703  2373  37  36  24 
717  2373  38  17  14 
718  2373  14  16  38 
731  2373  39  15  3 
732  2373  39  3  5 
733  2373  39  5  8 
734  2373  8  32  39 
735  2373  28  40  31 
736  2373  40  28  21 
737  2373  21  41  40 
760  2373  42  23  43 
761  2373  42  44  45 
762  2373  46  42  43 
763  2373  42  46  44 
764  2373  47  48  46 
765  2373  43  47  46 
766  2373  49  48  47 
771  2373  46  48  50 
772  2373  50  44  46 
773  2373  51  44  50 
774  2373  48  52  50 
800  2373  52  53  20 
804  2373  54  55  56 
805  2373  57  54  56 
826  2373  58  33  35 
827  2373  56  55  58 
828  2373  58  35  56 
844  2373  52  20  59 
845  2373  59  50  52 
846  2373  19  60  59 
847  2373  59  20  19 
848  2373  61  62  63 
849  2373  62  61  59 
850  2373  60  64  62 
851  2373  62  59  60 
862  2373  63  65  61 
864  2373  4  30  66 
865  2373  66  1  4 
866  2373  2  1  66 
867  2373  16  2  66 
868  2373  66  38  16 
870  2373  29  67  21 
871  2373  67  30  21 
872  2373  30  68  69 
873  2373  68  30  67 
882  2373  70  18  20 
883  2373  18  70  71 
903  2373  25  72  26 
904  2373  35  73  56 
905  2373  25  73  72 
906  2373  73  74  56 
907  2373  74  73  25 
908  2373  40  75  31 
909  2373  24  76  25 
910  2373  76  24  31 
911  2373  31  77  76 
912  2373  77  31  75 
913  2373  75  78  77 
970  2373  22  79  23 
971  2373  79  43  23 
998  2373  43  80  47 
1045  2373  81  27  23 
1046  2373  42  45  81 
1047  2373  81  23  42 
1058  2373  27  82  17 
1059  2373  82  32  17 
1060  2373  27  83  82 
1082  2373  84  85  54 
1083  2373  57  84  54 
1090  2373  74  86  56 
1091  2373  86  57  56 
1092  2373  86  74  87 
1104  2373  88  57  86 
1105  2373  87  88  86 
1113  2373  89  63  62 
1116  2373  69  90  30 
1117  2373  90  66  30 
1120  2373  91  92  90 
1121  2373  69  91  90 
1122  2373  36  93  29 
1131  2373  94  69  68 
1132  2373  95  94  68 
1135  2373  29  96  67 
1136  2373  96  29  93 
1137  2373  93  97  96 
1138  2373  96  95  68 
1139  2373  68  67  96 
1140  2373  98  71  70 
1141  2373  99  98  70 
1153  2373  100  74  25 
1154  2373  74  100  87 
1155  2373  100  25  76 
1156  2373  76  101  100 
1160  2373  102  103  77 
1161  2373  78  102  77 
1164  2373  76  104  101 
1165  2373  104  76  77 
1166  2373  103  104  77 
1170  2373  105  78  75 
1175  2373  106  101  104 
1176  2373  103  106  104 
1222  2373  79  107  43 
1223  2373  80  43  107 
1224  2373  107  108  80 
1234  2373  109  110  80 
1235  2373  108  109  80 
1242  2373  89  111  112 
1243  2373  111  89  62 
1244  2373  64  111  62 
1246  2373  113  112  111 
1247  2373  64  113  111 
1251  2373  114  55  54 
1252  2373  85  114  54 
1303  2373  32  115  39 
1311  2373  82  116  32 
1312  2373  115  32  116 
1313  2373  116  117  115 
1314  2373  83  118  116 
1315  2373  116  82  83 
1316  2373  81  119  27 
1317  2373  83  27  119 
1318  2373  119  120  83 
1330  2373  121  120  119 
1331  2373  122  121  119 
1343  2373  123  118  83 
1344  2373  120  123  83 
1368  2373  124  36  37 
1369  2373  36  124  93 
1370  2373  125  126  124 
1371  2373  37  125  124 
1372  2373  127  35  34 
1373  2373  127  128  72 
1374  2373  127  72  73 
1375  2373  73  35  127 
1376  2373  129  127  34 
1377  2373  127  129  128 
1379  2373  33  130  34 
1382  2373  131  132  130 
1383  2373  132  34  130 
1384  2373  34  133  129 
1385  2373  133  134  129 
1386  2373  133  34  132 
1387  2373  132  135  133 
1396  2373  136  37  26 
1397  2373  136  26  72 
1398  2373  72  128  136 
1399  2373  128  137  136 
1419  2373  138  81  45 
1420  2373  119  81  138 
1421  2373  138  122  119 
1422  2373  50  139  51 
1423  2373  139  50  59 
1424  2373  61  139  59 
1425  2373  61  140  139 
1426  2373  140  51  139 
1427  2373  140  61  65 
1428  2373  65  141  140 
1429  2373  142  51  140 
1430  2373  141  142  140 
1440  2373  51  143  44 
1441  2373  143  45  44 
1444  2373  144  45  143 
1445  2373  138  45  144 
1446  2373  144  145  138 
1450  2373  38  146  17 
1451  2373  146  22  17 
1463  2373  147  38  66 
1464  2373  90  92  147 
1465  2373  147  66  90 
1474  2373  22  148  79 
1475  2373  148  149  107 
1476  2373  107  79  148 
1549  2373  150  11  13 
1550  2373  150  41  21 
1551  2373  150  21  10 
1552  2373  10  11  150 
1553  2373  150  13  15 
1554  2373  151  41  150 
1555  2373  151  150  15 
1556  2373  15  39  151 
1557  2373  39  152  151 
1558  2373  115  153  152 
1559  2373  152  39  115 
1560  2373  154  40  41 
1561  2373  75  40  154 
1562  2373  105  75  154 
1563  2373  154  155  105 
1572  2373  41  156  154 
1573  2373  156  157  154 
1605  2373  158  97  93 
1608  2373  158  93  124 
1609  2373  124  126  158 
1613  2373  159  95  96 
1614  2373  97  159  96 
1617  2373  160  87  100 
1618  2373  101  160  100 
1621  2373  161  108  107 
1622  2373  149  161  107 
1654  2373  162  153  115 
1655  2373  117  162  115 
1662  2373  163  117  116 
1663  2373  118  163  116 
1670  2373  164  134  133 
1671  2373  135  164  133 
1674  2373  165  135  132 
1675  2373  131  165  132 
1678  2373  129  166  128 
1679  2373  166  129  134 
1680  2373  137  128  166 
1681  2373  166  167  137 
1686  2373  168  126  125 
1687  2373  169  168  125 
1694  2373  170  167  166 
1695  2373  134  170  166 
1702  2373  171  172  137 
1703  2373  167  171  137 
1706  2373  136  173  37 
1707  2373  125  37  173 
1708  2373  173  169  125 
1709  2373  137  172  173 
1710  2373  173  136  137 
1713  2373  174  169  173 
1714  2373  172  174  173 
1731  2373  175  176  142 
1732  2373  141  175  142 
1735  2373  177  122  138 
1736  2373  145  177  138 
1739  2373  178  143  51 
1740  2373  178  51  142 
1741  2373  142  176  178 
1742  2373  178  179  144 
1743  2373  144  143  178 
1749  2373  180  145  144 
1750  2373  179  180  144 
1753  2373  146  181  22 
1754  2373  148  22  181 
1755  2373  181  182  148 
1756  2373  183  146  38 
1757  2373  183  38  147 
1758  2373  147  184  183 
1759  2373  183  185  181 
1760  2373  181  146  183 
1772  2373  186  182  181 
1773  2373  185  186  181 
1778  2373  187  185  183 
1779  2373  184  187  183 
1784  2373  188  184  147 
1785  2373  92  188  147 
1792  2373  189  149  148 
1793  2373  182  189  148 
1880  2373  190  155  154 
1881  2373  157  190  154 
1884  2373  191  192  152 
1885  2373  153  191  152 
1888  2373  193  151  152 
1889  2373  152  192  193 
1890  2373  193  194  151 
1891  2373  194  41  151 
1892  2373  41  194  156 
1893  2373  195  193  196 
1894  2373  195  156  194 
1895  2373  193  195  194 
1896  2373  197  157  156 
1898  2373  195  196  197 
1899  2373  197  156  195 
1970  2373  198  179  178 
1971  2373  176  198  178 
1974  2373  199  196  193 
1975  2373  192  199  193 
2003  2373  200  48  49 
2004  2373  48  200  52 
2010  2373  200  201  52 
2011  2373  201  53  52 
2012  2373  202  53  201 
2013  2373  80  203  47 
2014  2373  203  49  47 
2015  2373  203  80  110 
2016  2373  204  49  203 
2017  2373  110  204  203 
2021  2373  70  205  99 
2022  2373  205  70  20 
2023  2373  53  205  20 
2024  2373  206  53  202 
2025  2373  53  206  205 
2026  2373  206  99  205 
2049  2373  207  200  49 
2050  2373  207  49  204 
2051  2373  204  208  207 
2054  2373  209  210  207 
2055  2373  208  209  207 
2060  2373  211  208  204 
2061  2373  110  211  204 
2064  2373  212  201  200 
2065  2373  201  212  202 
2066  2373  207  210  212 
2067  2373  212  200  207 
2069  2373  213  202  212 
2070  2373  210  213  212 
2073  2373  214  99  206 
2074  2373  202  214  206 
336  2424  215  216  217 
338  2424  218  217  219 
339  2424  219  220  218 
341  2424  221  222  220 
342  2424  223  224  225 
343  2424  226  227  222 
344  2424  228  229  230 
348  2424  227  231  232 
655  2424  233  234  235 
689  2424  220  236  218 
692  2424  222  237  220 
696  2424  238  227  232 
698  2424  239  222  227 
710  2424  240  232  231 
725  2424  223  241  224 
727  2424  228  242  229 
740  2424  243  228  230 
741  2424  228  243  244 
742  2424  245  244  243 
743  2424  243  224  245 
744  2424  224  246  225 
745  2424  230  246  243 
746  2424  246  224  243 
747  2424  247  225  246 
748  2424  230  247  246 
749  2424  232  248  238 
750  2424  249  248  232 
751  2424  249  232  223 
752  2424  223  225  249 
755  2424  230  250  247 
759  2424  229  251  230 
796  2424  223  252  241 
797  2424  253  242  228 
798  2424  254  249  225 
799  2424  247  255  225 
802  2424  256  248  249 
806  2424  257  258  259 
886  2424  260  235  234 
889  2424  261  234  262 
890  2424  261  263  260 
891  2424  234  261  260 
896  2424  264  242  253 
897  2424  264  234  233 
898  2424  233  242  264 
900  2424  265  266  264 
901  2424  234  264  266 
902  2424  266  262  234 
942  2424  267  219  217 
958  2424  217  268  267 
959  2424  268  269  267 
960  2424  216  270  217 
961  2424  270  216  271 
962  2424  268  217  270 
963  2424  270  272  268 
964  2424  273  221  220 
965  2424  219  273  220 
972  2424  221  274  222 
973  2424  274  226  222 
999  2424  275  221  273 
1016  2424  220  276  236 
1017  2424  276  220  237 
1033  2424  215  277  278 
1034  2424  277  215  217 
1035  2424  218  277  217 
1036  2424  278  279  280 
1037  2424  279  278  277 
1038  2424  279  277  218 
1039  2424  218  281  279 
1040  2424  282  281  283 
1041  2424  281  282  279 
1042  2424  282  280  279 
1043  2424  236  284  218 
1044  2424  284  281  218 
1048  2424  285  237  222 
1049  2424  239  285  222 
1050  2424  239  286  285 
1061  2424  238  287  227 
1062  2424  287  239  227 
1063  2424  288  239  287 
1064  2424  286  239  288 
1065  2424  288  289  286 
1078  2424  290  291  256 
1079  2424  292  290  256 
1086  2424  293  294  258 
1087  2424  295  293  258 
1093  2424  296  229  242 
1094  2424  296  242  233 
1095  2424  233  259  296 
1096  2424  297  296  259 
1097  2424  258  294  297 
1098  2424  297  259  258 
1101  2424  298  299  297 
1102  2424  294  298  297 
1149  2424  300  263  261 
1150  2424  262  300  261 
1192  2424  301  302  267 
1193  2424  269  301  267 
1200  2424  303  269  268 
1201  2424  272  303  268 
1204  2424  304  273  219 
1205  2424  275  273  304 
1206  2424  304  305  275 
1207  2424  304  219  267 
1208  2424  267  302  304 
1213  2424  306  272  270 
1214  2424  271  306  270 
1218  2424  307  305  304 
1219  2424  302  307  304 
1225  2424  308  274  221 
1226  2424  308  221  275 
1227  2424  275  309  308 
1238  2424  310  309  275 
1239  2424  305  310  275 
1240  2424  282  311  280 
1241  2424  311  282  283 
1249  2424  312  280  311 
1250  2424  313  312  311 
1258  2424  314  295  258 
1259  2424  257  314  258 
1262  2424  315  276  316 
1263  2424  276  315  236 
1264  2424  237  317  276 
1265  2424  317  316  276 
1270  2424  318  284  236 
1271  2424  318  236  315 
1272  2424  315  319  318 
1273  2424  281  320  283 
1274  2424  320  281  284 
1275  2424  318  321  320 
1276  2424  320  284  318 
1280  2424  322  321  318 
1281  2424  319  322  318 
1296  2424  285  323  237 
1297  2424  323  285  286 
1298  2424  286  324  323 
1299  2424  317  237  323 
1300  2424  323  325  317 
1304  2424  326  238  248 
1305  2424  326  248  256 
1306  2424  256  291  326 
1319  2424  327  287  238 
1320  2424  327  328  288 
1321  2424  288  287  327 
1322  2424  327  238  326 
1323  2424  326  329  327 
1324  2424  330  324  286 
1325  2424  289  330  286 
1352  2424  331  289  288 
1353  2424  328  331  288 
1404  2424  232  332  223 
1405  2424  332  252  223 
1406  2424  332  232  240 
1407  2424  333  252  332 
1408  2424  240  333  332 
1413  2424  231  334  240 
1414  2424  335  336  334 
1415  2424  336  240  334 
1452  2424  226  337  227 
1453  2424  337  231  227 
1454  2424  226  338  337 
1477  2424  339  226  274 
1478  2424  338  226  339 
1479  2424  339  340  338 
1480  2424  308  341  339 
1481  2424  339  274  308 
1516  2424  241  342  224 
1517  2424  342  245  224 
1518  2424  241  343  342 
1521  2424  252  344  241 
1522  2424  343  241  344 
1523  2424  344  345  343 
1524  2424  346  244  245 
1525  2424  347  348  346 
1526  2424  245  347  346 
1534  2424  349  264  253 
1535  2424  264  349  265 
1541  2424  244  350  228 
1542  2424  350  253  228 
1543  2424  351  253  350 
1544  2424  349  253  351 
1545  2424  351  352  349 
1578  2424  254  353  249 
1579  2424  353  256  249 
1580  2424  256  353  292 
1584  2424  255  354  225 
1585  2424  354  254  225 
1586  2424  254  355  356 
1587  2424  355  254  354 
1588  2424  250  357  247 
1589  2424  357  255  247 
1590  2424  255  358  354 
1591  2424  358  359  355 
1592  2424  355  354  358 
1600  2424  250  360  357 
1601  2424  229  361  251 
1602  2424  361  229  296 
1603  2424  361  296  297 
1604  2424  297  299  361 
1625  2424  362  341  308 
1626  2424  309  362  308 
1633  2424  363  316  317 
1634  2424  325  363  317 
1637  2424  364  319  315 
1638  2424  316  364  315 
1642  2424  365  283  320 
1643  2424  321  365  320 
1646  2424  366  313  311 
1647  2424  283  366  311 
1650  2424  367  325  323 
1651  2424  324  367  323 
1658  2424  368  329  326 
1659  2424  291  368  326 
1666  2424  369  328  327 
1667  2424  329  369  327 
1715  2424  333  370  252 
1716  2424  370  371  344 
1717  2424  344  252  370 
1720  2424  372  371  370 
1721  2424  373  370  333 
1722  2424  240  336  373 
1723  2424  373  333  240 
1724  2424  373  374  372 
1725  2424  372  370  373 
1726  2424  335  375  336 
1729  2424  375  374  373 
1730  2424  373  336  375 
1761  2424  376  377  338 
1762  2424  340  376  338 
1766  2424  337  378  231 
1767  2424  334  231  378 
1768  2424  378  379  334 
1769  2424  338  377  378 
1770  2424  378  337  338 
1782  2424  380  379  378 
1783  2424  377  380  378 
1788  2424  381  335  334 
1789  2424  379  381  334 
1797  2424  382  340  339 
1798  2424  341  382  339 
1829  2424  383  384  343 
1830  2424  345  383  343 
1835  2424  385  345  344 
1836  2424  371  385  344 
1837  2424  386  348  347 
1838  2424  387  386  347 
1841  2424  342  388  245 
1842  2424  347  245  388 
1843  2424  388  387  347 
1844  2424  343  384  388 
1845  2424  388  342  343 
1848  2424  389  387  388 
1849  2424  384  389  388 
1850  2424  390  265  349 
1851  2424  352  390  349 
1858  2424  391  392  346 
1859  2424  348  391  346 
1867  2424  393  352  351 
1868  2424  394  393  351 
1871  2424  395  350  244 
1872  2424  395  394  351 
1873  2424  351  350  395 
1874  2424  395  244  346 
1875  2424  346  392  395 
1878  2424  396  394  395 
1879  2424  392  396  395 
1905  2424  353  397  292 
1906  2424  397  353  254 
1907  2424  356  397  254 
1917  2424  398  359  358 
1918  2424  399  398  358 
1921  2424  357  400  255 
1922  2424  358  255  400 
1923  2424  400  399  358 
1924  2424  360  401  400 
1925  2424  400  357  360 
1928  2424  402  399  400 
1929  2424  401  402  400 
1930  2424  403  356  355 
1931  2424  359  403  355 
1934  2424  404  361  299 
1935  2424  361  404  251 
1938  2424  405  401  360 
1939  2424  406  405  360 
1945  2424  251  407  230 
1946  2424  407  250  230 
1954  2424  251  408  407 
1955  2424  408  251  404 
1956  2424  404  409  408 
1957  2424  235  410  233 
1959  2424  410  257  259 
1960  2424  259  233  410 
1978  2424  411  292  397 
1979  2424  356  411  397 
1982  2424  412  409  404 
1983  2424  299  412  404 
1986  2424  407  413  250 
1987  2424  360  250  413 
1988  2424  413  406  360 
1989  2424  408  414  413 
1990  2424  413  407  408 
1993  2424  415  406  413 
1994  2424  414  415  413 
1997  2424  416  414  408 
1998  2424  409  416  408 
E_MESH_DATA
