SolidID  2424   304 
h 335   -968365  1.04774  0.086435  0.388471  0.921461  2.06653e-05
h 337   -968366  1.04774  0.139367  0.388471  0.921461  1.93549e-05
h 338   -968366  1.04774  0.185606  0.388471  0.921461  1.82103e-05
h 340   -968366  1.04774  0.178362  0.388471  0.921461  1.83896e-05
h 341   -968366  1.04774  0.170059  0.388471  0.921461  1.85952e-05
h 342   -968366  1.04774  0.173771  0.388471  0.921461  1.85033e-05
h 343   -968366  1.04774  0.167844  0.388471  0.921461  1.865e-05
h 347   -968366  1.04774  0.171621  0.388471  0.921461  1.85565e-05
h 654   -968367  1.04774  0.199479  0.388471  0.921461  1.79422e-05
h 688   -968367  1.04774  0.231149  0.388471  0.921461  1.74167e-05
h 691   -968367  1.04774  0.191901  0.388471  0.921461  1.8068e-05
h 695   -968366  1.04774  0.172808  0.388471  0.921461  1.85271e-05
h 697   -968366  1.04774  0.177928  0.388471  0.921461  1.84004e-05
h 709   -968366  1.04774  0.170593  0.388471  0.921461  1.85819e-05
h 724   -968366  1.04774  0.170448  0.388471  0.921461  1.85855e-05
h 726   -968366  1.04774  0.17284  0.388471  0.921461  1.85263e-05
h 739   -968366  1.04774  0.170522  0.388471  0.921461  1.85837e-05
h 740   -968366  1.04774  0.173697  0.388471  0.921461  1.85051e-05
h 741   -968366  1.04774  0.172941  0.388471  0.921461  1.85238e-05
h 742   -968366  1.04774  0.171656  0.388471  0.921461  1.85556e-05
h 743   -968366  1.04774  0.16981  0.388471  0.921461  1.86013e-05
h 744   -968366  1.04774  0.169457  0.388471  0.921461  1.86101e-05
h 745   -968366  1.04774  0.170798  0.388471  0.921461  1.85769e-05
h 746   -968366  1.04774  0.168907  0.388471  0.921461  1.86237e-05
h 747   -968366  1.04774  0.168035  0.388471  0.921461  1.86453e-05
h 748   -968366  1.04774  0.172281  0.388471  0.921461  1.85401e-05
h 749   -968366  1.04774  0.171227  0.388471  0.921461  1.85662e-05
h 750   -968366  1.04774  0.170574  0.388471  0.921461  1.85824e-05
h 751   -968366  1.04774  0.170074  0.388471  0.921461  1.85948e-05
h 754   -968366  1.04774  0.166392  0.388471  0.921461  1.86859e-05
h 758   -968366  1.04774  0.161872  0.388471  0.921461  1.87978e-05
h 795   -968366  1.04774  0.170246  0.388471  0.921461  1.85905e-05
h 796   -968366  1.04774  0.178624  0.388471  0.921461  1.83831e-05
h 797   -968366  1.04774  0.169898  0.388471  0.921461  1.85991e-05
h 798   -968366  1.04774  0.168528  0.388471  0.921461  1.86331e-05
h 801   -968366  1.04774  0.171404  0.388471  0.921461  1.85619e-05
h 805   -968368  1.04774  0.314576  0.388471  0.921461  1.60324e-05
h 885   -968367  1.04774  0.207848  0.388471  0.921461  1.78034e-05
h 888   -968367  1.04774  0.213632  0.388471  0.921461  1.77074e-05
h 889   -968367  1.04774  0.230223  0.388471  0.921461  1.74321e-05
h 890   -968367  1.04774  0.216543  0.388471  0.921461  1.76591e-05
h 895   -968366  1.04774  0.183659  0.388471  0.921461  1.82585e-05
h 896   -968367  1.04774  0.195975  0.388471  0.921461  1.80004e-05
h 897   -968366  1.04774  0.187518  0.388471  0.921461  1.8163e-05
h 899   -968367  1.04774  0.193143  0.388471  0.921461  1.80474e-05
h 900   -968367  1.04774  0.198726  0.388471  0.921461  1.79547e-05
h 901   -968367  1.04774  0.206048  0.388471  0.921461  1.78332e-05
h 941   -968365  1.04774  0.0901522  0.388471  0.921461  2.05732e-05
h 957   -968364  1.04774  0.0466312  0.388471  0.921461  2.16506e-05
h 958   -968364  1.04774  0.0408835  0.388471  0.921461  2.17929e-05
h 959   -968362  1.04774  -0.00385942  0.388471  0.921461  2.3641e-05
h 960   -968361  1.04774  -0.104149  0.388471  0.921461  2.58239e-05
h 961   -968362  1.04774  -0.0216056  0.388471  0.921461  2.40272e-05
h 962   -968360  1.04774  -0.112732  0.388471  0.921461  2.60107e-05
h 963   -968366  1.04774  0.169179  0.388471  0.921461  1.86169e-05
h 964   -968366  1.04774  0.164296  0.388471  0.921461  1.87378e-05
h 971   -968366  1.04774  0.170859  0.388471  0.921461  1.85754e-05
h 972   -968366  1.04774  0.171738  0.388471  0.921461  1.85536e-05
h 998   -968366  1.04774  0.155811  0.388471  0.921461  1.89479e-05
h 999   -968366  1.04774  0.162957  0.388471  0.921461  1.8771e-05
h 1000   -968365  1.04774  0.125288  0.388471  0.921461  1.97034e-05
h 1001   -968366  1.04774  0.158017  0.388471  0.921461  1.88933e-05
h 1002   -968366  1.04774  0.175973  0.388471  0.921461  1.84487e-05
h 1003   -968367  1.04774  0.195351  0.388471  0.921461  1.80107e-05
h 1004   -968367  1.04774  0.225469  0.388471  0.921461  1.7511e-05
h 1005   -968368  1.04774  0.291175  0.388471  0.921461  1.64207e-05
h 1006   -968370  1.04774  0.472675  0.388471  0.921461  1.39711e-05
h 1007   -968369  1.04774  0.362961  0.388471  0.921461  1.52295e-05
h 1008   -968368  1.04774  0.327698  0.388471  0.921461  1.58146e-05
h 1019   -968367  1.04774  0.225283  0.388471  0.921461  1.75141e-05
h 1020   -968367  1.04774  0.206909  0.388471  0.921461  1.7819e-05
h 1036   -968367  1.04774  0.267314  0.388471  0.921461  1.68166e-05
h 1037   -968368  1.04774  0.294668  0.388471  0.921461  1.63627e-05
h 1041   -968366  1.04774  0.187876  0.388471  0.921461  1.81541e-05
h 1042   -968366  1.04774  0.182966  0.388471  0.921461  1.82756e-05
h 1043   -968366  1.04774  0.18444  0.388471  0.921461  1.82392e-05
h 1054   -968366  1.04774  0.174934  0.388471  0.921461  1.84745e-05
h 1055   -968366  1.04774  0.176907  0.388471  0.921461  1.84256e-05
h 1056   -968366  1.04774  0.179211  0.388471  0.921461  1.83686e-05
h 1057   -968366  1.04774  0.181982  0.388471  0.921461  1.83e-05
h 1058   -968366  1.04774  0.182552  0.388471  0.921461  1.82859e-05
h 1075   -968366  1.04774  0.172226  0.388471  0.921461  1.85415e-05
h 1076   -968366  1.04774  0.171554  0.388471  0.921461  1.85582e-05
h 1083   -968365  1.04774  0.0871879  0.388471  0.921461  2.06466e-05
h 1084   -968364  1.04774  0.0711024  0.388471  0.921461  2.10448e-05
h 1090   -968366  1.04774  0.169367  0.388471  0.921461  1.86123e-05
h 1091   -968366  1.04774  0.181409  0.388471  0.921461  1.83142e-05
h 1092   -968366  1.04774  0.184043  0.388471  0.921461  1.8249e-05
h 1093   -968366  1.04774  0.161632  0.388471  0.921461  1.88038e-05
h 1094   -968365  1.04774  0.116444  0.388471  0.921461  1.99224e-05
h 1095   -968366  1.04774  0.17515  0.388471  0.921461  1.84691e-05
h 1098   -968365  1.04774  0.111769  0.388471  0.921461  2.00381e-05
h 1099   -968364  1.04774  0.0795685  0.388471  0.921461  2.08352e-05
h 1146   -968367  1.04774  0.227012  0.388471  0.921461  1.74854e-05
h 1147   -968367  1.04774  0.216745  0.388471  0.921461  1.76557e-05
h 1189   -968365  1.04774  0.0863791  0.388471  0.921461  2.06666e-05
h 1190   -968364  1.04774  0.0626276  0.388471  0.921461  2.12546e-05
h 1197   -968362  1.04774  -0.000464302  0.388471  0.921461  2.35671e-05
h 1198   -968361  1.04774  -0.060453  0.388471  0.921461  2.48728e-05
h 1201   -968366  1.04774  0.138244  0.388471  0.921461  1.93827e-05
h 1202   -968366  1.04774  0.144503  0.388471  0.921461  1.92278e-05
h 1203   -968366  1.04774  0.139463  0.388471  0.921461  1.93526e-05
h 1204   -968365  1.04774  0.116577  0.388471  0.921461  1.99191e-05
h 1205   -968365  1.04774  0.105777  0.388471  0.921461  2.01865e-05
h 1210   -968357  1.04774  -0.284568  0.388471  0.921461  3.04777e-05
h 1211   -968358  1.04774  -0.4473  0.388471  0.921461  2.90226e-05
h 1215   -968365  1.04774  0.130027  0.388471  0.921461  1.95861e-05
h 1216   -968365  1.04774  0.118779  0.388471  0.921461  1.98646e-05
h 1222   -968366  1.04774  0.163975  0.388471  0.921461  1.87458e-05
h 1223   -968366  1.04774  0.158506  0.388471  0.921461  1.88812e-05
h 1224   -968366  1.04774  0.155764  0.388471  0.921461  1.8949e-05
h 1235   -968366  1.04774  0.151067  0.388471  0.921461  1.90653e-05
h 1236   -968366  1.04774  0.145733  0.388471  0.921461  1.91973e-05
h 1237   -968370  1.04774  0.542313  0.388471  0.921461  1.32007e-05
h 1238   -968371  1.04774  0.615645  0.388471  0.921461  1.16667e-05
h 1246   -968375  1.04774  0.898771  0.388471  0.921461  6.29074e-06
h 1247   -968379  1.04774  1.05504  0.388471  0.921461  1.31015e-06
h 1261   -968369  1.04774  0.375819  0.388471  0.921461  1.50426e-05
h 1262   -968371  1.04774  0.596793  0.388471  0.921461  1.20888e-05
h 1265   -968367  1.04774  0.232064  0.388471  0.921461  1.74015e-05
h 1266   -968367  1.04774  0.24159  0.388471  0.921461  1.72435e-05
h 1267   -968367  1.04774  0.209684  0.388471  0.921461  1.77729e-05
h 1268   -968367  1.04774  0.220879  0.388471  0.921461  1.75871e-05
h 1273   -968368  1.04774  0.2841  0.388471  0.921461  1.65381e-05
h 1274   -968367  1.04774  0.265011  0.388471  0.921461  1.68548e-05
h 1275   -968367  1.04774  0.268828  0.388471  0.921461  1.67915e-05
h 1276   -968369  1.04774  0.434912  0.388471  0.921461  1.43889e-05
h 1277   -968368  1.04774  0.348598  0.388471  0.921461  1.54678e-05
h 1278   -968368  1.04774  0.341823  0.388471  0.921461  1.55803e-05
h 1279   -968368  1.04774  0.322802  0.388471  0.921461  1.58959e-05
h 1283   -968368  1.04774  0.317756  0.388471  0.921461  1.59796e-05
h 1284   -968368  1.04774  0.289983  0.388471  0.921461  1.64405e-05
h 1299   -968367  1.04774  0.193567  0.388471  0.921461  1.80403e-05
h 1300   -968366  1.04774  0.189131  0.388471  0.921461  1.8123e-05
h 1301   -968366  1.04774  0.1901  0.388471  0.921461  1.8099e-05
h 1302   -968367  1.04774  0.201289  0.388471  0.921461  1.79122e-05
h 1303   -968367  1.04774  0.203152  0.388471  0.921461  1.78813e-05
h 1307   -968366  1.04774  0.173322  0.388471  0.921461  1.85144e-05
h 1308   -968366  1.04774  0.172478  0.388471  0.921461  1.85353e-05
h 1309   -968366  1.04774  0.1728  0.388471  0.921461  1.85273e-05
h 1322   -968366  1.04774  0.175624  0.388471  0.921461  1.84574e-05
h 1323   -968366  1.04774  0.177951  0.388471  0.921461  1.83998e-05
h 1324   -968366  1.04774  0.177529  0.388471  0.921461  1.84102e-05
h 1325   -968366  1.04774  0.174631  0.388471  0.921461  1.8482e-05
h 1326   -968366  1.04774  0.174958  0.388471  0.921461  1.84739e-05
h 1327   -968366  1.04774  0.187188  0.388471  0.921461  1.81711e-05
h 1328   -968366  1.04774  0.184702  0.388471  0.921461  1.82327e-05
h 1355   -968366  1.04774  0.180857  0.388471  0.921461  1.83279e-05
h 1356   -968366  1.04774  0.17934  0.388471  0.921461  1.83654e-05
h 1406   -968366  1.04774  0.170496  0.388471  0.921461  1.85843e-05
h 1407   -968366  1.04774  0.170249  0.388471  0.921461  1.85905e-05
h 1408   -968366  1.04774  0.170541  0.388471  0.921461  1.85832e-05
h 1409   -968366  1.04774  0.170141  0.388471  0.921461  1.85931e-05
h 1410   -968366  1.04774  0.170184  0.388471  0.921461  1.85921e-05
h 1415   -968366  1.04774  0.169962  0.388471  0.921461  1.85976e-05
h 1416   -968366  1.04774  0.169171  0.388471  0.921461  1.86171e-05
h 1417   -968366  1.04774  0.169665  0.388471  0.921461  1.86049e-05
h 1454   -968366  1.04774  0.17137  0.388471  0.921461  1.85627e-05
h 1455   -968366  1.04774  0.171335  0.388471  0.921461  1.85636e-05
h 1456   -968366  1.04774  0.169288  0.388471  0.921461  1.86142e-05
h 1479   -968366  1.04774  0.167954  0.388471  0.921461  1.86473e-05
h 1480   -968366  1.04774  0.168051  0.388471  0.921461  1.86449e-05
h 1481   -968366  1.04774  0.166826  0.388471  0.921461  1.86752e-05
h 1482   -968366  1.04774  0.163579  0.388471  0.921461  1.87556e-05
h 1483   -968366  1.04774  0.165232  0.388471  0.921461  1.87147e-05
h 1518   -968366  1.04774  0.170748  0.388471  0.921461  1.85781e-05
h 1519   -968366  1.04774  0.171291  0.388471  0.921461  1.85647e-05
h 1520   -968366  1.04774  0.170597  0.388471  0.921461  1.85818e-05
h 1523   -968366  1.04774  0.170136  0.388471  0.921461  1.85933e-05
h 1524   -968366  1.04774  0.170261  0.388471  0.921461  1.85902e-05
h 1525   -968366  1.04774  0.17007  0.388471  0.921461  1.85949e-05
h 1526   -968366  1.04774  0.173557  0.388471  0.921461  1.85086e-05
h 1527   -968366  1.04774  0.173291  0.388471  0.921461  1.85151e-05
h 1528   -968366  1.04774  0.172891  0.388471  0.921461  1.8525e-05
h 1536   -968366  1.04774  0.185519  0.388471  0.921461  1.82125e-05
h 1537   -968366  1.04774  0.189232  0.388471  0.921461  1.81205e-05
h 1543   -968366  1.04774  0.175676  0.388471  0.921461  1.84561e-05
h 1544   -968366  1.04774  0.177826  0.388471  0.921461  1.84029e-05
h 1545   -968366  1.04774  0.180059  0.388471  0.921461  1.83476e-05
h 1546   -968366  1.04774  0.183123  0.388471  0.921461  1.82718e-05
h 1547   -968366  1.04774  0.18413  0.388471  0.921461  1.82468e-05
h 1580   -968366  1.04774  0.170388  0.388471  0.921461  1.8587e-05
h 1581   -968366  1.04774  0.170955  0.388471  0.921461  1.8573e-05
h 1582   -968366  1.04774  0.17114  0.388471  0.921461  1.85684e-05
h 1586   -968366  1.04774  0.168869  0.388471  0.921461  1.86246e-05
h 1587   -968366  1.04774  0.169394  0.388471  0.921461  1.86116e-05
h 1588   -968366  1.04774  0.169771  0.388471  0.921461  1.86023e-05
h 1589   -968366  1.04774  0.169461  0.388471  0.921461  1.861e-05
h 1590   -968366  1.04774  0.166724  0.388471  0.921461  1.86777e-05
h 1591   -968366  1.04774  0.167667  0.388471  0.921461  1.86544e-05
h 1592   -968366  1.04774  0.168593  0.388471  0.921461  1.86315e-05
h 1593   -968366  1.04774  0.168983  0.388471  0.921461  1.86218e-05
h 1594   -968366  1.04774  0.169017  0.388471  0.921461  1.8621e-05
h 1602   -968366  1.04774  0.165716  0.388471  0.921461  1.87027e-05
h 1603   -968366  1.04774  0.15575  0.388471  0.921461  1.89494e-05
h 1604   -968366  1.04774  0.157037  0.388471  0.921461  1.89175e-05
h 1605   -968366  1.04774  0.148257  0.388471  0.921461  1.91349e-05
h 1606   -968365  1.04774  0.132816  0.388471  0.921461  1.95171e-05
h 1627   -968366  1.04774  0.161184  0.388471  0.921461  1.88149e-05
h 1628   -968366  1.04774  0.158593  0.388471  0.921461  1.8879e-05
h 1635   -968367  1.04774  0.217305  0.388471  0.921461  1.76464e-05
h 1636   -968367  1.04774  0.209613  0.388471  0.921461  1.77741e-05
h 1639   -968367  1.04774  0.253588  0.388471  0.921461  1.70444e-05
h 1640   -968367  1.04774  0.239145  0.388471  0.921461  1.7284e-05
h 1644   -968369  1.04774  0.454883  0.388471  0.921461  1.41679e-05
h 1645   -968369  1.04774  0.390544  0.388471  0.921461  1.48797e-05
h 1648   -968376  1.04774  0.913486  0.388471  0.921461  6.04537e-06
h 1649   -968373  1.04774  0.717702  0.388471  0.921461  9.38177e-06
h 1652   -968367  1.04774  0.198163  0.388471  0.921461  1.79641e-05
h 1653   -968367  1.04774  0.193803  0.388471  0.921461  1.80364e-05
h 1660   -968366  1.04774  0.174279  0.388471  0.921461  1.84907e-05
h 1661   -968366  1.04774  0.173622  0.388471  0.921461  1.8507e-05
h 1668   -968366  1.04774  0.176863  0.388471  0.921461  1.84267e-05
h 1669   -968366  1.04774  0.175886  0.388471  0.921461  1.84509e-05
h 1717   -968366  1.04774  0.16992  0.388471  0.921461  1.85986e-05
h 1718   -968366  1.04774  0.169652  0.388471  0.921461  1.86052e-05
h 1719   -968366  1.04774  0.169899  0.388471  0.921461  1.85991e-05
h 1722   -968366  1.04774  0.169385  0.388471  0.921461  1.86118e-05
h 1723   -968366  1.04774  0.16974  0.388471  0.921461  1.86031e-05
h 1724   -968366  1.04774  0.169692  0.388471  0.921461  1.86042e-05
h 1725   -968366  1.04774  0.169882  0.388471  0.921461  1.85995e-05
h 1726   -968366  1.04774  0.169212  0.388471  0.921461  1.86161e-05
h 1727   -968366  1.04774  0.169443  0.388471  0.921461  1.86104e-05
h 1728   -968366  1.04774  0.168994  0.388471  0.921461  1.86215e-05
h 1731   -968366  1.04774  0.169121  0.388471  0.921461  1.86184e-05
h 1732   -968366  1.04774  0.169273  0.388471  0.921461  1.86146e-05
h 1763   -968366  1.04774  0.167524  0.388471  0.921461  1.86579e-05
h 1764   -968366  1.04774  0.167018  0.388471  0.921461  1.86704e-05
h 1768   -968366  1.04774  0.16988  0.388471  0.921461  1.85996e-05
h 1769   -968366  1.04774  0.169603  0.388471  0.921461  1.86065e-05
h 1770   -968366  1.04774  0.16892  0.388471  0.921461  1.86234e-05
h 1771   -968366  1.04774  0.168259  0.388471  0.921461  1.86397e-05
h 1772   -968366  1.04774  0.169143  0.388471  0.921461  1.86178e-05
h 1784   -968366  1.04774  0.168442  0.388471  0.921461  1.86352e-05
h 1785   -968366  1.04774  0.168205  0.388471  0.921461  1.86411e-05
h 1790   -968366  1.04774  0.168869  0.388471  0.921461  1.86246e-05
h 1791   -968366  1.04774  0.168756  0.388471  0.921461  1.86274e-05
h 1799   -968366  1.04774  0.165607  0.388471  0.921461  1.87054e-05
h 1800   -968366  1.04774  0.164607  0.388471  0.921461  1.87301e-05
h 1831   -968366  1.04774  0.170352  0.388471  0.921461  1.85879e-05
h 1832   -968366  1.04774  0.170135  0.388471  0.921461  1.85933e-05
h 1837   -968366  1.04774  0.169778  0.388471  0.921461  1.86021e-05
h 1838   -968366  1.04774  0.169628  0.388471  0.921461  1.86058e-05
h 1839   -968366  1.04774  0.172631  0.388471  0.921461  1.85315e-05
h 1840   -968366  1.04774  0.172067  0.388471  0.921461  1.85455e-05
h 1843   -968366  1.04774  0.171404  0.388471  0.921461  1.85619e-05
h 1844   -968366  1.04774  0.171957  0.388471  0.921461  1.85482e-05
h 1845   -968366  1.04774  0.171751  0.388471  0.921461  1.85533e-05
h 1846   -968366  1.04774  0.170715  0.388471  0.921461  1.85789e-05
h 1847   -968366  1.04774  0.170881  0.388471  0.921461  1.85748e-05
h 1850   -968366  1.04774  0.171204  0.388471  0.921461  1.85668e-05
h 1851   -968366  1.04774  0.170877  0.388471  0.921461  1.85749e-05
h 1852   -968366  1.04774  0.188931  0.388471  0.921461  1.8128e-05
h 1853   -968366  1.04774  0.186566  0.388471  0.921461  1.81865e-05
h 1860   -968366  1.04774  0.174662  0.388471  0.921461  1.84812e-05
h 1861   -968366  1.04774  0.173834  0.388471  0.921461  1.85017e-05
h 1869   -968366  1.04774  0.1825  0.388471  0.921461  1.82872e-05
h 1870   -968366  1.04774  0.18075  0.388471  0.921461  1.83305e-05
h 1873   -968366  1.04774  0.176402  0.388471  0.921461  1.84381e-05
h 1874   -968366  1.04774  0.179042  0.388471  0.921461  1.83728e-05
h 1875   -968366  1.04774  0.178439  0.388471  0.921461  1.83877e-05
h 1876   -968366  1.04774  0.175226  0.388471  0.921461  1.84673e-05
h 1877   -968366  1.04774  0.175519  0.388471  0.921461  1.846e-05
h 1880   -968366  1.04774  0.177875  0.388471  0.921461  1.84017e-05
h 1881   -968366  1.04774  0.176642  0.388471  0.921461  1.84322e-05
h 1907   -968366  1.04774  0.170716  0.388471  0.921461  1.85789e-05
h 1908   -968366  1.04774  0.170322  0.388471  0.921461  1.85886e-05
h 1909   -968366  1.04774  0.170089  0.388471  0.921461  1.85944e-05
h 1919   -968366  1.04774  0.168623  0.388471  0.921461  1.86307e-05
h 1920   -968366  1.04774  0.168188  0.388471  0.921461  1.86415e-05
h 1923   -968366  1.04774  0.167426  0.388471  0.921461  1.86603e-05
h 1924   -968366  1.04774  0.167975  0.388471  0.921461  1.86468e-05
h 1925   -968366  1.04774  0.167801  0.388471  0.921461  1.86511e-05
h 1926   -968366  1.04774  0.166073  0.388471  0.921461  1.86938e-05
h 1927   -968366  1.04774  0.166452  0.388471  0.921461  1.86845e-05
h 1930   -968366  1.04774  0.167211  0.388471  0.921461  1.86657e-05
h 1931   -968366  1.04774  0.166588  0.388471  0.921461  1.86811e-05
h 1932   -968366  1.04774  0.169664  0.388471  0.921461  1.86049e-05
h 1933   -968366  1.04774  0.169314  0.388471  0.921461  1.86136e-05
h 1936   -968366  1.04774  0.140889  0.388471  0.921461  1.93172e-05
h 1937   -968366  1.04774  0.150313  0.388471  0.921461  1.9084e-05
h 1940   -968366  1.04774  0.165125  0.388471  0.921461  1.87173e-05
h 1941   -968366  1.04774  0.164138  0.388471  0.921461  1.87417e-05
h 1947   -968366  1.04774  0.16183  0.388471  0.921461  1.87989e-05
h 1948   -968366  1.04774  0.164256  0.388471  0.921461  1.87388e-05
h 1956   -968366  1.04774  0.15817  0.388471  0.921461  1.88895e-05
h 1957   -968366  1.04774  0.153126  0.388471  0.921461  1.90143e-05
h 1958   -968366  1.04774  0.149838  0.388471  0.921461  1.90957e-05
h 1959   -968367  1.04774  0.197001  0.388471  0.921461  1.79834e-05
h 1961   -968367  1.04774  0.259543  0.388471  0.921461  1.69456e-05
h 1962   -968367  1.04774  0.207352  0.388471  0.921461  1.78116e-05
h 1980   -968366  1.04774  0.170648  0.388471  0.921461  1.85806e-05
h 1981   -968366  1.04774  0.17032  0.388471  0.921461  1.85887e-05
h 1984   -968366  1.04774  0.143779  0.388471  0.921461  1.92457e-05
h 1985   -968365  1.04774  0.13759  0.388471  0.921461  1.93989e-05
h 1988   -968366  1.04774  0.162944  0.388471  0.921461  1.87713e-05
h 1989   -968366  1.04774  0.164121  0.388471  0.921461  1.87421e-05
h 1990   -968366  1.04774  0.16332  0.388471  0.921461  1.8762e-05
h 1991   -968366  1.04774  0.158518  0.388471  0.921461  1.88809e-05
h 1992   -968366  1.04774  0.160009  0.388471  0.921461  1.88439e-05
h 1995   -968366  1.04774  0.161651  0.388471  0.921461  1.88033e-05
h 1996   -968366  1.04774  0.159922  0.388471  0.921461  1.88461e-05
h 1999   -968366  1.04774  0.155424  0.388471  0.921461  1.89574e-05
h 2000   -968366  1.04774  0.152124  0.388471  0.921461  1.90391e-05
SolidID  2373   318 
h 318   -968363  1.04774  0.0203039  0.921461  0.388471  2.23023e-05
h 319   -968363  1.04774  0.0198364  0.921461  0.388471  2.23139e-05
h 334   -968363  1.04774  0.0124843  0.921461  0.388471  2.24959e-05
h 339   -968363  1.04774  0.0257964  0.921461  0.388471  2.21664e-05
h 346   -968363  1.04774  0.0149602  0.921461  0.388471  2.24346e-05
h 348   -968366  1.04774  0.160973  0.921461  0.388471  1.88201e-05
h 349   -968363  1.04774  0.0184359  0.921461  0.388471  2.23486e-05
h 649   -968364  1.04774  0.0334688  0.921461  0.388471  2.19764e-05
h 650   -968363  1.04774  0.0177342  0.921461  0.388471  2.23659e-05
h 651   -968363  1.04774  0.0184379  0.921461  0.388471  2.23485e-05
h 652   -968363  1.04774  0.0211105  0.921461  0.388471  2.22824e-05
h 656   -968365  1.04774  0.102063  0.921461  0.388471  2.02784e-05
h 693   -968363  1.04774  0.0236802  0.921461  0.388471  2.22187e-05
h 694   -968363  1.04774  0.0218037  0.921461  0.388471  2.22652e-05
h 698   -968367  1.04774  0.263499  0.921461  0.388471  1.68799e-05
h 699   -968363  1.04774  0.0267257  0.921461  0.388471  2.21434e-05
h 700   -968364  1.04774  0.062051  0.921461  0.388471  2.12689e-05
h 701   -968364  1.04774  0.0737786  0.921461  0.388471  2.09786e-05
h 702   -968364  1.04774  0.0440513  0.921461  0.388471  2.17145e-05
h 716   -968363  1.04774  0.0165939  0.921461  0.388471  2.23942e-05
h 717   -968363  1.04774  0.0167046  0.921461  0.388471  2.23914e-05
h 730   -968363  1.04774  0.0268775  0.921461  0.388471  2.21396e-05
h 731   -968363  1.04774  0.0264798  0.921461  0.388471  2.21494e-05
h 732   -968363  1.04774  0.0259173  0.921461  0.388471  2.21634e-05
h 733   -968363  1.04774  0.0261669  0.921461  0.388471  2.21572e-05
h 734   -968365  1.04774  0.0874457  0.921461  0.388471  2.06402e-05
h 735   -968364  1.04774  0.0566639  0.921461  0.388471  2.14022e-05
h 736   -968364  1.04774  0.0522437  0.921461  0.388471  2.15117e-05
h 759   -968363  1.04774  0.0137728  0.921461  0.388471  2.2464e-05
h 760   -968363  1.04774  0.0250443  0.921461  0.388471  2.2185e-05
h 761   -968363  1.04774  0.0123184  0.921461  0.388471  2.25e-05
h 762   -968363  1.04774  0.0195735  0.921461  0.388471  2.23204e-05
h 763   -968363  1.04774  0.00410867  0.921461  0.388471  2.31283e-05
h 764   -968363  1.04774  0.0066392  0.921461  0.388471  2.28644e-05
h 765   -968362  1.04774  -0.00452488  0.921461  0.388471  2.36554e-05
h 770   -968363  1.04774  0.0129821  0.921461  0.388471  2.24836e-05
h 771   -968363  1.04774  0.0237608  0.921461  0.388471  2.22167e-05
h 772   -968364  1.04774  0.0383969  0.921461  0.388471  2.18544e-05
h 773   -968363  1.04774  0.00440828  0.921461  0.388471  2.30971e-05
h 799   -968361  1.04774  -0.0527784  0.921461  0.388471  2.47058e-05
h 803   -968372  1.04774  0.633928  0.921461  0.388471  1.12574e-05
h 804   -968373  1.04774  0.717507  0.921461  0.388471  9.38615e-06
h 825   -968369  1.04774  0.363465  0.921461  0.388471  1.52211e-05
h 826   -968369  1.04774  0.454298  0.921461  0.388471  1.41744e-05
h 827   -968369  1.04774  0.408225  0.921461  0.388471  1.46841e-05
h 843   -968363  1.04774  0.00424321  0.921461  0.388471  2.31143e-05
h 844   -968363  1.04774  0.0280839  0.921461  0.388471  2.21097e-05
h 845   -968365  1.04774  0.0883704  0.921461  0.388471  2.06173e-05
h 846   -968364  1.04774  0.039494  0.921461  0.388471  2.18273e-05
h 847   -968365  1.04774  0.116115  0.921461  0.388471  1.99305e-05
h 848   -968365  1.04774  0.110373  0.921461  0.388471  2.00727e-05
h 849   -968366  1.04774  0.176584  0.921461  0.388471  1.84336e-05
h 850   -968365  1.04774  0.122158  0.921461  0.388471  1.97809e-05
h 861   -968365  1.04774  0.0870657  0.921461  0.388471  2.06496e-05
h 863   -968363  1.04774  0.0136799  0.921461  0.388471  2.24663e-05
h 864   -968363  1.04774  0.0168253  0.921461  0.388471  2.23884e-05
h 865   -968363  1.04774  0.0166934  0.921461  0.388471  2.23917e-05
h 866   -968363  1.04774  0.0168151  0.921461  0.388471  2.23887e-05
h 867   -968363  1.04774  0.0136828  0.921461  0.388471  2.24662e-05
h 869   -968363  1.04774  0.0186131  0.921461  0.388471  2.23442e-05
h 870   -968363  1.04774  0.0165939  0.921461  0.388471  2.23942e-05
h 871   -968362  1.04774  0.00116914  0.921461  0.388471  2.3435e-05
h 872   -968363  1.04774  0.00561916  0.921461  0.388471  2.29708e-05
h 881   -968361  1.04774  -0.0830411  0.921461  0.388471  2.53645e-05
h 882   -968360  1.04774  -0.171429  0.921461  0.388471  2.72889e-05
h 902   -968366  1.04774  0.171441  0.921461  0.388471  1.8561e-05
h 903   -968369  1.04774  0.368672  0.921461  0.388471  1.51347e-05
h 904   -968367  1.04774  0.2449  0.921461  0.388471  1.71886e-05
h 905   -968369  1.04774  0.414582  0.921461  0.388471  1.46138e-05
h 906   -968368  1.04774  0.331278  0.921461  0.388471  1.57552e-05
h 907   -968365  1.04774  0.101287  0.921461  0.388471  2.02976e-05
h 908   -968367  1.04774  0.200734  0.921461  0.388471  1.79214e-05
h 909   -968366  1.04774  0.153253  0.921461  0.388471  1.90112e-05
h 910   -968366  1.04774  0.161375  0.921461  0.388471  1.88101e-05
h 911   -968365  1.04774  0.125677  0.921461  0.388471  1.96938e-05
h 912   -968365  1.04774  0.124973  0.921461  0.388471  1.97113e-05
h 969   -968363  1.04774  0.012141  0.921461  0.388471  2.25044e-05
h 970   -968363  1.04774  0.0110584  0.921461  0.388471  2.25312e-05
h 997   -968363  1.04774  0.00294149  0.921461  0.388471  2.32501e-05
h 1038   -968363  1.04774  0.0199627  0.921461  0.388471  2.23108e-05
h 1039   -968363  1.04774  0.0233599  0.921461  0.388471  2.22267e-05
h 1040   -968363  1.04774  0.0193919  0.921461  0.388471  2.23249e-05
h 1051   -968363  1.04774  0.0203892  0.921461  0.388471  2.23002e-05
h 1052   -968363  1.04774  0.0216803  0.921461  0.388471  2.22682e-05
h 1053   -968363  1.04774  0.0216785  0.921461  0.388471  2.22683e-05
h 1079   -968379  1.04774  1.03067  0.921461  0.388471  2.1255e-06
h 1080   -968375  1.04774  0.880017  0.921461  0.388471  6.60193e-06
h 1087   -968370  1.04774  0.514596  0.921461  0.388471  1.35074e-05
h 1088   -968372  1.04774  0.643391  0.921461  0.388471  1.10455e-05
h 1089   -968370  1.04774  0.508292  0.921461  0.388471  1.35771e-05
h 1101   -968373  1.04774  0.695748  0.921461  0.388471  9.87331e-06
h 1102   -968371  1.04774  0.593307  0.921461  0.388471  1.21668e-05
h 1110   -968365  1.04774  0.110999  0.921461  0.388471  2.00572e-05
h 1113   -968363  1.04774  0.00304098  0.921461  0.388471  2.32397e-05
h 1114   -968363  1.04774  0.00785195  0.921461  0.388471  2.27378e-05
h 1117   -968363  1.04774  0.00254491  0.921461  0.388471  2.32915e-05
h 1118   -968362  1.04774  0.000690699  0.921461  0.388471  2.34849e-05
h 1119   -968363  1.04774  0.0027905  0.921461  0.388471  2.32659e-05
h 1128   -968362  1.04774  -0.00454048  0.921461  0.388471  2.36558e-05
h 1129   -968362  1.04774  -0.00857161  0.921461  0.388471  2.37435e-05
h 1132   -968363  1.04774  0.00463726  0.921461  0.388471  2.30732e-05
h 1133   -968362  1.04774  -0.00231525  0.921461  0.388471  2.36074e-05
h 1134   -968362  1.04774  -0.0158526  0.921461  0.388471  2.3902e-05
h 1135   -968362  1.04774  -0.00742092  0.921461  0.388471  2.37185e-05
h 1136   -968362  1.04774  0.00086622  0.921461  0.388471  2.34666e-05
h 1137   -968360  1.04774  -0.506516  0.921461  0.388471  2.69323e-05
h 1138   -968356  1.04774  -0.33641  0.921461  0.388471  3.19388e-05
h 1150   -968369  1.04774  0.3535  0.921461  0.388471  1.53865e-05
h 1151   -968369  1.04774  0.431717  0.921461  0.388471  1.44242e-05
h 1152   -968368  1.04774  0.282025  0.921461  0.388471  1.65725e-05
h 1153   -968368  1.04774  0.290694  0.921461  0.388471  1.64287e-05
h 1157   -968366  1.04774  0.163772  0.921461  0.388471  1.87508e-05
h 1158   -968366  1.04774  0.141525  0.921461  0.388471  1.93015e-05
h 1161   -968367  1.04774  0.237149  0.921461  0.388471  1.73172e-05
h 1162   -968366  1.04774  0.190317  0.921461  0.388471  1.80943e-05
h 1163   -968366  1.04774  0.182184  0.921461  0.388471  1.8295e-05
h 1167   -968365  1.04774  0.106451  0.921461  0.388471  2.01698e-05
h 1172   -968367  1.04774  0.242513  0.921461  0.388471  1.72282e-05
h 1173   -968367  1.04774  0.207532  0.921461  0.388471  1.78086e-05
h 1219   -968363  1.04774  0.0074468  0.921461  0.388471  2.27801e-05
h 1220   -968363  1.04774  0.0044147  0.921461  0.388471  2.30964e-05
h 1221   -968363  1.04774  0.00304085  0.921461  0.388471  2.32397e-05
h 1231   -968362  1.04774  -0.0026515  0.921461  0.388471  2.36147e-05
h 1232   -968362  1.04774  0.000516028  0.921461  0.388471  2.35031e-05
h 1239   -968365  1.04774  0.10136  0.921461  0.388471  2.02958e-05
h 1240   -968367  1.04774  0.232833  0.921461  0.388471  1.73888e-05
h 1241   -968369  1.04774  0.370221  0.921461  0.388471  1.5109e-05
h 1243   -968370  1.04774  0.534289  0.921461  0.388471  1.32895e-05
h 1244   -968374  1.04774  0.810208  0.921461  0.388471  7.76031e-06
h 1254   -968376  1.04774  0.909922  0.921461  0.388471  6.1057e-06
h 1255   -968380  1.04774  1.10157  0.921461  0.388471  0
h 1306   -968363  1.04774  0.0275727  0.921461  0.388471  2.21224e-05
h 1314   -968363  1.04774  0.0235413  0.921461  0.388471  2.22222e-05
h 1315   -968363  1.04774  0.0255588  0.921461  0.388471  2.21722e-05
h 1316   -968363  1.04774  0.0259567  0.921461  0.388471  2.21624e-05
h 1317   -968363  1.04774  0.0231781  0.921461  0.388471  2.22312e-05
h 1318   -968363  1.04774  0.0227087  0.921461  0.388471  2.22428e-05
h 1319   -968363  1.04774  0.0220036  0.921461  0.388471  2.22602e-05
h 1320   -968363  1.04774  0.0219377  0.921461  0.388471  2.22619e-05
h 1321   -968363  1.04774  0.0225369  0.921461  0.388471  2.2247e-05
h 1333   -968363  1.04774  0.0228939  0.921461  0.388471  2.22382e-05
h 1334   -968363  1.04774  0.0234265  0.921461  0.388471  2.2225e-05
h 1346   -968363  1.04774  0.0227929  0.921461  0.388471  2.22407e-05
h 1347   -968363  1.04774  0.0225843  0.921461  0.388471  2.22459e-05
h 1370   -968362  1.04774  -0.00652233  0.921461  0.388471  2.36989e-05
h 1371   -968362  1.04774  -0.00857704  0.921461  0.388471  2.37436e-05
h 1372   -968362  1.04774  -0.0390756  0.921461  0.388471  2.44075e-05
h 1373   -968362  1.04774  -0.0229312  0.921461  0.388471  2.40561e-05
h 1374   -968366  1.04774  0.186871  0.921461  0.388471  1.8179e-05
h 1375   -968365  1.04774  0.100101  0.921461  0.388471  2.0327e-05
h 1376   -968367  1.04774  0.200284  0.921461  0.388471  1.79289e-05
h 1377   -968367  1.04774  0.251712  0.921461  0.388471  1.70755e-05
h 1378   -968364  1.04774  0.0820846  0.921461  0.388471  2.0773e-05
h 1379   -968364  1.04774  0.0477189  0.921461  0.388471  2.16237e-05
h 1381   -968367  1.04774  0.253633  0.921461  0.388471  1.70436e-05
h 1384   -968365  1.04774  0.133349  0.921461  0.388471  1.95039e-05
h 1385   -968366  1.04774  0.146771  0.921461  0.388471  1.91717e-05
h 1386   -968363  1.04774  0.021091  0.921461  0.388471  2.22828e-05
h 1387   -968361  1.04774  -0.0680248  0.921461  0.388471  2.50376e-05
h 1388   -968364  1.04774  0.039115  0.921461  0.388471  2.18367e-05
h 1389   -968362  1.04774  -0.048387  0.921461  0.388471  2.46102e-05
h 1398   -968363  1.04774  0.0232393  0.921461  0.388471  2.22297e-05
h 1399   -968364  1.04774  0.0774029  0.921461  0.388471  2.08888e-05
h 1400   -968364  1.04774  0.0475663  0.921461  0.388471  2.16274e-05
h 1401   -968362  1.04774  -0.0298018  0.921461  0.388471  2.42056e-05
h 1421   -968363  1.04774  0.0250485  0.921461  0.388471  2.21849e-05
h 1422   -968363  1.04774  0.0235221  0.921461  0.388471  2.22227e-05
h 1423   -968363  1.04774  0.024112  0.921461  0.388471  2.22081e-05
h 1424   -968364  1.04774  0.0504087  0.921461  0.388471  2.15571e-05
h 1425   -968364  1.04774  0.0573698  0.921461  0.388471  2.13848e-05
h 1426   -968364  1.04774  0.0792714  0.921461  0.388471  2.08426e-05
h 1427   -968364  1.04774  0.0707334  0.921461  0.388471  2.10539e-05
h 1428   -968364  1.04774  0.0577216  0.921461  0.388471  2.13761e-05
h 1429   -968364  1.04774  0.0773591  0.921461  0.388471  2.08899e-05
h 1430   -968364  1.04774  0.0697286  0.921461  0.388471  2.10788e-05
h 1431   -968364  1.04774  0.0561268  0.921461  0.388471  2.14155e-05
h 1432   -968364  1.04774  0.0621291  0.921461  0.388471  2.12669e-05
h 1442   -968364  1.04774  0.0372549  0.921461  0.388471  2.18827e-05
h 1443   -968363  1.04774  0.0307596  0.921461  0.388471  2.20435e-05
h 1446   -968363  1.04774  0.0314829  0.921461  0.388471  2.20256e-05
h 1447   -968363  1.04774  0.0281218  0.921461  0.388471  2.21088e-05
h 1448   -968363  1.04774  0.0283017  0.921461  0.388471  2.21043e-05
h 1452   -968363  1.04774  0.0138101  0.921461  0.388471  2.24631e-05
h 1453   -968363  1.04774  0.0135853  0.921461  0.388471  2.24686e-05
h 1465   -968363  1.04774  0.00965059  0.921461  0.388471  2.2566e-05
h 1466   -968363  1.04774  0.0049267  0.921461  0.388471  2.3043e-05
h 1467   -968363  1.04774  0.007466  0.921461  0.388471  2.27781e-05
h 1476   -968363  1.04774  0.00971207  0.921461  0.388471  2.25645e-05
h 1477   -968363  1.04774  0.00694776  0.921461  0.388471  2.28322e-05
h 1478   -968363  1.04774  0.00806442  0.921461  0.388471  2.27157e-05
h 1551   -968363  1.04774  0.0274032  0.921461  0.388471  2.21266e-05
h 1552   -968364  1.04774  0.0387666  0.921461  0.388471  2.18453e-05
h 1553   -968363  1.04774  0.0301422  0.921461  0.388471  2.20588e-05
h 1554   -968363  1.04774  0.0269194  0.921461  0.388471  2.21386e-05
h 1555   -968363  1.04774  0.0275863  0.921461  0.388471  2.2122e-05
h 1556   -968364  1.04774  0.0387991  0.921461  0.388471  2.18445e-05
h 1557   -968364  1.04774  0.0318158  0.921461  0.388471  2.20173e-05
h 1558   -968363  1.04774  0.0306908  0.921461  0.388471  2.20452e-05
h 1559   -968364  1.04774  0.0337187  0.921461  0.388471  2.19702e-05
h 1560   -968363  1.04774  0.031023  0.921461  0.388471  2.2037e-05
h 1561   -968363  1.04774  0.0307302  0.921461  0.388471  2.20442e-05
h 1562   -968364  1.04774  0.0653068  0.921461  0.388471  2.11883e-05
h 1563   -968364  1.04774  0.0846083  0.921461  0.388471  2.07105e-05
h 1564   -968365  1.04774  0.0899729  0.921461  0.388471  2.05777e-05
h 1565   -968364  1.04774  0.0828114  0.921461  0.388471  2.0755e-05
h 1574   -968364  1.04774  0.0569762  0.921461  0.388471  2.13945e-05
h 1575   -968364  1.04774  0.0624406  0.921461  0.388471  2.12592e-05
h 1607   -968362  1.04774  -0.0281298  0.921461  0.388471  2.41692e-05
h 1610   -968362  1.04774  -0.025856  0.921461  0.388471  2.41198e-05
h 1611   -968362  1.04774  -0.0401715  0.921461  0.388471  2.44314e-05
h 1615   -968362  1.04774  -0.0145386  0.921461  0.388471  2.38734e-05
h 1616   -968362  1.04774  -0.018496  0.921461  0.388471  2.39595e-05
h 1619   -968369  1.04774  0.409482  0.921461  0.388471  1.46702e-05
h 1620   -968368  1.04774  0.346789  0.921461  0.388471  1.54978e-05
h 1623   -968363  1.04774  0.00459801  0.921461  0.388471  2.30773e-05
h 1624   -968363  1.04774  0.00582112  0.921461  0.388471  2.29497e-05
h 1656   -968363  1.04774  0.0290868  0.921461  0.388471  2.20849e-05
h 1657   -968363  1.04774  0.0273887  0.921461  0.388471  2.21269e-05
h 1664   -968363  1.04774  0.0248055  0.921461  0.388471  2.21909e-05
h 1665   -968363  1.04774  0.0239106  0.921461  0.388471  2.2213e-05
h 1672   -968360  1.04774  -0.126795  0.921461  0.388471  2.63168e-05
h 1673   -968360  1.04774  -0.116562  0.921461  0.388471  2.60941e-05
h 1676   -968361  1.04774  -0.0765098  0.921461  0.388471  2.52223e-05
h 1677   -968361  1.04774  -0.0547881  0.921461  0.388471  2.47495e-05
h 1680   -968362  1.04774  -0.0282849  0.921461  0.388471  2.41726e-05
h 1681   -968361  1.04774  -0.0822776  0.921461  0.388471  2.53479e-05
h 1682   -968361  1.04774  -0.0554692  0.921461  0.388471  2.47643e-05
h 1683   -968361  1.04774  -0.11091  0.921461  0.388471  2.59711e-05
h 1688   -968361  1.04774  -0.0558205  0.921461  0.388471  2.4772e-05
h 1689   -968361  1.04774  -0.0661311  0.921461  0.388471  2.49964e-05
h 1696   -968360  1.04774  -0.142594  0.921461  0.388471  2.66607e-05
h 1697   -968360  1.04774  -0.142342  0.921461  0.388471  2.66552e-05
h 1704   -968360  1.04774  -0.125174  0.921461  0.388471  2.62816e-05
h 1705   -968360  1.04774  -0.132739  0.921461  0.388471  2.64462e-05
h 1708   -968362  1.04774  -0.0255114  0.921461  0.388471  2.41122e-05
h 1709   -968362  1.04774  -0.0345359  0.921461  0.388471  2.43087e-05
h 1710   -968361  1.04774  -0.0632467  0.921461  0.388471  2.49336e-05
h 1711   -968361  1.04774  -0.092548  0.921461  0.388471  2.55714e-05
h 1712   -968362  1.04774  -0.0496297  0.921461  0.388471  2.46372e-05
h 1715   -968361  1.04774  -0.090945  0.921461  0.388471  2.55365e-05
h 1716   -968361  1.04774  -0.104811  0.921461  0.388471  2.58383e-05
h 1733   -968364  1.04774  0.0526817  0.921461  0.388471  2.15008e-05
h 1734   -968364  1.04774  0.05833  0.921461  0.388471  2.1361e-05
h 1737   -968363  1.04774  0.0252281  0.921461  0.388471  2.21804e-05
h 1738   -968363  1.04774  0.0265059  0.921461  0.388471  2.21488e-05
h 1741   -968364  1.04774  0.0413972  0.921461  0.388471  2.17802e-05
h 1742   -968364  1.04774  0.0487849  0.921461  0.388471  2.15973e-05
h 1743   -968364  1.04774  0.0482216  0.921461  0.388471  2.16112e-05
h 1744   -968364  1.04774  0.0360038  0.921461  0.388471  2.19137e-05
h 1745   -968364  1.04774  0.0359993  0.921461  0.388471  2.19138e-05
h 1751   -968363  1.04774  0.0303613  0.921461  0.388471  2.20534e-05
h 1752   -968364  1.04774  0.0327529  0.921461  0.388471  2.19942e-05
h 1755   -968363  1.04774  0.0104382  0.921461  0.388471  2.25465e-05
h 1756   -968363  1.04774  0.00944623  0.921461  0.388471  2.25715e-05
h 1757   -968363  1.04774  0.00807876  0.921461  0.388471  2.27142e-05
h 1758   -968363  1.04774  0.0103533  0.921461  0.388471  2.25486e-05
h 1759   -968363  1.04774  0.0090637  0.921461  0.388471  2.26114e-05
h 1760   -968363  1.04774  0.00713018  0.921461  0.388471  2.28131e-05
h 1761   -968363  1.04774  0.00804991  0.921461  0.388471  2.27172e-05
h 1762   -968363  1.04774  0.00962875  0.921461  0.388471  2.25666e-05
h 1774   -968363  1.04774  0.00757464  0.921461  0.388471  2.27668e-05
h 1775   -968363  1.04774  0.00750357  0.921461  0.388471  2.27742e-05
h 1780   -968363  1.04774  0.00710158  0.921461  0.388471  2.28161e-05
h 1781   -968363  1.04774  0.00674538  0.921461  0.388471  2.28533e-05
h 1786   -968363  1.04774  0.0056234  0.921461  0.388471  2.29703e-05
h 1787   -968363  1.04774  0.00485672  0.921461  0.388471  2.30503e-05
h 1794   -968363  1.04774  0.00708507  0.921461  0.388471  2.28178e-05
h 1795   -968363  1.04774  0.00733909  0.921461  0.388471  2.27913e-05
h 1882   -968364  1.04774  0.0739176  0.921461  0.388471  2.09751e-05
h 1883   -968364  1.04774  0.0676063  0.921461  0.388471  2.11314e-05
h 1886   -968364  1.04774  0.0353149  0.921461  0.388471  2.19307e-05
h 1887   -968364  1.04774  0.0331153  0.921461  0.388471  2.19852e-05
h 1890   -968364  1.04774  0.0377701  0.921461  0.388471  2.187e-05
h 1891   -968364  1.04774  0.0380325  0.921461  0.388471  2.18635e-05
h 1892   -968364  1.04774  0.0412671  0.921461  0.388471  2.17834e-05
h 1893   -968364  1.04774  0.0423876  0.921461  0.388471  2.17556e-05
h 1894   -968364  1.04774  0.0483601  0.921461  0.388471  2.16078e-05
h 1895   -968364  1.04774  0.0458907  0.921461  0.388471  2.16689e-05
h 1896   -968364  1.04774  0.048739  0.921461  0.388471  2.15984e-05
h 1897   -968364  1.04774  0.0449492  0.921461  0.388471  2.16922e-05
h 1898   -968364  1.04774  0.0562522  0.921461  0.388471  2.14124e-05
h 1900   -968364  1.04774  0.049517  0.921461  0.388471  2.15792e-05
h 1901   -968364  1.04774  0.051922  0.921461  0.388471  2.15196e-05
h 1972   -968364  1.04774  0.0390313  0.921461  0.388471  2.18387e-05
h 1973   -968364  1.04774  0.0429292  0.921461  0.388471  2.17422e-05
h 1976   -968364  1.04774  0.0439009  0.921461  0.388471  2.17182e-05
h 1977   -968364  1.04774  0.0407128  0.921461  0.388471  2.17971e-05
h 2005   -968362  1.04774  -0.0142788  0.921461  0.388471  2.38678e-05
h 2006   -968362  1.04774  -0.018674  0.921461  0.388471  2.39634e-05
h 2012   -968362  1.04774  -0.0351155  0.921461  0.388471  2.43213e-05
h 2013   -968361  1.04774  -0.053033  0.921461  0.388471  2.47113e-05
h 2014   -968361  1.04774  -0.0820778  0.921461  0.388471  2.53435e-05
h 2015   -968362  1.04774  -0.00100945  0.921461  0.388471  2.35789e-05
h 2016   -968362  1.04774  -0.00424002  0.921461  0.388471  2.36492e-05
h 2017   -968362  1.04774  -0.00387864  0.921461  0.388471  2.36414e-05
h 2018   -968362  1.04774  -0.00833191  0.921461  0.388471  2.37383e-05
h 2019   -968362  1.04774  -0.00733746  0.921461  0.388471  2.37167e-05
h 2023   -968358  1.04774  -0.220838  0.921461  0.388471  2.86815e-05
h 2024   -968360  1.04774  -0.127593  0.921461  0.388471  2.63342e-05
h 2025   -968361  1.04774  -0.0935765  0.921461  0.388471  2.55938e-05
h 2026   -968360  1.04774  -0.115173  0.921461  0.388471  2.60639e-05
h 2027   -968360  1.04774  -0.128578  0.921461  0.388471  2.63556e-05
h 2028   -968359  1.04774  -0.181718  0.921461  0.388471  2.75789e-05
h 2051   -968362  1.04774  -0.0210605  0.921461  0.388471  2.40154e-05
h 2052   -968362  1.04774  -0.0150703  0.921461  0.388471  2.3885e-05
h 2053   -968362  1.04774  -0.0186127  0.921461  0.388471  2.39621e-05
h 2056   -968362  1.04774  -0.0346412  0.921461  0.388471  2.4311e-05
h 2057   -968362  1.04774  -0.026367  0.921461  0.388471  2.41309e-05
h 2062   -968362  1.04774  -0.014404  0.921461  0.388471  2.38705e-05
h 2063   -968362  1.04774  -0.00980884  0.921461  0.388471  2.37705e-05
h 2066   -968362  1.04774  -0.0435396  0.921461  0.388471  2.45047e-05
h 2067   -968361  1.04774  -0.0673626  0.921461  0.388471  2.50232e-05
h 2068   -968362  1.04774  -0.0413716  0.921461  0.388471  2.44575e-05
h 2069   -968362  1.04774  -0.0349048  0.921461  0.388471  2.43167e-05
h 2071   -968361  1.04774  -0.0716192  0.921461  0.388471  2.51159e-05
h 2072   -968361  1.04774  -0.0555545  0.921461  0.388471  2.47662e-05
h 2075   -968360  1.04774  -0.169944  0.921461  0.388471  2.72561e-05
h 2076   -968360  1.04774  -0.129809  0.921461  0.388471  2.63824e-05
SolidID  2745   14 
h 320   -968363  1.04774  0.0213278  0.921461  0.388471  2.2277e-05
h 321   -968363  1.04774  0.0215903  0.921461  0.388471  2.22705e-05
h 322   -968363  1.04774  0.0226451  0.921461  0.388471  2.22444e-05
h 323   -968363  1.04774  0.0221086  0.921461  0.388471  2.22576e-05
h 324   -968363  1.04774  0.0227267  0.921461  0.388471  2.22423e-05
h 325   -968363  1.04774  0.0221969  0.921461  0.388471  2.22555e-05
h 326   -968363  1.04774  0.0215763  0.921461  0.388471  2.22708e-05
h 327   -968363  1.04774  0.0234482  0.921461  0.388471  2.22245e-05
h 328   -968363  1.04774  0.0240822  0.921461  0.388471  2.22088e-05
h 329   -968363  1.04774  0.0209678  0.921461  0.388471  2.22859e-05
h 330   -968363  1.04774  0.0244967  0.921461  0.388471  2.21985e-05
h 331   -968363  1.04774  0.0204114  0.921461  0.388471  2.22997e-05
h 332   -968363  1.04774  0.024643  0.921461  0.388471  2.21949e-05
h 333   -968363  1.04774  0.0199138  0.921461  0.388471  2.2312e-05
E_DATA
B_MESH_DATA
Dim 2 
NumPts 416 
NumElems 636 
1   0.00734561   0.0237364    0
2   0.00736845   0.0236216    0
3   0.00679129   0.0235068    0
4   0.00728058   0.0238337    0
5   0.00685632   0.0234094    0
6   0.00718325   0.0238987    0
7   0.00706845   0.0239216    0
8   0.00695364   0.0233444    0
9   0.00706845   0.0233216    0
10   0.00695364   0.0238987    0
11   0.00685632   0.0238337    0
12   0.00718325   0.0233444    0
13   0.00679129   0.0237364    0
14   0.00728058   0.0234094    0
15   0.00676845   0.0236216    0
16   0.00734561   0.0235068    0
17   0.00762088   0.0217792    0
18   0.0123354   0.0149897    0
19   0.0114139   0.0146012    0
20   0.0115888   0.0159506    0
21   0.00635328   0.0254679    0
22   0.00939184   0.0213282    0
23   0.00859557   0.0199992    0
24   0.00459291   0.0281897    0
25   0.0035477   0.0293651    0
26   0.005173   0.0293375    0
27   0.00710703   0.0203123    0
28   0.00563812   0.0270143    0
29   0.00711162   0.0267369    0
30   0.00793285   0.0251466    0
31   0.00421266   0.0271778    0
32   0.00624844   0.0220829    0
33   0.00364447   0.0330304    0
34   0.00492206   0.0325741    0
35   0.00370489   0.0316    0
36   0.00663116   0.0278766    0
37   0.0063986   0.0290382    0
38   0.00876686   0.023082    0
39   0.00582223   0.0230041    0
40   0.00464507   0.0261521    0
41   0.00525417   0.0245618    0
42   0.00877324   0.0187832    0
43   0.0101078   0.01963    0
44   0.0089509   0.0175671    0
45   0.00765594   0.0182157    0
46   0.00967686   0.0182486    0
47   0.0103441   0.018672    0
48   0.0105805   0.0177141    0
49   0.0111002   0.0184874    0
50   0.00969034   0.0166078    0
51   0.00831974   0.0166411    0
52   0.0110846   0.0168323    0
53   0.0119424   0.0166468    0
54   0.00160139   0.0314411    0
55   0.00180155   0.0322535    0
56   0.00255306   0.0311144    0
57   0.00140124   0.0306288    0
58   0.00272301   0.0326419    0
59   0.0100914   0.0154102    0
60   0.0104924   0.0142127    0
61   0.0088002   0.0155015    0
62   0.00918559   0.0146629    0
63   0.00816904   0.0145755    0
64   0.00957097   0.0138242    0
65   0.00792881   0.0151453    0
66   0.00834986   0.0241143    0
67   0.00752224   0.0259417    0
68   0.00825899   0.025803    0
69   0.00906558   0.0253198    0
70   0.0125678   0.0157255    0
71   0.0132568   0.0153781    0
72   0.00461701   0.0300464    0
73   0.00362629   0.0304825    0
74   0.00277434   0.0299376    0
75   0.00393235   0.0262338    0
76   0.00347385   0.0282783    0
77   0.00349994   0.0272595    0
78   0.00321962   0.0263156    0
79   0.00974981   0.0204791    0
80   0.0108639   0.0194454    0
81   0.00738148   0.019264    0
82   0.00667774   0.0211976    0
83   0.00636276   0.0204689    0
84   0.00114066   0.0312469    0
85   0.000880084   0.031865    0
86   0.00208779   0.0302832    0
87   0.00192239   0.0293926    0
88   0.00166182   0.0300107    0
89   0.00840928   0.0140056    0
90   0.00870772   0.024717    0
91   0.00930581   0.02475    0
92   0.00954604   0.0241802    0
93   0.00736791   0.0277378    0
94   0.00882535   0.0258896    0
95   0.00858512   0.0264595    0
96   0.00784837   0.0265982    0
97   0.00810467   0.0275991    0
98   0.0130285   0.0159197    0
99   0.0128002   0.0164613    0
100   0.00256457   0.0291523    0
101   0.0023548   0.0283669    0
102   0.00300341   0.0268284    0
103   0.00278721   0.0273413    0
104   0.00313053   0.0278098    0
105   0.00343582   0.0258027    0
106   0.00257101   0.0278541    0
107   0.0104874   0.0203383    0
108   0.0112251   0.0201975    0
109   0.0114225   0.0197291    0
110   0.01162   0.0192607    0
111   0.00899012   0.0139149    0
112   0.00864951   0.0134358    0
113   0.00911024   0.01363    0
114   0.00134081   0.0320592    0
115   0.00556222   0.0222348    0
116   0.00596249   0.0213518    0
117   0.00524725   0.021506    0
118   0.00561849   0.0206254    0
119   0.00668561   0.0195044    0
120   0.00598973   0.0197448    0
121   0.00617535   0.0193045    0
122   0.00636098   0.0188642    0
123   0.00580411   0.0201851    0
124   0.00712769   0.0283077    0
125   0.00701141   0.0288885    0
126   0.00762421   0.0287388    0
127   0.00469561   0.0311638    0
128   0.00568633   0.0307277    0
129   0.00544764   0.0316408    0
130   0.00456593   0.0334189    0
131   0.00548739   0.0338074    0
132   0.00520473   0.0331907    0
133   0.00556086   0.032346    0
134   0.00619966   0.0321178    0
135   0.00584353   0.0329626    0
136   0.00604247   0.0298829    0
137   0.00629913   0.030578    0
138   0.00703718   0.0186705    0
139   0.00924527   0.0160546    0
140   0.00855997   0.0160713    0
141   0.00768858   0.0157151    0
142   0.00800416   0.0161781    0
143   0.00798784   0.0174284    0
144   0.00734036   0.0177527    0
145   0.00669288   0.0180769    0
146   0.00907935   0.0222051    0
147   0.00915645   0.0236311    0
148   0.010111   0.0212312    0
149   0.0108302   0.0211342    0
150   0.00605524   0.0241977    0
151   0.0055382   0.0237829    0
152   0.00519612   0.0230583    0
153   0.00487601   0.0223866    0
154   0.00430155   0.0253581    0
155   0.00365203   0.0252899    0
156   0.0046061   0.0245629    0
157   0.00395802   0.0245641    0
158   0.00786444   0.0281689    0
159   0.00834489   0.0270293    0
160   0.0021386   0.0288798    0
161   0.0110276   0.0206658    0
162   0.00506163   0.0219463    0
163   0.00543287   0.0210657    0
164   0.00602159   0.0325402    0
165   0.00566546   0.033385    0
166   0.00600172   0.0314569    0
167   0.0065558   0.0312731    0
168   0.00744614   0.0291612    0
169   0.00726807   0.0295835    0
170   0.00637773   0.0316954    0
171   0.00673387   0.0308507    0
172   0.00691194   0.0304283    0
173   0.00665527   0.0297332    0
174   0.00709   0.0300059    0
175   0.00752263   0.0161088    0
176   0.00735668   0.0165024    0
177   0.00652693   0.0184706    0
178   0.00767226   0.0169654    0
179   0.00702478   0.0172897    0
180   0.00685883   0.0176833    0
181   0.00979424   0.0220504    0
182   0.0105091   0.0218957    0
183   0.00947321   0.0228119    0
184   0.00986707   0.0234187    0
185   0.0101881   0.0226572    0
186   0.0103486   0.0222764    0
187   0.0100276   0.0230379    0
188   0.00970656   0.0237994    0
189   0.0106697   0.0215149    0
190   0.00380503   0.024927    0
191   0.00472301   0.0227495    0
192   0.00457001   0.0231124    0
193   0.00490111   0.0238106    0
194   0.00507764   0.0241862    0
195   0.0047536   0.0241868    0
196   0.00426402   0.0238382    0
197   0.00411102   0.0242012    0
198   0.00719073   0.016896    0
199   0.00441701   0.0234753    0
200   0.0113953   0.0177876    0
201   0.0116688   0.0172172    0
202   0.0125051   0.0171612    0
203   0.0109821   0.0189664    0
204   0.0113601   0.0188741    0
205   0.0122551   0.0161862    0
206   0.0123713   0.0165541    0
207   0.0116552   0.0181742    0
208   0.011915   0.0185609    0
209   0.0120625   0.018211    0
210   0.0122101   0.017861    0
211   0.0117675   0.0189108    0
212   0.0119395   0.0175391    0
213   0.0123576   0.0175111    0
214   0.0126526   0.0168112    0
215   0.0146012   0.0114139    0
216   0.0149897   0.0123354    0
217   0.0159506   0.0115888    0
218   0.0158899   0.00972167    0
219   0.0174433   0.0106946    0
220   0.0175671   0.0089509    0
221   0.019467   0.00995293    0
222   0.0196732   0.00828589    0
223   0.0257115   0.00663038    0
224   0.0273315   0.00639043    0
225   0.0259242   0.00515665    0
226   0.0214567   0.00922553    0
227   0.0217792   0.00762088    0
228   0.0293375   0.005173    0
229   0.0293651   0.0035477    0
230   0.0279345   0.00415079    0
231   0.0229797   0.00858346    0
232   0.0240915   0.00687033    0
233   0.0316   0.00370489    0
234   0.0327037   0.00459614    0
235   0.0330304   0.00364447    0
236   0.0164062   0.00841878    0
237   0.018364   0.00770486    0
238   0.0220829   0.00624844    0
239   0.0201493   0.00695219    0
240   0.0241358   0.00820819    0
241   0.0264895   0.00743741    0
242   0.0304688   0.00443895    0
243   0.0283345   0.00578171    0
244   0.0290382   0.0063986    0
245   0.0280351   0.00700732    0
246   0.027633   0.00527061    0
247   0.0269294   0.00465372    0
248   0.023239   0.00587317    0
249   0.0245816   0.00551491    0
250   0.027233   0.00363968    0
251   0.0286636   0.00303659    0
252   0.0257539   0.00774752    0
253   0.0303351   0.00572325    0
254   0.0248406   0.00462357    0
255   0.0260145   0.00419297    0
256   0.0234534   0.00510453    0
257   0.0322535   0.00180155    0
258   0.0314411   0.00160139    0
259   0.0311144   0.00255306    0
260   0.0334189   0.00456593    0
261   0.0332555   0.00504176    0
262   0.0327358   0.00593914    0
263   0.0338074   0.00548739    0
264   0.0310665   0.00541492    0
265   0.0316642   0.00639089    0
266   0.0322   0.00616502    0
267   0.0173814   0.0115665    0
268   0.016635   0.0120136    0
269   0.0173194   0.0124384    0
270   0.0156692   0.0125915    0
271   0.0153781   0.0132568    0
272   0.0163488   0.0128476    0
273   0.0184551   0.0103238    0
274   0.0204618   0.00958923    0
275   0.0193639   0.0107865    0
276   0.0152456   0.0105678    0
277   0.0142127   0.0104924    0
278   0.014664   0.00974365    0
279   0.0138242   0.00957097    0
280   0.0151152   0.00899488    0
281   0.0144697   0.00928292    0
282   0.0143405   0.00826809    0
283   0.0173109   0.00803736    0
284   0.0157607   0.00870683    0
285   0.0192566   0.00732852    0
286   0.0195068   0.00665658    0
287   0.0211161   0.00660032    0
288   0.0203874   0.00628534    0
289   0.0197448   0.00598973    0
290   0.0230272   0.00460595    0
291   0.0223866   0.00487601    0
292   0.0236678   0.00433588    0
293   0.0312469   0.00114066    0
294   0.0306288   0.00140124    0
295   0.031865   0.000880084    0
296   0.0302397   0.00305038    0
297   0.0304343   0.00222581    0
298   0.0300107   0.00166182    0
299   0.0293926   0.00192239    0
300   0.0332716   0.00571326    0
301   0.0178048   0.0122338    0
302   0.0182901   0.0120292    0
303   0.0168341   0.012643    0
304   0.0183726   0.0111765    0
305   0.0192607   0.01162    0
306   0.0158635   0.0130522    0
307   0.0187754   0.0118246    0
308   0.0203296   0.0104072    0
309   0.0201975   0.0112251    0
310   0.0197291   0.0114225    0
311   0.0139528   0.00896622    0
312   0.01363   0.00911024    0
313   0.0134358   0.00864951    0
314   0.0320592   0.00134081    0
315   0.0167305   0.0077713    0
316   0.0170547   0.00712382    0
317   0.0177094   0.00741434    0
318   0.0159554   0.00810604    0
319   0.01615   0.00750524    0
320   0.0151802   0.00844077    0
321   0.0152453   0.00788666    0
322   0.0156976   0.00769595    0
323   0.0186081   0.00703546    0
324   0.0188642   0.00636098    0
325   0.0179595   0.0067424    0
326   0.0222348   0.00556222    0
327   0.0213111   0.00592378    0
328   0.0206254   0.00561849    0
329   0.021506   0.00524725    0
330   0.0193045   0.00617535    0
331   0.0201851   0.00580411    0
332   0.0249227   0.00730893    0
333   0.0249449   0.00797785    0
334   0.0235799   0.00906475    0
335   0.0241802   0.00954604    0
336   0.024158   0.00887711    0
337   0.0222182   0.00890449    0
338   0.0220569   0.00970682    0
339   0.0212954   0.0100278    0
340   0.0218957   0.0105091    0
341   0.0211342   0.0108302    0
342   0.0272623   0.00722236    0
343   0.0268786   0.00784092    0
344   0.026143   0.00815104    0
345   0.026532   0.00855455    0
346   0.0288885   0.00701141    0
347   0.028387   0.00731576    0
348   0.0287388   0.00762421    0
349   0.0309997   0.00605707    0
350   0.0296866   0.00606093    0
351   0.0302683   0.0063654    0
352   0.0309329   0.00669922    0
353   0.024147   0.00486405    0
354   0.0254276   0.00440827    0
355   0.0249701   0.0041779    0
356   0.0243837   0.00403406    0
357   0.0266238   0.00391633    0
358   0.0255571   0.0039626    0
359   0.0250997   0.00373223    0
360   0.0268823   0.00338413    0
361   0.0293789   0.00273504    0
362   0.0206658   0.0110276    0
363   0.0175071   0.00693311    0
364   0.0166024   0.00731453    0
365   0.0147929   0.00807738    0
366   0.0138881   0.0084588    0
367   0.0184119   0.00655169    0
368   0.0219463   0.00506163    0
369   0.0210657   0.00543287    0
370   0.0253706   0.00842126    0
371   0.0257964   0.00886466    0
372   0.0253923   0.00903501    0
373   0.0247643   0.00864919    0
374   0.0249883   0.00920535    0
375   0.0245842   0.0093757    0
376   0.0222764   0.0103486    0
377   0.0226572   0.0101881    0
378   0.0228184   0.00938578    0
379   0.0234187   0.00986707    0
380   0.0230379   0.0100276    0
381   0.0237994   0.00970656    0
382   0.0215149   0.0106697    0
383   0.0268998   0.00839949    0
384   0.0272676   0.00824444    0
385   0.0261642   0.00870961    0
386   0.028371   0.00777927    0
387   0.0280032   0.00793432    0
388   0.0276328   0.00757834    0
389   0.0276354   0.00808938    0
390   0.0312985   0.00654506    0
391   0.0291045   0.00747004    0
392   0.0294701   0.00731588    0
393   0.0305672   0.00685339    0
394   0.0302015   0.00700755    0
395   0.0295784   0.0066884    0
396   0.0298358   0.00716171    0
397   0.0242654   0.00444905    0
398   0.0254576   0.00358132    0
399   0.0258156   0.0034304    0
400   0.0262197   0.00367336    0
401   0.0265315   0.00312857    0
402   0.0261736   0.00327949    0
403   0.0247417   0.00388314    0
404   0.0290281   0.00247949    0
405   0.0268892   0.0029778    0
406   0.0272468   0.00282703    0
407   0.0279483   0.00333813    0
408   0.0283128   0.00278104    0
409   0.0286774   0.00222394    0
410   0.0326419   0.00272301    0
411   0.0240257   0.00418497    0
412   0.029035   0.00207316    0
413   0.0275976   0.00308258    0
414   0.0279621   0.00252548    0
415   0.0276044   0.00267626    0
416   0.0283197   0.00237471    0
320  2745  1  2  3 
321  2745  4  1  3 
322  2745  5  3  2 
323  2745  4  3  6 
324  2745  7  6  3 
325  2745  8  5  2 
326  2745  8  2  9 
327  2745  7  3  10 
328  2745  10  3  11 
329  2745  12  9  2 
330  2745  13  11  3 
331  2745  14  12  2 
332  2745  15  13  3 
333  2745  16  14  2 
318  2373  12  17  9 
319  2373  14  17  12 
334  2373  18  19  20 
339  2373  21  7  10 
346  2373  22  23  17 
348  2373  24  25  26 
349  2373  23  27  17 
649  2373  28  29  21 
650  2373  30  4  6 
651  2373  30  6  7 
652  2373  7  21  30 
656  2373  28  31  24 
693  2373  32  8  9 
694  2373  9  17  32 
698  2373  33  34  35 
699  2373  28  36  29 
700  2373  36  28  24 
701  2373  24  26  37 
702  2373  37  36  24 
716  2373  38  17  14 
717  2373  14  16  38 
730  2373  39  15  3 
731  2373  39  3  5 
732  2373  39  5  8 
733  2373  8  32  39 
734  2373  28  40  31 
735  2373  40  28  21 
736  2373  21  41  40 
759  2373  42  23  43 
760  2373  42  44  45 
761  2373  46  42  43 
762  2373  42  46  44 
763  2373  47  48  46 
764  2373  43  47  46 
765  2373  49  48  47 
770  2373  46  48  50 
771  2373  50  44  46 
772  2373  51  44  50 
773  2373  48  52  50 
799  2373  52  53  20 
803  2373  54  55  56 
804  2373  57  54  56 
825  2373  58  33  35 
826  2373  56  55  58 
827  2373  58  35  56 
843  2373  52  20  59 
844  2373  59  50  52 
845  2373  19  60  59 
846  2373  59  20  19 
847  2373  61  62  63 
848  2373  62  61  59 
849  2373  60  64  62 
850  2373  62  59  60 
861  2373  63  65  61 
863  2373  4  30  66 
864  2373  66  1  4 
865  2373  2  1  66 
866  2373  16  2  66 
867  2373  66  38  16 
869  2373  29  67  21 
870  2373  67  30  21 
871  2373  30  68  69 
872  2373  68  30  67 
881  2373  70  18  20 
882  2373  18  70  71 
902  2373  25  72  26 
903  2373  35  73  56 
904  2373  25  73  72 
905  2373  73  74  56 
906  2373  74  73  25 
907  2373  40  75  31 
908  2373  24  76  25 
909  2373  76  24  31 
910  2373  31  77  76 
911  2373  77  31  75 
912  2373  75  78  77 
969  2373  22  79  23 
970  2373  79  43  23 
997  2373  43  80  47 
1038  2373  81  27  23 
1039  2373  42  45  81 
1040  2373  81  23  42 
1051  2373  27  82  17 
1052  2373  82  32  17 
1053  2373  27  83  82 
1079  2373  84  85  54 
1080  2373  57  84  54 
1087  2373  74  86  56 
1088  2373  86  57  56 
1089  2373  86  74  87 
1101  2373  88  57  86 
1102  2373  87  88  86 
1110  2373  89  63  62 
1113  2373  69  90  30 
1114  2373  90  66  30 
1117  2373  91  92  90 
1118  2373  69  91  90 
1119  2373  36  93  29 
1128  2373  94  69  68 
1129  2373  95  94  68 
1132  2373  29  96  67 
1133  2373  96  29  93 
1134  2373  93  97  96 
1135  2373  96  95  68 
1136  2373  68  67  96 
1137  2373  98  71  70 
1138  2373  99  98  70 
1150  2373  100  74  25 
1151  2373  74  100  87 
1152  2373  100  25  76 
1153  2373  76  101  100 
1157  2373  102  103  77 
1158  2373  78  102  77 
1161  2373  76  104  101 
1162  2373  104  76  77 
1163  2373  103  104  77 
1167  2373  105  78  75 
1172  2373  106  101  104 
1173  2373  103  106  104 
1219  2373  79  107  43 
1220  2373  80  43  107 
1221  2373  107  108  80 
1231  2373  109  110  80 
1232  2373  108  109  80 
1239  2373  89  111  112 
1240  2373  111  89  62 
1241  2373  64  111  62 
1243  2373  113  112  111 
1244  2373  64  113  111 
1254  2373  114  55  54 
1255  2373  85  114  54 
1306  2373  32  115  39 
1314  2373  82  116  32 
1315  2373  115  32  116 
1316  2373  116  117  115 
1317  2373  83  118  116 
1318  2373  116  82  83 
1319  2373  81  119  27 
1320  2373  83  27  119 
1321  2373  119  120  83 
1333  2373  121  120  119 
1334  2373  122  121  119 
1346  2373  123  118  83 
1347  2373  120  123  83 
1370  2373  124  36  37 
1371  2373  36  124  93 
1372  2373  125  126  124 
1373  2373  37  125  124 
1374  2373  127  35  34 
1375  2373  127  128  72 
1376  2373  127  72  73 
1377  2373  73  35  127 
1378  2373  129  127  34 
1379  2373  127  129  128 
1381  2373  33  130  34 
1384  2373  131  132  130 
1385  2373  132  34  130 
1386  2373  34  133  129 
1387  2373  133  134  129 
1388  2373  133  34  132 
1389  2373  132  135  133 
1398  2373  136  37  26 
1399  2373  136  26  72 
1400  2373  72  128  136 
1401  2373  128  137  136 
1421  2373  138  81  45 
1422  2373  119  81  138 
1423  2373  138  122  119 
1424  2373  50  139  51 
1425  2373  139  50  59 
1426  2373  61  139  59 
1427  2373  61  140  139 
1428  2373  140  51  139 
1429  2373  140  61  65 
1430  2373  65  141  140 
1431  2373  142  51  140 
1432  2373  141  142  140 
1442  2373  51  143  44 
1443  2373  143  45  44 
1446  2373  144  45  143 
1447  2373  138  45  144 
1448  2373  144  145  138 
1452  2373  38  146  17 
1453  2373  146  22  17 
1465  2373  147  38  66 
1466  2373  90  92  147 
1467  2373  147  66  90 
1476  2373  22  148  79 
1477  2373  148  149  107 
1478  2373  107  79  148 
1551  2373  150  11  13 
1552  2373  150  41  21 
1553  2373  150  21  10 
1554  2373  10  11  150 
1555  2373  150  13  15 
1556  2373  151  41  150 
1557  2373  151  150  15 
1558  2373  15  39  151 
1559  2373  39  152  151 
1560  2373  115  153  152 
1561  2373  152  39  115 
1562  2373  154  40  41 
1563  2373  75  40  154 
1564  2373  105  75  154 
1565  2373  154  155  105 
1574  2373  41  156  154 
1575  2373  156  157  154 
1607  2373  158  97  93 
1610  2373  158  93  124 
1611  2373  124  126  158 
1615  2373  159  95  96 
1616  2373  97  159  96 
1619  2373  160  87  100 
1620  2373  101  160  100 
1623  2373  161  108  107 
1624  2373  149  161  107 
1656  2373  162  153  115 
1657  2373  117  162  115 
1664  2373  163  117  116 
1665  2373  118  163  116 
1672  2373  164  134  133 
1673  2373  135  164  133 
1676  2373  165  135  132 
1677  2373  131  165  132 
1680  2373  129  166  128 
1681  2373  166  129  134 
1682  2373  137  128  166 
1683  2373  166  167  137 
1688  2373  168  126  125 
1689  2373  169  168  125 
1696  2373  170  167  166 
1697  2373  134  170  166 
1704  2373  171  172  137 
1705  2373  167  171  137 
1708  2373  136  173  37 
1709  2373  125  37  173 
1710  2373  173  169  125 
1711  2373  137  172  173 
1712  2373  173  136  137 
1715  2373  174  169  173 
1716  2373  172  174  173 
1733  2373  175  176  142 
1734  2373  141  175  142 
1737  2373  177  122  138 
1738  2373  145  177  138 
1741  2373  178  143  51 
1742  2373  178  51  142 
1743  2373  142  176  178 
1744  2373  178  179  144 
1745  2373  144  143  178 
1751  2373  180  145  144 
1752  2373  179  180  144 
1755  2373  146  181  22 
1756  2373  148  22  181 
1757  2373  181  182  148 
1758  2373  183  146  38 
1759  2373  183  38  147 
1760  2373  147  184  183 
1761  2373  183  185  181 
1762  2373  181  146  183 
1774  2373  186  182  181 
1775  2373  185  186  181 
1780  2373  187  185  183 
1781  2373  184  187  183 
1786  2373  188  184  147 
1787  2373  92  188  147 
1794  2373  189  149  148 
1795  2373  182  189  148 
1882  2373  190  155  154 
1883  2373  157  190  154 
1886  2373  191  192  152 
1887  2373  153  191  152 
1890  2373  193  151  152 
1891  2373  152  192  193 
1892  2373  193  194  151 
1893  2373  194  41  151 
1894  2373  41  194  156 
1895  2373  195  193  196 
1896  2373  195  156  194 
1897  2373  193  195  194 
1898  2373  197  157  156 
1900  2373  195  196  197 
1901  2373  197  156  195 
1972  2373  198  179  178 
1973  2373  176  198  178 
1976  2373  199  196  193 
1977  2373  192  199  193 
2005  2373  200  48  49 
2006  2373  48  200  52 
2012  2373  200  201  52 
2013  2373  201  53  52 
2014  2373  202  53  201 
2015  2373  80  203  47 
2016  2373  203  49  47 
2017  2373  203  80  110 
2018  2373  204  49  203 
2019  2373  110  204  203 
2023  2373  70  205  99 
2024  2373  205  70  20 
2025  2373  53  205  20 
2026  2373  206  53  202 
2027  2373  53  206  205 
2028  2373  206  99  205 
2051  2373  207  200  49 
2052  2373  207  49  204 
2053  2373  204  208  207 
2056  2373  209  210  207 
2057  2373  208  209  207 
2062  2373  211  208  204 
2063  2373  110  211  204 
2066  2373  212  201  200 
2067  2373  201  212  202 
2068  2373  207  210  212 
2069  2373  212  200  207 
2071  2373  213  202  212 
2072  2373  210  213  212 
2075  2373  214  99  206 
2076  2373  202  214  206 
335  2424  215  216  217 
337  2424  218  217  219 
338  2424  219  220  218 
340  2424  221  222  220 
341  2424  223  224  225 
342  2424  226  227  222 
343  2424  228  229  230 
347  2424  227  231  232 
654  2424  233  234  235 
688  2424  220  236  218 
691  2424  222  237  220 
695  2424  238  227  232 
697  2424  239  222  227 
709  2424  240  232  231 
724  2424  223  241  224 
726  2424  228  242  229 
739  2424  243  228  230 
740  2424  228  243  244 
741  2424  245  244  243 
742  2424  243  224  245 
743  2424  224  246  225 
744  2424  230  246  243 
745  2424  246  224  243 
746  2424  247  225  246 
747  2424  230  247  246 
748  2424  232  248  238 
749  2424  249  248  232 
750  2424  249  232  223 
751  2424  223  225  249 
754  2424  230  250  247 
758  2424  229  251  230 
795  2424  223  252  241 
796  2424  253  242  228 
797  2424  254  249  225 
798  2424  247  255  225 
801  2424  256  248  249 
805  2424  257  258  259 
885  2424  260  235  234 
888  2424  261  234  262 
889  2424  261  263  260 
890  2424  234  261  260 
895  2424  264  242  253 
896  2424  264  234  233 
897  2424  233  242  264 
899  2424  265  266  264 
900  2424  234  264  266 
901  2424  266  262  234 
941  2424  267  219  217 
957  2424  217  268  267 
958  2424  268  269  267 
959  2424  216  270  217 
960  2424  270  216  271 
961  2424  268  217  270 
962  2424  270  272  268 
963  2424  273  221  220 
964  2424  219  273  220 
971  2424  221  274  222 
972  2424  274  226  222 
998  2424  275  221  273 
999  2424  215  276  277 
1000  2424  276  215  217 
1001  2424  218  276  217 
1002  2424  277  278  279 
1003  2424  278  277  276 
1004  2424  278  276  218 
1005  2424  218  280  278 
1006  2424  281  280  282 
1007  2424  280  281  278 
1008  2424  281  279  278 
1019  2424  220  283  236 
1020  2424  283  220  237 
1036  2424  236  284  218 
1037  2424  284  280  218 
1041  2424  285  237  222 
1042  2424  239  285  222 
1043  2424  239  286  285 
1054  2424  238  287  227 
1055  2424  287  239  227 
1056  2424  288  239  287 
1057  2424  286  239  288 
1058  2424  288  289  286 
1075  2424  290  291  256 
1076  2424  292  290  256 
1083  2424  293  294  258 
1084  2424  295  293  258 
1090  2424  296  229  242 
1091  2424  296  242  233 
1092  2424  233  259  296 
1093  2424  297  296  259 
1094  2424  258  294  297 
1095  2424  297  259  258 
1098  2424  298  299  297 
1099  2424  294  298  297 
1146  2424  300  263  261 
1147  2424  262  300  261 
1189  2424  301  302  267 
1190  2424  269  301  267 
1197  2424  303  269  268 
1198  2424  272  303  268 
1201  2424  304  273  219 
1202  2424  275  273  304 
1203  2424  304  305  275 
1204  2424  304  219  267 
1205  2424  267  302  304 
1210  2424  306  272  270 
1211  2424  271  306  270 
1215  2424  307  305  304 
1216  2424  302  307  304 
1222  2424  308  274  221 
1223  2424  308  221  275 
1224  2424  275  309  308 
1235  2424  310  309  275 
1236  2424  305  310  275 
1237  2424  281  311  279 
1238  2424  311  281  282 
1246  2424  312  279  311 
1247  2424  313  312  311 
1261  2424  314  295  258 
1262  2424  257  314  258 
1265  2424  315  283  316 
1266  2424  283  315  236 
1267  2424  237  317  283 
1268  2424  317  316  283 
1273  2424  318  284  236 
1274  2424  318  236  315 
1275  2424  315  319  318 
1276  2424  280  320  282 
1277  2424  320  280  284 
1278  2424  318  321  320 
1279  2424  320  284  318 
1283  2424  322  321  318 
1284  2424  319  322  318 
1299  2424  285  323  237 
1300  2424  323  285  286 
1301  2424  286  324  323 
1302  2424  317  237  323 
1303  2424  323  325  317 
1307  2424  326  238  248 
1308  2424  326  248  256 
1309  2424  256  291  326 
1322  2424  327  287  238 
1323  2424  327  328  288 
1324  2424  288  287  327 
1325  2424  327  238  326 
1326  2424  326  329  327 
1327  2424  330  324  286 
1328  2424  289  330  286 
1355  2424  331  289  288 
1356  2424  328  331  288 
1406  2424  232  332  223 
1407  2424  332  252  223 
1408  2424  332  232  240 
1409  2424  333  252  332 
1410  2424  240  333  332 
1415  2424  231  334  240 
1416  2424  335  336  334 
1417  2424  336  240  334 
1454  2424  226  337  227 
1455  2424  337  231  227 
1456  2424  226  338  337 
1479  2424  339  226  274 
1480  2424  338  226  339 
1481  2424  339  340  338 
1482  2424  308  341  339 
1483  2424  339  274  308 
1518  2424  241  342  224 
1519  2424  342  245  224 
1520  2424  241  343  342 
1523  2424  252  344  241 
1524  2424  343  241  344 
1525  2424  344  345  343 
1526  2424  346  244  245 
1527  2424  347  348  346 
1528  2424  245  347  346 
1536  2424  349  264  253 
1537  2424  264  349  265 
1543  2424  244  350  228 
1544  2424  350  253  228 
1545  2424  351  253  350 
1546  2424  349  253  351 
1547  2424  351  352  349 
1580  2424  254  353  249 
1581  2424  353  256  249 
1582  2424  256  353  292 
1586  2424  255  354  225 
1587  2424  354  254  225 
1588  2424  254  355  356 
1589  2424  355  254  354 
1590  2424  250  357  247 
1591  2424  357  255  247 
1592  2424  255  358  354 
1593  2424  358  359  355 
1594  2424  355  354  358 
1602  2424  250  360  357 
1603  2424  229  361  251 
1604  2424  361  229  296 
1605  2424  361  296  297 
1606  2424  297  299  361 
1627  2424  362  341  308 
1628  2424  309  362  308 
1635  2424  363  316  317 
1636  2424  325  363  317 
1639  2424  364  319  315 
1640  2424  316  364  315 
1644  2424  365  282  320 
1645  2424  321  365  320 
1648  2424  366  313  311 
1649  2424  282  366  311 
1652  2424  367  325  323 
1653  2424  324  367  323 
1660  2424  368  329  326 
1661  2424  291  368  326 
1668  2424  369  328  327 
1669  2424  329  369  327 
1717  2424  333  370  252 
1718  2424  370  371  344 
1719  2424  344  252  370 
1722  2424  372  371  370 
1723  2424  373  370  333 
1724  2424  240  336  373 
1725  2424  373  333  240 
1726  2424  373  374  372 
1727  2424  372  370  373 
1728  2424  335  375  336 
1731  2424  375  374  373 
1732  2424  373  336  375 
1763  2424  376  377  338 
1764  2424  340  376  338 
1768  2424  337  378  231 
1769  2424  334  231  378 
1770  2424  378  379  334 
1771  2424  338  377  378 
1772  2424  378  337  338 
1784  2424  380  379  378 
1785  2424  377  380  378 
1790  2424  381  335  334 
1791  2424  379  381  334 
1799  2424  382  340  339 
1800  2424  341  382  339 
1831  2424  383  384  343 
1832  2424  345  383  343 
1837  2424  385  345  344 
1838  2424  371  385  344 
1839  2424  386  348  347 
1840  2424  387  386  347 
1843  2424  342  388  245 
1844  2424  347  245  388 
1845  2424  388  387  347 
1846  2424  343  384  388 
1847  2424  388  342  343 
1850  2424  389  387  388 
1851  2424  384  389  388 
1852  2424  390  265  349 
1853  2424  352  390  349 
1860  2424  391  392  346 
1861  2424  348  391  346 
1869  2424  393  352  351 
1870  2424  394  393  351 
1873  2424  395  350  244 
1874  2424  395  394  351 
1875  2424  351  350  395 
1876  2424  395  244  346 
1877  2424  346  392  395 
1880  2424  396  394  395 
1881  2424  392  396  395 
1907  2424  353  397  292 
1908  2424  397  353  254 
1909  2424  356  397  254 
1919  2424  398  359  358 
1920  2424  399  398  358 
1923  2424  357  400  255 
1924  2424  358  255  400 
1925  2424  400  399  358 
1926  2424  360  401  400 
1927  2424  400  357  360 
1930  2424  402  399  400 
1931  2424  401  402  400 
1932  2424  403  356  355 
1933  2424  359  403  355 
1936  2424  404  361  299 
1937  2424  361  404  251 
1940  2424  405  401  360 
1941  2424  406  405  360 
1947  2424  251  407  230 
1948  2424  407  250  230 
1956  2424  251  408  407 
1957  2424  408  251  404 
1958  2424  404  409  408 
1959  2424  235  410  233 
1961  2424  410  257  259 
1962  2424  259  233  410 
1980  2424  411  292  397 
1981  2424  356  411  397 
1984  2424  412  409  404 
1985  2424  299  412  404 
1988  2424  407  413  250 
1989  2424  360  250  413 
1990  2424  413  406  360 
1991  2424  408  414  413 
1992  2424  413  407  408 
1995  2424  415  406  413 
1996  2424  414  415  413 
1999  2424  416  414  408 
2000  2424  409  416  408 
E_MESH_DATA
