371
51 89   0.0188184 0.00272817 1.21187
51 90   0.0192718 0.00318163 1.20404
51 91   0.0186794 0.00306378 1.19762
51 92   0.0193206 0.00293622 1.21813
51 93   0.0192718 0.00281837 1.22134
51 94   0.0187282 0.00318163 1.19404
51 95   0.0190638 0.00267935 1.22008
51 96   0.0189362 0.00267935 1.21647
51 97   0.0186794 0.00293622 1.20211
51 98   0.0193206 0.00306378 1.21222
51 99   0.0187282 0.00281837 1.20698
51 100   0.0189362 0.00332065 1.19114
51 101   0.0190638 0.00332065 1.19288
51 102   0.0188184 0.00327183 1.19172
51 103   0.0191816 0.00327183 1.19721
51 104   0.0191816 0.00272817 1.22191
57 335   0.0188184 -0.00327183 1.19114
57 336   0.0192718 -0.00281837 1.22132
57 337   0.0193206 -0.00306378 1.21172
57 338   0.0186794 -0.00293622 1.20187
57 339   0.0192718 -0.00318163 1.20351
57 340   0.0187282 -0.00281837 1.20677
57 341   0.0193206 -0.00293622 1.21803
57 342   0.0186794 -0.00306378 1.19735
57 343   0.0190638 -0.00267935 1.21999
57 344   0.0189362 -0.00267935 1.21636
57 345   0.0187282 -0.00318163 1.19373
57 346   0.0190638 -0.00332065 1.1915
57 347   0.0189362 -0.00332065 1.19015
57 348   0.0191816 -0.00272817 1.22183
57 349   0.0188184 -0.00272817 1.21171
57 350   0.0191816 -0.00327183 1.19612
33 571   0.000320647 -6.37806e-05 1.20835
33 572   -6.37806e-05 -0.000320647 1.20838
33 573   6.37806e-05 -0.000320647 1.20838
33 574   6.37806e-05 0.000320647 1.20838
33 575   -0.000320647 6.37806e-05 1.20835
33 576   -0.000271831 0.000181632 1.20836
33 577   -0.000271831 -0.000181632 1.20836
33 578   0.000320647 6.37806e-05 1.20835
33 579   0.000271831 0.000181632 1.20836
33 580   0.000181632 0.000271831 1.20837
33 581   -0.000181632 0.000271831 1.20837
33 582   -6.37806e-05 0.000320647 1.20838
33 583   -0.000320647 -6.37806e-05 1.20835
33 584   0.000271831 -0.000181632 1.20836
33 585   0.000181632 -0.000271831 1.20837
33 586   -0.000181632 -0.000271831 1.20837
39 351   -0.0191816 0.00272817 1.22183
39 352   -0.0187282 0.00318163 1.19373
39 353   -0.0186794 0.00293622 1.20187
39 354   -0.0193206 0.00306378 1.21172
39 355   -0.0192718 0.00318163 1.20351
39 356   -0.0187282 0.00281837 1.20677
39 357   -0.0186794 0.00306378 1.19734
39 358   -0.0189362 0.00267935 1.21636
39 359   -0.0190638 0.00267935 1.21999
39 360   -0.0193206 0.00293622 1.21803
39 361   -0.0192718 0.00281837 1.22132
39 362   -0.0189362 0.00332065 1.19015
39 363   -0.0190638 0.00332065 1.1915
39 364   -0.0188184 0.00272817 1.21171
39 365   -0.0191816 0.00327183 1.19612
39 366   -0.0188184 0.00327183 1.19114
45 73   -0.0191816 -0.00327183 1.19715
45 74   -0.0187282 -0.00281837 1.20696
45 75   -0.0186794 -0.00306378 1.1976
45 76   -0.0193206 -0.00293622 1.21794
45 77   -0.0192718 -0.00281837 1.22132
45 78   -0.0187282 -0.00318163 1.19401
45 79   -0.0190638 -0.00267935 1.22008
45 80   -0.0189362 -0.00267935 1.21649
45 81   -0.0186794 -0.00293622 1.20209
45 82   -0.0193206 -0.00306378 1.21184
45 83   -0.0192718 -0.00318163 1.20394
45 84   -0.0189362 -0.00332065 1.19111
45 85   -0.0190638 -0.00332065 1.19284
45 86   -0.0188184 -0.00327183 1.19169
45 87   -0.0188184 -0.00272817 1.21186
45 88   -0.0191816 -0.00272817 1.22188
16 105   0.00627245 0.00198795 1.20158
16 106   -0.00627244 -0.00198796 1.2016
16 107   -0.00619686 0.00277144 1.20332
16 108   0.00619686 -0.00277144 1.20332
16 109   0.00472756 0.00121477 1.2046
16 110   -0.00472756 -0.00121477 1.20461
16 111   0.00781988 -0.00155863 1.1956
16 112   -0.00781984 0.00155859 1.19561
16 113   0.00472756 -0.0014519 1.20481
16 114   -0.00472756 0.0014519 1.20481
16 115   0.00933817 -0.00226332 1.1886
16 116   -0.00933808 0.00226323 1.1886
16 117   0.00789546 0.000534092 1.19444
16 118   -0.00789542 -0.000534141 1.19445
16 119   0.0138571 0.000660041 1.18155
16 120   -0.0138553 -0.000662542 1.18154
16 121   0.00335363 0.00187809 1.20735
16 122   -0.00335363 -0.00187809 1.20735
16 123   -0.0138543 0.000758943 1.18137
16 124   0.013856 -0.000761381 1.18138
16 125   0.00942367 0.00132142 1.18789
16 126   -0.00942356 -0.00132153 1.18789
16 127   0.00335363 -0.0019087 1.20737
16 128   -0.00335363 0.0019087 1.20737
16 129   0.0108195 0.000528924 1.18287
16 130   -0.0108192 -0.000529314 1.18287
16 131   0.0136057 0.00336575 1.16908
16 132   -0.0136053 -0.00336611 1.16908
16 133   0.0108096 -0.000963099 1.1825
16 134   -0.0108093 0.000962716 1.1825
16 135   0.0027735 0.00322521 1.20915
16 136   -0.0027735 -0.00322521 1.20913
16 137   -0.0027735 0.00322824 1.20918
16 138   0.0027735 -0.00322824 1.20917
16 139   -0.0136043 0.00338871 1.16893
16 140   0.0136045 -0.00338901 1.16893
16 141   0.0122557 -0.00156491 1.17813
16 142   -0.0122552 0.00156427 1.17813
16 143   0.0122667 0.00134853 1.17869
16 144   -0.0122661 -0.00134925 1.17868
16 145   0.0151834 0.0014823 1.18462
16 146   -0.0151794 0.00151897 1.18442
16 147   -0.0151805 -0.00148555 1.18458
16 148   0.0151812 -0.00152169 1.18442
16 149   0.00681053 0.00342606 1.20278
16 150   -0.00681053 -0.00342607 1.20282
16 151   0.0121222 0.00271497 1.17378
16 152   -0.0121218 -0.0027154 1.17377
16 153   0.00964773 0.00277529 1.18559
16 154   -0.00964766 -0.00277536 1.18558
16 155   -0.0121109 0.00286478 1.17314
16 156   0.0121112 -0.00286514 1.17314
16 157   0.0150764 0.00282157 1.17532
16 158   -0.0150748 -0.00282297 1.1753
16 159   -0.0150736 0.00284822 1.17515
16 160   0.0150742 -0.00284909 1.17515
16 161   0.00865761 0.00342606 1.19411
16 162   -0.0086576 -0.00342607 1.19413
16 163   0.010899 0.00334923 1.17477
16 164   -0.010899 -0.00334929 1.17474
16 165   0.0164619 0.00123955 1.19642
16 166   -0.0164529 -0.00124698 1.19626
16 167   -0.0164528 0.0012586 1.19619
16 168   0.0164553 -0.00126343 1.19619
16 169   0.00233337 0.00054351 1.20741
16 170   -0.00233337 -0.000543511 1.20742
16 171   0.00233337 -0.000576611 1.20741
16 172   -0.00233337 0.000576611 1.20741
16 173   0.0170451 0.000441395 1.20949
16 174   -0.00956218 0.00347607 1.18641
16 175   0.00956223 -0.00347613 1.18641
16 176   -0.0170341 -0.00045646 1.20924
16 177   -0.0170341 0.000466077 1.20921
16 178   0.0170394 -0.000479013 1.20926
16 179   0.0015455 0.00240742 1.20905
16 180   -0.0015455 -0.00240742 1.20907
16 181   0.0015455 -0.00241066 1.20905
16 182   -0.0015455 0.00241066 1.20906
16 183   0.000833174 0.00274206 1.20957
16 184   -0.000833174 -0.00274206 1.20959
16 185   -0.000833174 0.00274228 1.20957
16 186   0.000833174 -0.00274228 1.20957
16 187   -0.0108891 0.00347607 1.17418
16 188   0.0108891 -0.00347613 1.17418
16 189   -0.0189384 -0.00040042 1.25315
16 190   -0.0189384 0.000401153 1.25316
16 191   0.0189424 -0.000433754 1.25318
16 192   0.0189562 0.000350112 1.25383
16 193   -0.000574916 0.00355986 1.21037
16 194   0.000574916 0.00355986 1.21037
16 195   -0.000574916 -0.00355986 1.21039
16 196   0.000574916 -0.00355986 1.21036
16 197   -0.0196032 0.000958423 1.27014
16 198   -0.0196032 -0.00095835 1.27015
16 199   0.0172369 0.0021177 1.19814
16 200   -0.0172253 0.00212697 1.19785
16 201   -0.0172254 -0.00212334 1.19791
16 202   0.0172267 -0.00213037 1.19782
16 203   0.0196039 -0.000985083 1.26999
16 204   0.0181246 0.000825056 1.22929
16 205   -0.0181003 -0.000861292 1.22844
16 206   -0.0181003 0.000862817 1.22843
16 207   0.0181052 -0.000879217 1.22843
16 208   0.0196178 0.000806063 1.27163
16 209   0.0182988 0.00153844 1.22629
16 210   0.000258258 0.00179924 1.20891
16 211   0.000258258 -0.00179946 1.20891
16 212   -0.000258258 0.00179946 1.20891
16 213   -0.000258258 -0.00179924 1.20891
16 214   0.00151947 0.000799226 1.2081
16 215   -0.00151947 -0.000799226 1.2081
16 216   0.00151947 -0.000805241 1.20809
16 217   -0.00151947 0.000805241 1.20809
16 218   0.00131173 -0.00131975 1.20838
16 219   -0.00131173 0.00131975 1.20838
16 220   0.00131173 0.001316 1.20838
16 221   -0.00131173 -0.001316 1.20839
16 222   -0.0182453 -0.00155429 1.2248
16 223   -0.0182452 0.0015552 1.22476
16 224   0.0182472 -0.00156418 1.22468
16 225   0.019367 0.00151821 1.25703
16 226   0.0179942 0.00203292 1.21113
16 227   -0.0192814 -0.00165377 1.25242
16 228   -0.0192814 0.00165384 1.25241
16 229   0.0192824 -0.00166323 1.2523
16 230   -0.0179516 -0.00202581 1.21043
16 231   -0.0179516 0.00202684 1.21038
16 232   0.017953 -0.00203091 1.21034
16 233   0.0197493 0.00192077 1.26427
16 234   0.0188796 0.00177564 1.23781
16 235   0.000717258 0.000875309 1.20842
16 236   -0.000717258 -0.000875309 1.20842
16 237   -0.0183256 0.00378452 1.17293
16 238   0.0183256 -0.00378452 1.17293
16 239   0.000322038 0.00106003 1.20855
16 240   -0.000322038 -0.00106003 1.20855
16 241   0.000961123 0.00030446 1.20822
16 242   -0.000961123 -0.00030446 1.20822
16 243   0.000961123 -0.000307447 1.20822
16 244   -0.000961123 0.000307447 1.20822
16 245   -0.0193971 -0.00382065 1.16363
16 246   0.0193971 0.00382065 1.16359
16 247   -0.0198206 0.00339711 1.21283
16 248   0.0198206 -0.00339711 1.21283
16 249   0.0198333 0.00291421 1.24056
16 250   -0.0187616 -0.00178883 1.23426
16 251   -0.0187616 0.00178896 1.23423
16 252   0.0187629 -0.00179686 1.23413
16 253   -0.0192969 0.00388999 1.15951
16 254   0.0192969 -0.00388999 1.15951
16 255   -0.0183385 0.00244732 1.20963
16 256   -0.0183385 -0.00244709 1.2097
16 257   0.018339 -0.00244899 1.2096
16 258   0.0195338 0.00235597 1.24669
16 259   0.0197845 0.0035851 1.19694
16 260   -0.0197845 -0.00358753 1.197
16 261   0.0183745 0.00245874 1.21021
16 262   -0.0198333 -0.00307256 1.23365
16 263   0.0189285 0.00223124 1.22968
16 264   0.0195326 -0.0036745 1.17768
16 265   -0.0195326 0.0036745 1.17768
16 266   -0.0187613 -0.0022341 1.22481
16 267   -0.0187613 0.00223416 1.22477
16 268   0.0187618 -0.00223674 1.22472
16 269   -0.00043989 -0.000787367 1.20846
16 270   0.00043989 0.000787367 1.20845
16 271   -0.0182895 0.00351497 1.18027
16 272   0.0182895 -0.00351497 1.18027
16 273   0.0189635 -0.00372332 1.17244
16 274   -0.0189635 0.00372332 1.17244
16 275   -0.019515 -0.00360516 1.18085
16 276   0.0196052 -0.00351497 1.19314
16 277   -0.0196052 0.00351497 1.19314
16 278   0.019515 0.00360516 1.18077
16 279   0.000786641 -6.50232e-05 1.20825
16 280   -0.000786641 6.50232e-05 1.20825
16 281   0.000786641 6.25379e-05 1.20825
16 282   -0.000786641 -6.25379e-05 1.20825
16 283   0.00061298 -0.000424055 1.20833
16 284   -0.00061298 0.000424055 1.20833
16 285   0.00061298 0.000423554 1.20833
16 286   -0.00061298 -0.000423554 1.20833
16 287   0.0196052 0.00259866 1.24193
16 288   6.37806e-05 -0.000711163 1.20846
16 289   -6.37806e-05 -0.000711163 1.20846
16 290   6.37806e-05 0.000711163 1.20846
16 291   -6.37806e-05 0.000711163 1.20846
16 292   -0.0183222 -0.00280849 1.20012
16 293   -0.0183222 0.00280868 1.20002
16 294   0.0183224 -0.00280909 1.20001
16 295   0.0183259 0.00280843 1.20019
16 296   0.019654 0.00271651 1.23945
16 297   -0.018371 -0.00269064 1.20418
16 298   -0.018371 0.00269082 1.20409
16 299   0.0183712 -0.00269124 1.20408
16 300   0.0183747 0.00269058 1.20426
16 301   -0.0186319 -0.00242084 1.21658
16 302   -0.0186319 0.00242088 1.2165
16 303   0.0186322 -0.00242213 1.21648
16 304   -0.019654 -0.00320013 1.21732
16 305   0.019654 0.0031977 1.21726
16 306   -0.0196052 -0.00331798 1.20752
16 307   0.0196052 0.00331555 1.20749
16 308   0.0188184 -0.00365398 1.17655
16 309   -0.0188184 0.00365398 1.17655
16 310   0.0187005 -0.00360516 1.17846
16 311   -0.0187005 0.00360516 1.17846
16 312   -0.019654 -0.00287244 1.2341
16 313   0.0186643 0.00243255 1.21708
16 314   -0.0190638 -0.00365398 1.17641
16 315   0.0190638 0.00365398 1.17641
16 316   0.0189362 0.00365398 1.17578
16 317   -0.0189362 -0.00365398 1.17577
16 318   0.019654 -0.00306378 1.22575
16 319   -0.019654 0.00306378 1.22575
16 320   -0.019654 0.00293622 1.23207
16 321   0.019654 -0.00293622 1.23207
16 322   0.0187821 0.00238373 1.22145
16 323   0.0191464 0.00237288 1.2325
16 324   -0.0190754 -0.00237477 1.23024
16 325   -0.0190754 0.00237477 1.23024
16 326   0.0192642 0.0024217 1.23497
16 327   0.0190756 -0.00237611 1.23021
16 328   -0.0189478 -0.00237477 1.22633
16 329   -0.0189478 0.00237477 1.2263
16 330   0.018948 -0.00237611 1.22627
16 331   0.0191452 -0.00354397 1.17994
16 332   -0.0191452 0.00354397 1.17994
16 333   0.019263 -0.00349515 1.18379
16 334   -0.019263 0.00349515 1.18379
16 1030   -0.0160148 0.00345952 1.17273
16 1033   -0.017133 0.0027682 1.18722
16 1034   -0.0166531 0.00322908 1.17748
16 1035   -0.0171272 0.00376956 1.1715
16 1036   -0.0178103 0.00350001 1.17841
16 1037   -0.0183222 0.00293624 1.19634
16 1038   -0.0178917 0.00303913 1.18908
16 1042   -0.0160149 -0.00345686 1.17272
16 1046   -0.0171272 -0.00376947 1.17153
16 1047   -0.0171331 -0.00276527 1.18726
16 1048   -0.0166532 -0.00322633 1.17747
16 1049   -0.0178103 -0.00349992 1.17843
16 1050   -0.0183222 -0.00293606 1.19645
16 1051   -0.0178917 -0.00303886 1.18911
16 1060   0.0160151 -0.00346008 1.17273
16 1063   0.0171336 -0.00276939 1.1872
16 1064   0.0166535 -0.00322985 1.17748
16 1065   0.0171273 -0.00376977 1.1715
16 1066   0.0178103 -0.00350022 1.17841
16 1067   0.0183224 -0.00293665 1.19633
16 1068   0.017892 -0.00303976 1.18907
16 1072   0.0160162 0.00345582 1.17274
16 1076   0.0171291 0.00376944 1.17153
16 1077   0.0171399 0.00276414 1.18734
16 1078   0.0166564 0.00322526 1.17751
16 1079   0.0178121 0.00349989 1.17844
16 1080   0.0183259 0.00293599 1.19651
16 1081   0.0178973 0.00303877 1.18917
16 1082   -0.0198206 -0.00261935 1.25083
16 1085   -0.0196052 -0.00256528 1.24322
16 1086   -0.019515 -0.00247508 1.24259
16 1087   -0.0194087 -0.00228835 1.24405
16 1088   -0.0196783 -0.00199993 1.26045
16 1098   -0.0198206 0.00271502 1.24843
16 1101   -0.0196052 0.00259717 1.24256
16 1102   -0.019515 0.00250697 1.24187
16 1103   -0.0196783 0.00203182 1.25981
16 1104   -0.0194087 0.00232024 1.24333
16 1114   0.0198206 -0.00271639 1.24838
16 1117   0.0196052 -0.00259853 1.24252
16 1118   0.019515 -0.00250834 1.24183
16 1119   0.0196785 -0.00203726 1.25972
16 1120   0.0194089 -0.00232294 1.24327
16 1121   -0.0187169 -0.00382065 1.17019
16 1124   -0.018599 -0.00360516 1.17793
16 1125   -0.018188 -0.00373045 1.17403
16 1126   -0.0185088 -0.00351497 1.1805
16 1127   0.0187169 0.00382065 1.1702
16 1130   0.0185991 0.00360516 1.17794
16 1131   0.0181881 0.00373045 1.17403
16 1132   0.0185089 0.00351497 1.18051
16 1133   0.000787461 -0.00107498 1.20847
16 1134   0.000647054 -0.000677076 1.20837
16 1135   0.000369686 -0.000588633 1.2084
16 1136   0.000251835 -0.000861298 1.20849
16 1137   0.000446312 -0.00122307 1.20859
16 1138   -0.000787461 0.00107498 1.20847
16 1139   -0.000647054 0.000677076 1.20837
16 1140   -0.000369686 0.000588633 1.2084
16 1141   -0.000251835 0.000861298 1.20849
16 1142   -0.000446312 0.00122307 1.20859
end
