SolidID  47   16 
h  89  -763382 0.999939 0 -1 -0 0
h  90  -763142 0.999939 0 -1 -0 0
h  91  -763790 0.999939 0 -1 -0 0
h  92  -762416 0.999939 0 -1 -0 0
h  93  -762387 0.999939 0 -1 -0 0
h  94  -763832 0.999939 0 -1 -0 0
h  95  -762826 0.999939 0 -1 -0 0
h  96  -763126 0.999939 0 -1 -0 0
h  97  -763706 0.999939 0 -1 -0 0
h  98  -762679 0.999939 0 -1 -0 0
h  99  -763574 0.999939 0 -1 -0 0
h  100  -763811 0.999939 0 -1 -0 0
h  101  -763716 0.999939 0 -1 -0 0
h  102  -763841 0.999939 0 -1 -0 0
h  103  -763506 0.999939 0 -1 -0 0
h  104  -762547 0.999939 0 -1 -0 0
SolidID  47   16 
h  89  -763382 0.999939 0 -1 -0 0
h  90  -763142 0.999939 0 -1 -0 0
h  91  -763790 0.999939 0 -1 -0 0
h  92  -762416 0.999939 0 -1 -0 0
h  93  -762387 0.999939 0 -1 -0 0
h  94  -763832 0.999939 0 -1 -0 0
h  95  -762826 0.999939 0 -1 -0 0
h  96  -763126 0.999939 0 -1 -0 0
h  97  -763706 0.999939 0 -1 -0 0
h  98  -762679 0.999939 0 -1 -0 0
h  99  -763574 0.999939 0 -1 -0 0
h  100  -763811 0.999939 0 -1 -0 0
h  101  -763716 0.999939 0 -1 -0 0
h  102  -763841 0.999939 0 -1 -0 0
h  103  -763506 0.999939 0 -1 -0 0
h  104  -762547 0.999939 0 -1 -0 0
SolidID  53   16 
h  335  -763853 0.999939 0 -1 -0 0
h  336  -762371 0.999939 0 -1 -0 0
h  337  -762685 0.999939 0 -1 -0 0
h  338  -763712 0.999939 0 -1 -0 0
h  339  -763145 0.999939 0 -1 -0 0
h  340  -763580 0.999939 0 -1 -0 0
h  341  -762392 0.999939 0 -1 -0 0
h  342  -763796 0.999939 0 -1 -0 0
h  343  -762824 0.999939 0 -1 -0 0
h  344  -763128 0.999939 0 -1 -0 0
h  345  -763838 0.999939 0 -1 -0 0
h  346  -763745 0.999939 0 -1 -0 0
h  347  -763831 0.999939 0 -1 -0 0
h  348  -762542 0.999939 0 -1 -0 0
h  349  -763387 0.999939 0 -1 -0 0
h  350  -763531 0.999939 0 -1 -0 0
SolidID  29   16 
h  571  -763852 0.999939 0 -1 -0 0
h  572  -763852 0.999939 0 -1 -0 0
h  573  -763852 0.999939 0 -1 -0 0
h  574  -763852 0.999939 0 -1 -0 0
h  575  -763852 0.999939 0 -1 -0 0
h  576  -763852 0.999939 0 -1 -0 0
h  577  -763852 0.999939 0 -1 -0 0
h  578  -763852 0.999939 0 -1 -0 0
h  579  -763852 0.999939 0 -1 -0 0
h  580  -763852 0.999939 0 -1 -0 0
h  581  -763852 0.999939 0 -1 -0 0
h  582  -763852 0.999939 0 -1 -0 0
h  583  -763852 0.999939 0 -1 -0 0
h  584  -763852 0.999939 0 -1 -0 0
h  585  -763852 0.999939 0 -1 -0 0
h  586  -763852 0.999939 0 -1 -0 0
SolidID  47   16 
h  89  -763382 0.999939 0 -1 -0 0
h  90  -763142 0.999939 0 -1 -0 0
h  91  -763790 0.999939 0 -1 -0 0
h  92  -762416 0.999939 0 -1 -0 0
h  93  -762387 0.999939 0 -1 -0 0
h  94  -763832 0.999939 0 -1 -0 0
h  95  -762826 0.999939 0 -1 -0 0
h  96  -763126 0.999939 0 -1 -0 0
h  97  -763706 0.999939 0 -1 -0 0
h  98  -762679 0.999939 0 -1 -0 0
h  99  -763574 0.999939 0 -1 -0 0
h  100  -763811 0.999939 0 -1 -0 0
h  101  -763716 0.999939 0 -1 -0 0
h  102  -763841 0.999939 0 -1 -0 0
h  103  -763506 0.999939 0 -1 -0 0
h  104  -762547 0.999939 0 -1 -0 0
SolidID  53   16 
h  335  -763853 0.999939 0 -1 -0 0
h  336  -762371 0.999939 0 -1 -0 0
h  337  -762685 0.999939 0 -1 -0 0
h  338  -763712 0.999939 0 -1 -0 0
h  339  -763145 0.999939 0 -1 -0 0
h  340  -763580 0.999939 0 -1 -0 0
h  341  -762392 0.999939 0 -1 -0 0
h  342  -763796 0.999939 0 -1 -0 0
h  343  -762824 0.999939 0 -1 -0 0
h  344  -763128 0.999939 0 -1 -0 0
h  345  -763838 0.999939 0 -1 -0 0
h  346  -763745 0.999939 0 -1 -0 0
h  347  -763831 0.999939 0 -1 -0 0
h  348  -762542 0.999939 0 -1 -0 0
h  349  -763387 0.999939 0 -1 -0 0
h  350  -763531 0.999939 0 -1 -0 0
SolidID  29   16 
h  571  -763852 0.999939 0 -1 -0 0
h  572  -763852 0.999939 0 -1 -0 0
h  573  -763852 0.999939 0 -1 -0 0
h  574  -763852 0.999939 0 -1 -0 0
h  575  -763852 0.999939 0 -1 -0 0
h  576  -763852 0.999939 0 -1 -0 0
h  577  -763852 0.999939 0 -1 -0 0
h  578  -763852 0.999939 0 -1 -0 0
h  579  -763852 0.999939 0 -1 -0 0
h  580  -763852 0.999939 0 -1 -0 0
h  581  -763852 0.999939 0 -1 -0 0
h  582  -763852 0.999939 0 -1 -0 0
h  583  -763852 0.999939 0 -1 -0 0
h  584  -763852 0.999939 0 -1 -0 0
h  585  -763852 0.999939 0 -1 -0 0
h  586  -763852 0.999939 0 -1 -0 0
SolidID  35   16 
h  351  -762542 0.999939 0 -1 -0 0
h  352  -763838 0.999939 0 -1 -0 0
h  353  -763712 0.999939 0 -1 -0 0
h  354  -762685 0.999939 0 -1 -0 0
h  355  -763145 0.999939 0 -1 -0 0
h  356  -763580 0.999939 0 -1 -0 0
h  357  -763796 0.999939 0 -1 -0 0
h  358  -763128 0.999939 0 -1 -0 0
h  359  -762825 0.999939 0 -1 -0 0
h  360  -762392 0.999939 0 -1 -0 0
h  361  -762371 0.999939 0 -1 -0 0
h  362  -763831 0.999939 0 -1 -0 0
h  363  -763745 0.999939 0 -1 -0 0
h  364  -763387 0.999939 0 -1 -0 0
h  365  -763531 0.999939 0 -1 -0 0
h  366  -763853 0.999939 0 -1 -0 0
SolidID  47   16 
h  89  -763382 0.999939 0 -1 -0 0
h  90  -763142 0.999939 0 -1 -0 0
h  91  -763790 0.999939 0 -1 -0 0
h  92  -762416 0.999939 0 -1 -0 0
h  93  -762387 0.999939 0 -1 -0 0
h  94  -763832 0.999939 0 -1 -0 0
h  95  -762826 0.999939 0 -1 -0 0
h  96  -763126 0.999939 0 -1 -0 0
h  97  -763706 0.999939 0 -1 -0 0
h  98  -762679 0.999939 0 -1 -0 0
h  99  -763574 0.999939 0 -1 -0 0
h  100  -763811 0.999939 0 -1 -0 0
h  101  -763716 0.999939 0 -1 -0 0
h  102  -763841 0.999939 0 -1 -0 0
h  103  -763506 0.999939 0 -1 -0 0
h  104  -762547 0.999939 0 -1 -0 0
SolidID  53   16 
h  335  -763853 0.999939 0 -1 -0 0
h  336  -762371 0.999939 0 -1 -0 0
h  337  -762685 0.999939 0 -1 -0 0
h  338  -763712 0.999939 0 -1 -0 0
h  339  -763145 0.999939 0 -1 -0 0
h  340  -763580 0.999939 0 -1 -0 0
h  341  -762392 0.999939 0 -1 -0 0
h  342  -763796 0.999939 0 -1 -0 0
h  343  -762824 0.999939 0 -1 -0 0
h  344  -763128 0.999939 0 -1 -0 0
h  345  -763838 0.999939 0 -1 -0 0
h  346  -763745 0.999939 0 -1 -0 0
h  347  -763831 0.999939 0 -1 -0 0
h  348  -762542 0.999939 0 -1 -0 0
h  349  -763387 0.999939 0 -1 -0 0
h  350  -763531 0.999939 0 -1 -0 0
SolidID  29   16 
h  571  -763852 0.999939 0 -1 -0 0
h  572  -763852 0.999939 0 -1 -0 0
h  573  -763852 0.999939 0 -1 -0 0
h  574  -763852 0.999939 0 -1 -0 0
h  575  -763852 0.999939 0 -1 -0 0
h  576  -763852 0.999939 0 -1 -0 0
h  577  -763852 0.999939 0 -1 -0 0
h  578  -763852 0.999939 0 -1 -0 0
h  579  -763852 0.999939 0 -1 -0 0
h  580  -763852 0.999939 0 -1 -0 0
h  581  -763852 0.999939 0 -1 -0 0
h  582  -763852 0.999939 0 -1 -0 0
h  583  -763852 0.999939 0 -1 -0 0
h  584  -763852 0.999939 0 -1 -0 0
h  585  -763852 0.999939 0 -1 -0 0
h  586  -763852 0.999939 0 -1 -0 0
SolidID  35   16 
h  351  -762542 0.999939 0 -1 -0 0
h  352  -763838 0.999939 0 -1 -0 0
h  353  -763712 0.999939 0 -1 -0 0
h  354  -762685 0.999939 0 -1 -0 0
h  355  -763145 0.999939 0 -1 -0 0
h  356  -763580 0.999939 0 -1 -0 0
h  357  -763796 0.999939 0 -1 -0 0
h  358  -763128 0.999939 0 -1 -0 0
h  359  -762825 0.999939 0 -1 -0 0
h  360  -762392 0.999939 0 -1 -0 0
h  361  -762371 0.999939 0 -1 -0 0
h  362  -763831 0.999939 0 -1 -0 0
h  363  -763745 0.999939 0 -1 -0 0
h  364  -763387 0.999939 0 -1 -0 0
h  365  -763531 0.999939 0 -1 -0 0
h  366  -763853 0.999939 0 -1 -0 0
SolidID  41   16 
h  73  -763509 0.999939 0 -1 -0 0
h  74  -763574 0.999939 0 -1 -0 0
h  75  -763790 0.999939 0 -1 -0 0
h  76  -762421 0.999939 0 -1 -0 0
h  77  -762381 0.999939 0 -1 -0 0
h  78  -763832 0.999939 0 -1 -0 0
h  79  -762824 0.999939 0 -1 -0 0
h  80  -763124 0.999939 0 -1 -0 0
h  81  -763707 0.999939 0 -1 -0 0
h  82  -762707 0.999939 0 -1 -0 0
h  83  -763150 0.999939 0 -1 -0 0
h  84  -763811 0.999939 0 -1 -0 0
h  85  -763717 0.999939 0 -1 -0 0
h  86  -763841 0.999939 0 -1 -0 0
h  87  -763382 0.999939 0 -1 -0 0
h  88  -762546 0.999939 0 -1 -0 0
SolidID  47   16 
h  89  -763382 0.999939 0 -1 -0 0
h  90  -763142 0.999939 0 -1 -0 0
h  91  -763790 0.999939 0 -1 -0 0
h  92  -762416 0.999939 0 -1 -0 0
h  93  -762387 0.999939 0 -1 -0 0
h  94  -763832 0.999939 0 -1 -0 0
h  95  -762826 0.999939 0 -1 -0 0
h  96  -763126 0.999939 0 -1 -0 0
h  97  -763706 0.999939 0 -1 -0 0
h  98  -762679 0.999939 0 -1 -0 0
h  99  -763574 0.999939 0 -1 -0 0
h  100  -763811 0.999939 0 -1 -0 0
h  101  -763716 0.999939 0 -1 -0 0
h  102  -763841 0.999939 0 -1 -0 0
h  103  -763506 0.999939 0 -1 -0 0
h  104  -762547 0.999939 0 -1 -0 0
SolidID  53   16 
h  335  -763853 0.999939 0 -1 -0 0
h  336  -762371 0.999939 0 -1 -0 0
h  337  -762685 0.999939 0 -1 -0 0
h  338  -763712 0.999939 0 -1 -0 0
h  339  -763145 0.999939 0 -1 -0 0
h  340  -763580 0.999939 0 -1 -0 0
h  341  -762392 0.999939 0 -1 -0 0
h  342  -763796 0.999939 0 -1 -0 0
h  343  -762824 0.999939 0 -1 -0 0
h  344  -763128 0.999939 0 -1 -0 0
h  345  -763838 0.999939 0 -1 -0 0
h  346  -763745 0.999939 0 -1 -0 0
h  347  -763831 0.999939 0 -1 -0 0
h  348  -762542 0.999939 0 -1 -0 0
h  349  -763387 0.999939 0 -1 -0 0
h  350  -763531 0.999939 0 -1 -0 0
SolidID  6   291 
h  105  -763927 0.999939 0 -1 -0 0
h  106  -763927 0.999939 0 -1 -0 0
h  107  -763911 0.999939 0 -1 -0 0
h  108  -763911 0.999939 0 -1 -0 0
h  109  -763900 0.999939 0 -1 -0 0
h  110  -763900 0.999939 0 -1 -0 0
h  111  -763961 0.999939 0 -1 -0 0
h  112  -763961 0.999939 0 -1 -0 0
h  113  -763897 0.999939 0 -1 -0 0
h  114  -763897 0.999939 0 -1 -0 0
h  115  -763974 0.999939 0 -1 -0 0
h  116  -763974 0.999939 0 -1 -0 0
h  117  -763965 0.999939 0 -1 -0 0
h  118  -763965 0.999939 0 -1 -0 0
h  119  -763975 0.999939 0 -1 -0 0
h  120  -763975 0.999939 0 -1 -0 0
h  121  -763866 0.999939 0 -1 -0 0
h  122  -763866 0.999939 0 -1 -0 0
h  123  -763975 0.999939 0 -1 -0 0
h  124  -763975 0.999939 0 -1 -0 0
h  125  -763974 0.999939 0 -1 -0 0
h  126  -763974 0.999939 0 -1 -0 0
h  127  -763866 0.999939 0 -1 -0 0
h  128  -763866 0.999939 0 -1 -0 0
h  129  -763975 0.999939 0 -1 -0 0
h  130  -763975 0.999939 0 -1 -0 0
h  131  -763977 0.999939 0 -1 -0 0
h  132  -763977 0.999939 0 -1 -0 0
h  133  -763975 0.999939 0 -1 -0 0
h  134  -763975 0.999939 0 -1 -0 0
h  135  -763840 0.999939 0 -1 -0 0
h  136  -763840 0.999939 0 -1 -0 0
h  137  -763840 0.999939 0 -1 -0 0
h  138  -763840 0.999939 0 -1 -0 0
h  139  -763977 0.999939 0 -1 -0 0
h  140  -763977 0.999939 0 -1 -0 0
h  141  -763976 0.999939 0 -1 -0 0
h  142  -763976 0.999939 0 -1 -0 0
h  143  -763976 0.999939 0 -1 -0 0
h  144  -763976 0.999939 0 -1 -0 0
h  145  -763975 0.999939 0 -1 -0 0
h  146  -763975 0.999939 0 -1 -0 0
h  147  -763975 0.999939 0 -1 -0 0
h  148  -763975 0.999939 0 -1 -0 0
h  149  -763915 0.999939 0 -1 -0 0
h  150  -763915 0.999939 0 -1 -0 0
h  151  -763976 0.999939 0 -1 -0 0
h  152  -763976 0.999939 0 -1 -0 0
h  153  -763975 0.999939 0 -1 -0 0
h  154  -763975 0.999939 0 -1 -0 0
h  155  -763976 0.999939 0 -1 -0 0
h  156  -763976 0.999939 0 -1 -0 0
h  157  -763976 0.999939 0 -1 -0 0
h  158  -763976 0.999939 0 -1 -0 0
h  159  -763976 0.999939 0 -1 -0 0
h  160  -763976 0.999939 0 -1 -0 0
h  161  -763964 0.999939 0 -1 -0 0
h  162  -763964 0.999939 0 -1 -0 0
h  163  -763976 0.999939 0 -1 -0 0
h  164  -763976 0.999939 0 -1 -0 0
h  165  -763956 0.999939 0 -1 -0 0
h  166  -763957 0.999939 0 -1 -0 0
h  167  -763957 0.999939 0 -1 -0 0
h  168  -763957 0.999939 0 -1 -0 0
h  169  -763866 0.999939 0 -1 -0 0
h  170  -763866 0.999939 0 -1 -0 0
h  171  -763866 0.999939 0 -1 -0 0
h  172  -763866 0.999939 0 -1 -0 0
h  173  -763834 0.999939 0 -1 -0 0
h  174  -763974 0.999939 0 -1 -0 0
h  175  -763974 0.999939 0 -1 -0 0
h  176  -763838 0.999939 0 -1 -0 0
h  177  -763838 0.999939 0 -1 -0 0
h  178  -763837 0.999939 0 -1 -0 0
h  179  -763842 0.999939 0 -1 -0 0
h  180  -763842 0.999939 0 -1 -0 0
h  181  -763842 0.999939 0 -1 -0 0
h  182  -763842 0.999939 0 -1 -0 0
h  183  -763834 0.999939 0 -1 -0 0
h  184  -763834 0.999939 0 -1 -0 0
h  185  -763834 0.999939 0 -1 -0 0
h  186  -763834 0.999939 0 -1 -0 0
h  187  -763976 0.999939 0 -1 -0 0
h  188  -763976 0.999939 0 -1 -0 0
h  189  -761298 0.999939 0 -1 -0 0
h  190  -761296 0.999939 0 -1 -0 0
h  191  -761289 0.999939 0 -1 -0 0
h  192  -761230 0.999939 0 -1 -0 0
h  193  -763821 0.999939 0 -1 -0 0
h  194  -763821 0.999939 0 -1 -0 0
h  195  -763820 0.999939 0 -1 -0 0
h  196  -763821 0.999939 0 -1 -0 0
h  197  -758729 0.999939 0 -1 -0 0
h  198  -758729 0.999939 0 -1 -0 0
h  199  -763935 0.999939 0 -1 -0 0
h  200  -763937 0.999939 0 -1 -0 0
h  201  -763936 0.999939 0 -1 -0 0
h  202  -763937 0.999939 0 -1 -0 0
h  203  -758733 0.999939 0 -1 -0 0
h  204  -763188 0.999939 0 -1 -0 0
h  205  -763226 0.999939 0 -1 -0 0
h  206  -763227 0.999939 0 -1 -0 0
h  207  -763225 0.999939 0 -1 -0 0
h  208  -758610 0.999939 0 -1 -0 0
h  209  -763217 0.999939 0 -1 -0 0
h  210  -763844 0.999939 0 -1 -0 0
h  211  -763844 0.999939 0 -1 -0 0
h  212  -763844 0.999939 0 -1 -0 0
h  213  -763844 0.999939 0 -1 -0 0
h  214  -763856 0.999939 0 -1 -0 0
h  215  -763856 0.999939 0 -1 -0 0
h  216  -763856 0.999939 0 -1 -0 0
h  217  -763856 0.999939 0 -1 -0 0
h  218  -763852 0.999939 0 -1 -0 0
h  219  -763852 0.999939 0 -1 -0 0
h  220  -763852 0.999939 0 -1 -0 0
h  221  -763852 0.999939 0 -1 -0 0
h  222  -763290 0.999939 0 -1 -0 0
h  223  -763292 0.999939 0 -1 -0 0
h  224  -763293 0.999939 0 -1 -0 0
h  225  -760183 0.999939 0 -1 -0 0
h  226  -763713 0.999939 0 -1 -0 0
h  227  -760663 0.999939 0 -1 -0 0
h  228  -760665 0.999939 0 -1 -0 0
h  229  -760668 0.999939 0 -1 -0 0
h  230  -763734 0.999939 0 -1 -0 0
h  231  -763735 0.999939 0 -1 -0 0
h  232  -763736 0.999939 0 -1 -0 0
h  233  -758334 0.999939 0 -1 -0 0
h  234  -762239 0.999939 0 -1 -0 0
h  235  -763851 0.999939 0 -1 -0 0
h  236  -763851 0.999939 0 -1 -0 0
h  237  -763975 0.999939 0 -1 -0 0
h  238  -763975 0.999939 0 -1 -0 0
h  239  -763849 0.999939 0 -1 -0 0
h  240  -763849 0.999939 0 -1 -0 0
h  241  -763854 0.999939 0 -1 -0 0
h  242  -763854 0.999939 0 -1 -0 0
h  243  -763854 0.999939 0 -1 -0 0
h  244  -763854 0.999939 0 -1 -0 0
h  245  -763939 0.999939 0 -1 -0 0
h  246  -763940 0.999939 0 -1 -0 0
h  247  -759563 0.999939 0 -1 -0 0
h  248  -759563 0.999939 0 -1 -0 0
h  249  -758683 0.999939 0 -1 -0 0
h  250  -762557 0.999939 0 -1 -0 0
h  251  -762558 0.999939 0 -1 -0 0
h  252  -762562 0.999939 0 -1 -0 0
h  253  -763971 0.999939 0 -1 -0 0
h  254  -763971 0.999939 0 -1 -0 0
h  255  -763663 0.999939 0 -1 -0 0
h  256  -763662 0.999939 0 -1 -0 0
h  257  -763664 0.999939 0 -1 -0 0
h  258  -760171 0.999939 0 -1 -0 0
h  259  -760394 0.999939 0 -1 -0 0
h  260  -760362 0.999939 0 -1 -0 0
h  261  -763640 0.999939 0 -1 -0 0
h  262  -758922 0.999939 0 -1 -0 0
h  263  -762575 0.999939 0 -1 -0 0
h  264  -763330 0.999939 0 -1 -0 0
h  265  -763330 0.999939 0 -1 -0 0
h  266  -762974 0.999939 0 -1 -0 0
h  267  -762976 0.999939 0 -1 -0 0
h  268  -762977 0.999939 0 -1 -0 0
h  269  -763851 0.999939 0 -1 -0 0
h  270  -763851 0.999939 0 -1 -0 0
h  271  -763972 0.999939 0 -1 -0 0
h  272  -763972 0.999939 0 -1 -0 0
h  273  -763972 0.999939 0 -1 -0 0
h  274  -763972 0.999939 0 -1 -0 0
h  275  -763293 0.999939 0 -1 -0 0
h  276  -762286 0.999939 0 -1 -0 0
h  277  -762286 0.999939 0 -1 -0 0
h  278  -763296 0.999939 0 -1 -0 0
h  279  -763854 0.999939 0 -1 -0 0
h  280  -763854 0.999939 0 -1 -0 0
h  281  -763854 0.999939 0 -1 -0 0
h  282  -763854 0.999939 0 -1 -0 0
h  283  -763853 0.999939 0 -1 -0 0
h  284  -763853 0.999939 0 -1 -0 0
h  285  -763853 0.999939 0 -1 -0 0
h  286  -763853 0.999939 0 -1 -0 0
h  287  -760153 0.999939 0 -1 -0 0
h  288  -763851 0.999939 0 -1 -0 0
h  289  -763851 0.999939 0 -1 -0 0
h  290  -763851 0.999939 0 -1 -0 0
h  291  -763851 0.999939 0 -1 -0 0
h  292  -763831 0.999939 0 -1 -0 0
h  293  -763833 0.999939 0 -1 -0 0
h  294  -763833 0.999939 0 -1 -0 0
h  295  -763830 0.999939 0 -1 -0 0
h  296  -760074 0.999939 0 -1 -0 0
h  297  -763758 0.999939 0 -1 -0 0
h  298  -763760 0.999939 0 -1 -0 0
h  299  -763760 0.999939 0 -1 -0 0
h  300  -763756 0.999939 0 -1 -0 0
h  301  -763360 0.999939 0 -1 -0 0
h  302  -763363 0.999939 0 -1 -0 0
h  303  -763363 0.999939 0 -1 -0 0
h  304  -761023 0.999939 0 -1 -0 0
h  305  -761001 0.999939 0 -1 -0 0
h  306  -761849 0.999939 0 -1 -0 0
h  307  -761844 0.999939 0 -1 -0 0
h  308  -763969 0.999939 0 -1 -0 0
h  309  -763969 0.999939 0 -1 -0 0
h  310  -763968 0.999939 0 -1 -0 0
h  311  -763968 0.999939 0 -1 -0 0
h  312  -760261 0.999939 0 -1 -0 0
h  313  -763324 0.999939 0 -1 -0 0
h  314  -763945 0.999939 0 -1 -0 0
h  315  -763945 0.999939 0 -1 -0 0
h  316  -763963 0.999939 0 -1 -0 0
h  317  -763963 0.999939 0 -1 -0 0
h  318  -760578 0.999939 0 -1 -0 0
h  319  -760578 0.999939 0 -1 -0 0
h  320  -760262 0.999939 0 -1 -0 0
h  321  -760262 0.999939 0 -1 -0 0
h  322  -763083 0.999939 0 -1 -0 0
h  323  -762087 0.999939 0 -1 -0 0
h  324  -762328 0.999939 0 -1 -0 0
h  325  -762326 0.999939 0 -1 -0 0
h  326  -761691 0.999939 0 -1 -0 0
h  327  -762327 0.999939 0 -1 -0 0
h  328  -762708 0.999939 0 -1 -0 0
h  329  -762709 0.999939 0 -1 -0 0
h  330  -762710 0.999939 0 -1 -0 0
h  331  -763897 0.999939 0 -1 -0 0
h  332  -763897 0.999939 0 -1 -0 0
h  333  -763764 0.999939 0 -1 -0 0
h  334  -763764 0.999939 0 -1 -0 0
h  1030  -763976 0.999939 0 -1 -0 0
h  1033  -763972 0.999939 0 -1 -0 0
h  1034  -763975 0.999939 0 -1 -0 0
h  1035  -763976 0.999939 0 -1 -0 0
h  1036  -763975 0.999939 0 -1 -0 0
h  1037  -763879 0.999939 0 -1 -0 0
h  1038  -763960 0.999939 0 -1 -0 0
h  1042  -763976 0.999939 0 -1 -0 0
h  1046  -763976 0.999939 0 -1 -0 0
h  1047  -763972 0.999939 0 -1 -0 0
h  1048  -763975 0.999939 0 -1 -0 0
h  1049  -763975 0.999939 0 -1 -0 0
h  1050  -763878 0.999939 0 -1 -0 0
h  1051  -763959 0.999939 0 -1 -0 0
h  1060  -763976 0.999939 0 -1 -0 0
h  1063  -763972 0.999939 0 -1 -0 0
h  1064  -763975 0.999939 0 -1 -0 0
h  1065  -763976 0.999939 0 -1 -0 0
h  1066  -763975 0.999939 0 -1 -0 0
h  1067  -763880 0.999939 0 -1 -0 0
h  1068  -763960 0.999939 0 -1 -0 0
h  1072  -763976 0.999939 0 -1 -0 0
h  1076  -763976 0.999939 0 -1 -0 0
h  1077  -763972 0.999939 0 -1 -0 0
h  1078  -763975 0.999939 0 -1 -0 0
h  1079  -763975 0.999939 0 -1 -0 0
h  1080  -763877 0.999939 0 -1 -0 0
h  1081  -763959 0.999939 0 -1 -0 0
h  1082  -758444 0.999939 0 -1 -0 0
h  1085  -760082 0.999939 0 -1 -0 0
h  1086  -760497 0.999939 0 -1 -0 0
h  1087  -760768 0.999939 0 -1 -0 0
h  1088  -758841 0.999939 0 -1 -0 0
h  1098  -758454 0.999939 0 -1 -0 0
h  1101  -760082 0.999939 0 -1 -0 0
h  1102  -760517 0.999939 0 -1 -0 0
h  1103  -758872 0.999939 0 -1 -0 0
h  1104  -760796 0.999939 0 -1 -0 0
h  1114  -758455 0.999939 0 -1 -0 0
h  1117  -760084 0.999939 0 -1 -0 0
h  1118  -760519 0.999939 0 -1 -0 0
h  1119  -758875 0.999939 0 -1 -0 0
h  1120  -760798 0.999939 0 -1 -0 0
h  1121  -763975 0.999939 0 -1 -0 0
h  1124  -763971 0.999939 0 -1 -0 0
h  1125  -763975 0.999939 0 -1 -0 0
h  1126  -763968 0.999939 0 -1 -0 0
h  1127  -763975 0.999939 0 -1 -0 0
h  1130  -763971 0.999939 0 -1 -0 0
h  1131  -763975 0.999939 0 -1 -0 0
h  1132  -763968 0.999939 0 -1 -0 0
h  1133  -763851 0.999939 0 -1 -0 0
h  1134  -763852 0.999939 0 -1 -0 0
h  1135  -763852 0.999939 0 -1 -0 0
h  1136  -763850 0.999939 0 -1 -0 0
h  1137  -763849 0.999939 0 -1 -0 0
h  1138  -763851 0.999939 0 -1 -0 0
h  1139  -763852 0.999939 0 -1 -0 0
h  1140  -763852 0.999939 0 -1 -0 0
h  1141  -763850 0.999939 0 -1 -0 0
h  1142  -763849 0.999939 0 -1 -0 0
SolidID  29   16 
h  571  -763852 0.999939 0 -1 -0 0
h  572  -763852 0.999939 0 -1 -0 0
h  573  -763852 0.999939 0 -1 -0 0
h  574  -763852 0.999939 0 -1 -0 0
h  575  -763852 0.999939 0 -1 -0 0
h  576  -763852 0.999939 0 -1 -0 0
h  577  -763852 0.999939 0 -1 -0 0
h  578  -763852 0.999939 0 -1 -0 0
h  579  -763852 0.999939 0 -1 -0 0
h  580  -763852 0.999939 0 -1 -0 0
h  581  -763852 0.999939 0 -1 -0 0
h  582  -763852 0.999939 0 -1 -0 0
h  583  -763852 0.999939 0 -1 -0 0
h  584  -763852 0.999939 0 -1 -0 0
h  585  -763852 0.999939 0 -1 -0 0
h  586  -763852 0.999939 0 -1 -0 0
SolidID  35   16 
h  351  -762542 0.999939 0 -1 -0 0
h  352  -763838 0.999939 0 -1 -0 0
h  353  -763712 0.999939 0 -1 -0 0
h  354  -762685 0.999939 0 -1 -0 0
h  355  -763145 0.999939 0 -1 -0 0
h  356  -763580 0.999939 0 -1 -0 0
h  357  -763796 0.999939 0 -1 -0 0
h  358  -763128 0.999939 0 -1 -0 0
h  359  -762825 0.999939 0 -1 -0 0
h  360  -762392 0.999939 0 -1 -0 0
h  361  -762371 0.999939 0 -1 -0 0
h  362  -763831 0.999939 0 -1 -0 0
h  363  -763745 0.999939 0 -1 -0 0
h  364  -763387 0.999939 0 -1 -0 0
h  365  -763531 0.999939 0 -1 -0 0
h  366  -763853 0.999939 0 -1 -0 0
SolidID  41   16 
h  73  -763509 0.999939 0 -1 -0 0
h  74  -763574 0.999939 0 -1 -0 0
h  75  -763790 0.999939 0 -1 -0 0
h  76  -762421 0.999939 0 -1 -0 0
h  77  -762381 0.999939 0 -1 -0 0
h  78  -763832 0.999939 0 -1 -0 0
h  79  -762824 0.999939 0 -1 -0 0
h  80  -763124 0.999939 0 -1 -0 0
h  81  -763707 0.999939 0 -1 -0 0
h  82  -762707 0.999939 0 -1 -0 0
h  83  -763150 0.999939 0 -1 -0 0
h  84  -763811 0.999939 0 -1 -0 0
h  85  -763717 0.999939 0 -1 -0 0
h  86  -763841 0.999939 0 -1 -0 0
h  87  -763382 0.999939 0 -1 -0 0
h  88  -762546 0.999939 0 -1 -0 0
SolidID  47   16 
h  89  -763382 0.999939 0 -1 -0 0
h  90  -763142 0.999939 0 -1 -0 0
h  91  -763790 0.999939 0 -1 -0 0
h  92  -762416 0.999939 0 -1 -0 0
h  93  -762387 0.999939 0 -1 -0 0
h  94  -763832 0.999939 0 -1 -0 0
h  95  -762826 0.999939 0 -1 -0 0
h  96  -763126 0.999939 0 -1 -0 0
h  97  -763706 0.999939 0 -1 -0 0
h  98  -762679 0.999939 0 -1 -0 0
h  99  -763574 0.999939 0 -1 -0 0
h  100  -763811 0.999939 0 -1 -0 0
h  101  -763716 0.999939 0 -1 -0 0
h  102  -763841 0.999939 0 -1 -0 0
h  103  -763506 0.999939 0 -1 -0 0
h  104  -762547 0.999939 0 -1 -0 0
SolidID  53   16 
h  335  -763853 0.999939 0 -1 -0 0
h  336  -762371 0.999939 0 -1 -0 0
h  337  -762685 0.999939 0 -1 -0 0
h  338  -763712 0.999939 0 -1 -0 0
h  339  -763145 0.999939 0 -1 -0 0
h  340  -763580 0.999939 0 -1 -0 0
h  341  -762392 0.999939 0 -1 -0 0
h  342  -763796 0.999939 0 -1 -0 0
h  343  -762824 0.999939 0 -1 -0 0
h  344  -763128 0.999939 0 -1 -0 0
h  345  -763838 0.999939 0 -1 -0 0
h  346  -763745 0.999939 0 -1 -0 0
h  347  -763831 0.999939 0 -1 -0 0
h  348  -762542 0.999939 0 -1 -0 0
h  349  -763387 0.999939 0 -1 -0 0
h  350  -763531 0.999939 0 -1 -0 0
E_DATA
B_MESH_DATA
Dim 2 
NumPts 216 
NumElems 371 
1   0.00046194   -0.000191342    0
2   0   0    0
3   0.0005   0    0
4   0   -0.0005    0
5   -0.000191342   -0.00046194    0
6   0.000191342   -0.00046194    0
7   0   0.0005    0
8   0.000191342   0.00046194    0
9   -0.00046194   0.000191342    0
10   -0.0005   0    0
11   -0.000353553   0.000353553    0
12   -0.000353553   -0.000353553    0
13   -0.00046194   -0.000191342    0
14   0.00046194   0.000191342    0
15   0.000353553   0.000353553    0
16   -0.000191342   0.00046194    0
17   0.000353553   -0.000353553    0
18   -0.0191913   0.00253806    0
19   -0.0193536   0.00264645    0
20   -0.019   0.003    0
21   -0.0185381   0.00319134    0
22   -0.0186464   0.00335355    0
23   -0.0185381   0.00280866    0
24   -0.0185   0.003    0
25   -0.0195   0.003    0
26   -0.0194619   0.00319134    0
27   -0.0193536   0.00335355    0
28   -0.0186464   0.00264645    0
29   -0.019   0.0025    0
30   -0.0188087   0.00253806    0
31   -0.0194619   0.00280866    0
32   -0.0188087   0.00346194    0
33   -0.019   0.0035    0
34   -0.0191913   0.00346194    0
35   0.0188087   -0.00346194    0
36   0.0186464   -0.00335355    0
37   0.019   -0.003    0
38   0.0194619   -0.00280866    0
39   0.0193536   -0.00264645    0
40   0.0195   -0.003    0
41   0.0194619   -0.00319134    0
42   0.0185381   -0.00280866    0
43   0.0185   -0.003    0
44   0.0193536   -0.00335355    0
45   0.0186464   -0.00264645    0
46   0.0185381   -0.00319134    0
47   0.0191913   -0.00253806    0
48   0.019   -0.0025    0
49   0.0188087   -0.00253806    0
50   0.0191913   -0.00346194    0
51   0.019   -0.0035    0
52   0.00625879   -0.000314318    0
53   0.00445878   0.004    0
54   0.00809979   0.00227818    0
55   -0.00625878   0.000314308    0
56   -0.00445878   -0.004    0
57   -0.00809977   -0.0022782    0
58   -0.00787303   0.004    0
59   -0.00445878   0.004    0
60   0.00787303   -0.004    0
61   0.00445878   -0.004    0
62   0.00346513   -4.13823e-05    0
63   -0.00346513   4.13817e-05    0
64   0.00932781   -0.000361583    0
65   -0.0093277   0.000361471    0
66   0.0108137   -0.00242839    0
67   -0.0108135   0.00242822    0
68   0.0122872   -9.9324e-05    0
69   0.0136695   0.00209724    0
70   0.0156146   -1.77949e-05    0
71   -0.0122866   9.84594e-05    0
72   -0.0136685   -0.00209833    0
73   -0.0156109   1.22478e-05    0
74   0.00213698   0.00167564    0
75   -0.00213698   -0.00167564    0
76   -0.0136654   0.00216612    0
77   0.0136661   -0.00216702    0
78   0.0108434   0.00204768    0
79   -0.0108432   -0.00204787    0
80   0.00213698   -0.00168472    0
81   -0.00213698   0.00168472    0
82   0.0152937   0.004    0
83   0.0118537   0.004    0
84   -0.0152937   -0.004    0
85   -0.0118537   -0.004    0
86   0.00172475   0.004    0
87   -0.00172475   -0.004    0
88   -0.00172475   0.004    0
89   0.00172475   -0.004    0
90   -0.0118537   0.004    0
91   -0.0152937   0.004    0
92   0.0118537   -0.004    0
93   0.0152937   -0.004    0
94   0.0162659   0.00236746    0
95   -0.0162618   0.00237855    0
96   -0.0162621   -0.00237057    0
97   0.0162628   -0.00238025    0
98   0.00787303   0.004    0
99   -0.00787303   -0.004    0
100   0.01   0.004    0
101   -0.01   -0.004    0
102   0.0175053   0.00136899    0
103   -0.0174857   -0.00138262    0
104   -0.0174857   0.00138499    0
105   0.0174884   -0.00139223    0
106   0.00139798   -3.72798e-06    0
107   -0.00139798   3.72795e-06    0
108   0.0180153   -2.701e-05    0
109   -0.01   0.004    0
110   0.01   -0.004    0
111   -0.0180056   9.89457e-07    0
112   0.000774773   0.00154661    0
113   -0.000774773   -0.00154661    0
114   0.000774773   -0.00154726    0
115   -0.000774773   0.00154726    0
116   0   0.00267957    0
117   0   -0.00267957    0
118   -0.0188095   -0.00120225    0
119   -0.02   0    0
120   -0.0188095   0.00120247    0
121   0.02   -5.58436e-05    0
122   0.0188118   -0.00121841    0
123   0.0188534   0.00113319    0
124   0   0.004    0
125   0   -0.004    0
126   -0.02   0.0016728    0
127   -0.02   -0.0016728    0
128   0.0179395   0.00261664    0
129   -0.0179285   0.00261737    0
130   -0.0179285   -0.00261682    0
131   0.0179291   -0.00261862    0
132   0.02   -0.001681    0
133   0.02   0.00134084    0
134   0.0185377   0.00211314    0
135   0   0.00117155    0
136   0   -0.00117155    0
137   0.00102345   0.000725765    0
138   -0.00102345   -0.000725765    0
139   0.00102345   -0.000727271    0
140   -0.00102345   0.000727271    0
141   -0.0184405   -0.002078    0
142   -0.0184405   0.00207815    0
143   0.0184415   -0.00208189    0
144   0.0192478   0.00208059    0
145   -0.0190348   -0.00208625    0
146   -0.0190348   0.00208626    0
147   0.0190354   -0.00209027    0
148   0.02   0.00234087    0
149   -0.0186464   0.004    0
150   -0.017684   0.004    0
151   0.0186464   -0.004    0
152   0.017684   -0.004    0
153   -0.0191913   -0.00346194    0
154   -0.019   -0.004    0
155   -0.02   -0.004    0
156   0.0191913   0.00346194    0
157   0.019   0.004    0
158   0.02   0.004    0
159   -0.02   0.003    0
160   -0.02   0.004    0
161   0.02   -0.003    0
162   0.02   -0.004    0
163   0.0195   0.003    0
164   0.02   0.00340176    0
165   -0.0192442   0.00366996    0
166   0.0192442   -0.00366996    0
167   -0.0186464   -0.00264645    0
168   0.0193536   0.00264645    0
169   0.0193536   0.00335355    0
170   -0.02   -0.00340903    0
171   -0.0193536   -0.00335355    0
172   0.0186464   0.00264645    0
173   -0.02   -0.00280866    0
174   -0.0195   -0.003    0
175   0.019   0.0025    0
176   -0.0188087   -0.00253806    0
177   0.0194619   0.00280866    0
178   -0.0185381   -0.00280866    0
179   -0.0185   -0.003    0
180   0.0185381   0.00280866    0
181   0.0185   0.003    0
182   -0.0194619   -0.00319134    0
183   0.0194619   0.00319134    0
184   -0.0194619   -0.00280866    0
185   0.0188087   0.00253806    0
186   -0.019   -0.0035    0
187   0.019   0.0035    0
188   0.0188087   0.00346194    0
189   -0.0188087   -0.00346194    0
190   0.0191913   0.00253806    0
191   -0.0191913   -0.00253806    0
192   -0.019   -0.0025    0
193   -0.0164888   0.004    0
194   -0.0172087   0.00330868    0
195   -0.0164888   -0.004    0
196   -0.0172087   -0.00330841    0
197   -0.017684   -0.004    0
198   -0.0185381   -0.00319134    0
199   0.0164888   -0.004    0
200   0.017209   -0.00330931    0
201   0.0164889   0.004    0
202   0.0172142   0.00330832    0
203   0.0176841   0.004    0
204   0.0185381   0.00319134    0
205   -0.02   -0.00224073    0
206   -0.0193536   -0.00264645    0
207   -0.02   0.0023364    0
208   0.02   -0.0023405    0
209   -0.018342   -0.004    0
210   -0.0186464   -0.00335355    0
211   0.0183421   0.004    0
212   0.0186464   0.00335355    0
213   0.000564163   -0.000950405    0
214   -0.000564163   0.000950405    0
215   -0.019   -0.003    0
216   0.019   0.003    0
571  29  1  2  3 
572  29  4  5  2 
573  29  4  2  6 
574  29  7  8  2 
575  29  9  2  10 
576  29  9  11  2 
577  29  12  13  2 
578  29  14  3  2 
579  29  15  14  2 
580  29  15  2  8 
581  29  11  16  2 
582  29  7  2  16 
583  29  13  10  2 
584  29  1  17  2 
585  29  17  6  2 
586  29  12  2  5 
351  35  18  19  20 
352  35  21  20  22 
353  35  23  20  24 
354  35  25  26  20 
355  35  26  27  20 
356  35  23  28  20 
357  35  21  24  20 
358  35  29  20  30 
359  35  18  20  29 
360  35  31  25  20 
361  35  31  20  19 
362  35  32  20  33 
363  35  34  33  20 
364  35  28  30  20 
365  35  34  20  27 
366  35  32  22  20 
335  53  35  36  37 
336  53  38  37  39 
337  53  40  41  37 
338  53  42  37  43 
339  53  41  44  37 
340  53  42  45  37 
341  53  38  40  37 
342  53  46  43  37 
343  53  47  37  48 
344  53  48  37  49 
345  53  46  37  36 
346  53  50  51  37 
347  53  35  37  51 
348  53  47  39  37 
349  53  45  49  37 
350  53  50  37  44 
105  6  52  53  54 
106  6  55  56  57 
107  6  55  58  59 
108  6  52  60  61 
109  6  52  62  53 
110  6  55  63  56 
111  6  52  64  60 
112  6  55  65  58 
113  6  52  61  62 
114  6  55  59  63 
115  6  64  66  60 
116  6  65  67  58 
117  6  52  54  64 
118  6  55  57  65 
119  6  68  69  70 
120  6  71  72  73 
121  6  74  53  62 
122  6  75  56  63 
123  6  71  73  76 
124  6  68  70  77 
125  6  78  64  54 
126  6  79  65  57 
127  6  80  62  61 
128  6  81  63  59 
129  6  68  64  78 
130  6  71  65  79 
131  6  82  69  83 
132  6  84  72  85 
133  6  68  66  64 
134  6  71  67  65 
135  6  74  86  53 
136  6  75  87  56 
137  6  81  59  88 
138  6  80  61  89 
139  6  90  76  91 
140  6  92  77  93 
141  6  68  77  66 
142  6  71  76  67 
143  6  68  78  69 
144  6  71  79  72 
145  6  70  69  94 
146  6  76  73  95 
147  6  73  72  96 
148  6  77  70  97 
149  6  98  54  53 
150  6  99  57  56 
151  6  69  78  83 
152  6  72  79  85 
153  6  100  78  54 
154  6  101  79  57 
155  6  90  67  76 
156  6  92  66  77 
157  6  82  94  69 
158  6  84  96  72 
159  6  91  76  95 
160  6  93  77  97 
161  6  98  100  54 
162  6  99  101  57 
163  6  100  83  78 
164  6  101  85  79 
165  6  102  70  94 
166  6  103  73  96 
167  6  104  95  73 
168  6  105  97  70 
169  6  62  106  74 
170  6  63  107  75 
171  6  62  80  106 
172  6  63  81  107 
173  6  108  70  102 
174  6  109  58  67 
175  6  110  60  66 
176  6  111  73  103 
177  6  104  73  111 
178  6  105  70  108 
179  6  86  74  112 
180  6  87  75  113 
181  6  89  114  80 
182  6  88  115  81 
183  6  86  112  116 
184  6  87  113  117 
185  6  88  116  115 
186  6  89  117  114 
187  6  90  109  67 
188  6  92  110  66 
189  6  111  118  119 
190  6  111  119  120 
191  6  108  121  122 
192  6  108  123  121 
193  6  124  116  88 
194  6  124  86  116 
195  6  125  87  117 
196  6  125  117  89 
197  6  120  119  126 
198  6  119  118  127 
199  6  94  128  102 
200  6  95  104  129 
201  6  96  130  103 
202  6  97  105  131 
203  6  122  121  132 
204  6  108  102  123 
205  6  111  103  118 
206  6  111  120  104 
207  6  108  122  105 
208  6  121  123  133 
209  6  123  102  134 
210  6  135  116  112 
211  6  136  114  117 
212  6  135  115  116 
213  6  136  117  113 
214  6  137  74  106 
215  6  138  75  107 
216  6  139  106  80 
217  6  140  107  81 
218  6  139  80  114 
219  6  140  81  115 
220  6  137  112  74 
221  6  138  113  75 
222  6  118  103  141 
223  6  142  104  120 
224  6  143  105  122 
225  6  144  133  123 
226  6  134  102  128 
227  6  145  127  118 
228  6  146  120  126 
229  6  147  122  132 
230  6  141  103  130 
231  6  104  142  129 
232  6  105  143  131 
233  6  148  133  144 
234  6  123  134  144 
235  6  15  112  137 
236  6  12  113  138 
237  6  22  149  150 
238  6  36  151  152 
239  6  112  8  135 
240  6  113  5  136 
241  6  14  137  106 
242  6  13  138  107 
243  6  1  106  139 
244  6  9  107  140 
245  6  153  154  155 
246  6  156  157  158 
247  6  26  159  160 
248  6  41  161  162 
249  6  148  163  164 
250  6  118  141  145 
251  6  120  146  142 
252  6  122  147  143 
253  6  160  149  165 
254  6  162  151  166 
255  6  28  129  142 
256  6  167  141  130 
257  6  45  131  143 
258  6  168  148  144 
259  6  158  164  169 
260  6  155  170  171 
261  6  172  134  128 
262  6  173  174  170 
263  6  175  144  134 
264  6  162  166  44 
265  6  160  165  27 
266  6  176  145  141 
267  6  146  30  142 
268  6  147  49  143 
269  6  12  5  113 
270  6  15  8  112 
271  6  21  22  150 
272  6  46  36  152 
273  6  51  166  151 
274  6  33  165  149 
275  6  155  171  153 
276  6  162  44  41 
277  6  160  27  26 
278  6  158  169  156 
279  6  1  3  106 
280  6  9  10  107 
281  6  14  106  3 
282  6  13  107  10 
283  6  1  139  17 
284  6  9  140  11 
285  6  15  137  14 
286  6  12  138  13 
287  6  177  148  168 
288  6  4  6  136 
289  6  4  136  5 
290  6  7  135  8 
291  6  7  16  135 
292  6  178  130  179 
293  6  23  24  129 
294  6  42  43  131 
295  6  180  128  181 
296  6  148  177  163 
297  6  167  130  178 
298  6  23  129  28 
299  6  42  131  45 
300  6  172  128  180 
301  6  167  176  141 
302  6  28  142  30 
303  6  45  143  49 
304  6  174  182  170 
305  6  163  183  164 
306  6  182  171  170 
307  6  169  164  183 
308  6  35  51  151 
309  6  32  33  149 
310  6  35  151  36 
311  6  32  149  22 
312  6  173  184  174 
313  6  172  185  134 
314  6  153  186  154 
315  6  156  187  157 
316  6  188  157  187 
317  6  189  154  186 
318  6  41  40  161 
319  6  26  25  159 
320  6  159  25  31 
321  6  161  40  38 
322  6  175  134  185 
323  6  175  190  144 
324  6  191  145  192 
325  6  18  29  146 
326  6  168  144  190 
327  6  47  48  147 
328  6  192  145  176 
329  6  29  30  146 
330  6  48  49  147 
331  6  50  166  51 
332  6  34  165  33 
333  6  50  44  166 
334  6  34  27  165 
1030  6  193  91  95 
1033  6  129  194  95 
1034  6  194  193  95 
1035  6  193  194  150 
1036  6  21  150  194 
1037  6  129  24  21 
1038  6  21  194  129 
1042  6  84  195  96 
1046  6  196  195  197 
1047  6  196  130  96 
1048  6  195  196  96 
1049  6  196  197  198 
1050  6  198  179  130 
1051  6  130  196  198 
1060  6  199  93  97 
1063  6  131  200  97 
1064  6  200  199  97 
1065  6  199  200  152 
1066  6  46  152  200 
1067  6  131  43  46 
1068  6  46  200  131 
1072  6  82  201  94 
1076  6  202  201  203 
1077  6  202  128  94 
1078  6  201  202  94 
1079  6  202  203  204 
1080  6  204  181  128 
1081  6  128  202  204 
1082  6  173  205  184 
1085  6  206  184  205 
1086  6  191  206  205 
1087  6  145  191  205 
1088  6  205  127  145 
1098  6  207  159  31 
1101  6  207  31  19 
1102  6  207  19  18 
1103  6  146  126  207 
1104  6  207  18  146 
1114  6  208  161  38 
1117  6  208  38  39 
1118  6  208  39  47 
1119  6  147  132  208 
1120  6  208  47  147 
1121  6  209  154  189 
1124  6  209  189  210 
1125  6  198  197  209 
1126  6  209  210  198 
1127  6  211  157  188 
1130  6  211  188  212 
1131  6  204  203  211 
1132  6  211  212  204 
1133  6  114  213  139 
1134  6  213  17  139 
1135  6  17  213  6 
1136  6  136  6  213 
1137  6  213  114  136 
1138  6  115  214  140 
1139  6  214  11  140 
1140  6  11  214  16 
1141  6  135  16  214 
1142  6  214  115  135 
73  41  153  171  215 
74  41  167  178  215 
75  41  198  215  179 
76  41  184  215  174 
77  41  184  206  215 
78  41  198  210  215 
79  41  191  192  215 
80  41  192  176  215 
81  41  178  179  215 
82  41  174  215  182 
83  41  182  215  171 
84  41  189  186  215 
85  41  153  215  186 
86  41  210  189  215 
87  41  167  215  176 
88  41  191  215  206 
89  47  172  216  185 
90  47  169  183  216 
91  47  204  216  181 
92  47  177  216  163 
93  47  177  168  216 
94  47  204  212  216 
95  47  175  216  190 
96  47  175  185  216 
97  47  180  181  216 
98  47  163  216  183 
99  47  172  180  216 
100  47  188  187  216 
101  47  156  216  187 
102  47  212  188  216 
103  47  156  169  216 
104  47  168  190  216 
E_MESH_DATA
