393
33 528   0.000320647 -6.37806e-05 1.06016
33 529   -6.37806e-05 -0.000320647 1.06014
33 530   6.37806e-05 -0.000320647 1.06014
33 531   6.37806e-05 0.000320647 1.06014
33 532   -0.000320647 6.37806e-05 1.06016
33 533   -0.000271831 0.000181632 1.06015
33 534   -0.000271831 -0.000181632 1.06015
33 535   0.000320647 6.37806e-05 1.06016
33 536   0.000271831 0.000181632 1.06015
33 537   0.000181632 0.000271831 1.06014
33 538   -0.000181632 0.000271831 1.06014
33 539   -6.37806e-05 0.000320647 1.06014
33 540   -0.000320647 -6.37806e-05 1.06016
33 541   0.000271831 -0.000181632 1.06015
33 542   0.000181632 -0.000271831 1.06014
33 543   -0.000181632 -0.000271831 1.06014
39 295   -0.0191816 0.00272817 1.16082
39 296   -0.0187282 0.00318163 1.14325
39 297   -0.0186794 0.00293622 1.14717
39 298   -0.0193206 0.00306378 1.15608
39 299   -0.0192718 0.00318163 1.15128
39 300   -0.0187282 0.00281837 1.14996
39 301   -0.0186794 0.00306378 1.14492
39 302   -0.0189362 0.00267935 1.15625
39 303   -0.0190638 0.00267935 1.15903
39 304   -0.0193206 0.00293622 1.15959
39 305   -0.0192718 0.00281837 1.16112
39 306   -0.0189362 0.00332065 1.14226
39 307   -0.0190638 0.00332065 1.14358
39 308   -0.0188184 0.00272817 1.15306
39 309   -0.0191816 0.00327183 1.14673
39 310   -0.0188184 0.00327183 1.14227
45 45   -0.0191816 -0.00327183 1.1472
45 46   -0.0187282 -0.00281837 1.15006
45 47   -0.0186794 -0.00306378 1.14495
45 48   -0.0193206 -0.00293622 1.15954
45 49   -0.0192718 -0.00281837 1.16115
45 50   -0.0187282 -0.00318163 1.14332
45 51   -0.0190638 -0.00267935 1.15909
45 52   -0.0189362 -0.00267935 1.15633
45 53   -0.0186794 -0.00293622 1.14727
45 54   -0.0193206 -0.00306378 1.15612
45 55   -0.0192718 -0.00318163 1.15143
45 56   -0.0189362 -0.00332065 1.14274
45 57   -0.0190638 -0.00332065 1.14426
45 58   -0.0188184 -0.00327183 1.14251
45 59   -0.0188184 -0.00272817 1.15315
45 60   -0.0191816 -0.00272817 1.16087
51 61   0.0188184 0.00272817 1.15316
51 62   0.0192718 0.00318163 1.15149
51 63   0.0186794 0.00306378 1.14497
51 64   0.0193206 0.00293622 1.15965
51 65   0.0192718 0.00281837 1.16115
51 66   0.0187282 0.00318163 1.14334
51 67   0.0190638 0.00267935 1.1591
51 68   0.0189362 0.00267935 1.15632
51 69   0.0186794 0.00293622 1.14728
51 70   0.0193206 0.00306378 1.15633
51 71   0.0187282 0.00281837 1.15008
51 72   0.0189362 0.00332065 1.14276
51 73   0.0190638 0.00332065 1.14429
51 74   0.0188184 0.00327183 1.14253
51 75   0.0191816 0.00327183 1.14724
51 76   0.0191816 0.00272817 1.16088
57 279   0.0188184 -0.00327183 1.14227
57 280   0.0192718 -0.00281837 1.16115
57 281   0.0193206 -0.00306378 1.15611
57 282   0.0186794 -0.00293622 1.14719
57 283   0.0192718 -0.00318163 1.15131
57 284   0.0187282 -0.00281837 1.14999
57 285   0.0193206 -0.00293622 1.15962
57 286   0.0186794 -0.00306378 1.14486
57 287   0.0190638 -0.00267935 1.15906
57 288   0.0189362 -0.00267935 1.15628
57 289   0.0187282 -0.00318163 1.14322
57 290   0.0190638 -0.00332065 1.14361
57 291   0.0189362 -0.00332065 1.14228
57 292   0.0191816 -0.00272817 1.16085
57 293   0.0188184 -0.00272817 1.15309
57 294   0.0191816 -0.00327183 1.14675
16 77   0.00789546 0.000534092 1.07027
16 78   -0.00789542 -0.000534141 1.07027
16 79   0.0138571 0.000660041 1.10729
16 80   -0.0138553 -0.000662542 1.10727
16 81   -0.0138543 0.000758943 1.10727
16 82   0.013856 -0.000761381 1.10729
16 83   0.00942367 0.00132142 1.07637
16 84   -0.00942356 -0.00132153 1.07637
16 85   0.0108195 0.000528924 1.08501
16 86   -0.0108192 -0.000529314 1.08501
16 87   0.0136057 0.00336575 1.10647
16 88   -0.0136053 -0.00336611 1.10647
16 89   0.0108096 -0.000963099 1.08486
16 90   -0.0108093 0.000962716 1.08485
16 91   0.0027735 0.00322521 1.05967
16 92   -0.0027735 -0.00322521 1.05967
16 93   -0.0027735 0.00322824 1.05967
16 94   0.0027735 -0.00322824 1.05967
16 95   -0.0136043 0.00338871 1.10648
16 96   0.0136045 -0.00338901 1.10649
16 97   0.0122557 -0.00156491 1.09502
16 98   -0.0122552 0.00156427 1.09501
16 99   0.0122667 0.00134853 1.09506
16 100   -0.0122661 -0.00134925 1.09506
16 101   0.0151834 0.0014823 1.11828
16 102   -0.0151794 0.00151897 1.11823
16 103   -0.0151805 -0.00148555 1.11825
16 104   0.0151812 -0.00152169 1.11825
16 105   0.0121222 0.00271497 1.09478
16 106   -0.0121218 -0.0027154 1.0948
16 107   0.00964773 0.00277529 1.07561
16 108   -0.00964766 -0.00277536 1.07561
16 109   -0.0121109 0.00286478 1.09482
16 110   0.0121112 -0.00286514 1.09483
16 111   0.0150764 0.00282157 1.11605
16 112   -0.0150748 -0.00282297 1.11603
16 113   -0.0150736 0.00284822 1.11601
16 114   0.0150742 -0.00284909 1.11603
16 115   0.00865761 0.00342606 1.06794
16 116   -0.0086576 -0.00342607 1.06791
16 117   0.010899 0.00334923 1.0849
16 118   -0.010899 -0.00334929 1.08491
16 119   0.0164619 0.00123955 1.13118
16 120   -0.0164529 -0.00124698 1.13105
16 121   -0.0164528 0.0012586 1.13103
16 122   0.0164553 -0.00126343 1.13106
16 123   0.00233337 0.00054351 1.06074
16 124   -0.00233337 -0.000543511 1.06074
16 125   0.00233337 -0.000576611 1.06074
16 126   -0.00233337 0.000576611 1.06074
16 127   0.0170451 0.000441395 1.14034
16 128   -0.0170341 -0.00045646 1.14015
16 129   -0.0170341 0.000466077 1.14014
16 130   0.0170394 -0.000479013 1.14021
16 131   0.0015455 0.00240742 1.05973
16 132   -0.0015455 -0.00240742 1.05972
16 133   0.0015455 -0.00241066 1.05973
16 134   -0.0015455 0.00241066 1.05973
16 135   0.000833174 0.00274206 1.05939
16 136   -0.000833174 -0.00274206 1.05938
16 137   -0.000833174 0.00274228 1.05939
16 138   0.000833174 -0.00274228 1.05939
16 139   -0.0108891 0.00347607 1.08494
16 140   0.0108891 -0.00347613 1.08494
16 141   -0.0189384 -0.00040042 1.17818
16 142   -0.0189384 0.000401153 1.17818
16 143   0.0189424 -0.000433754 1.17825
16 144   0.0189562 0.000350112 1.1788
16 145   -0.000574916 0.00355986 1.05888
16 146   0.000574916 0.00355986 1.05888
16 147   -0.000574916 -0.00355986 1.05887
16 148   0.000574916 -0.00355986 1.05889
16 149   -0.0196032 0.000958423 1.19649
16 150   -0.0196032 -0.00095835 1.19651
16 151   0.0172369 0.0021177 1.13721
16 152   -0.0172253 0.00212697 1.13701
16 153   -0.0172254 -0.00212334 1.13704
16 154   0.0172267 -0.00213037 1.13703
16 155   0.0196039 -0.000985083 1.19641
16 156   0.0181246 0.000825056 1.15757
16 157   -0.0181003 -0.000861292 1.15694
16 158   -0.0181003 0.000862817 1.15693
16 159   0.0181052 -0.000879217 1.15698
16 160   0.0196178 0.000806063 1.1978
16 161   0.0182988 0.00153844 1.15735
16 162   0.000258258 0.00179924 1.05981
16 163   0.000258258 -0.00179946 1.05981
16 164   -0.000258258 0.00179946 1.05981
16 165   -0.000258258 -0.00179924 1.0598
16 166   0.00151947 0.000799226 1.06032
16 167   -0.00151947 -0.000799226 1.06032
16 168   0.00151947 -0.000805241 1.06032
16 169   -0.00151947 0.000805241 1.06032
16 170   0.00131173 -0.00131975 1.06014
16 171   -0.00131173 0.00131975 1.06014
16 172   0.00131173 0.001316 1.06014
16 173   -0.00131173 -0.001316 1.06014
16 174   -0.0182453 -0.00155429 1.15619
16 175   -0.0182452 0.0015552 1.15616
16 176   0.0182472 -0.00156418 1.15616
16 177   0.019367 0.00151821 1.18447
16 178   0.0179942 0.00203292 1.1478
16 179   -0.0192814 -0.00165377 1.18051
16 180   -0.0192814 0.00165384 1.18048
16 181   0.0192824 -0.00166323 1.18045
16 182   -0.0179516 -0.00202581 1.14718
16 183   -0.0179516 0.00202684 1.14717
16 184   0.017953 -0.00203091 1.14717
16 185   0.0197493 0.00192077 1.19336
16 186   0.0188796 0.00177564 1.16793
16 187   0.0183256 -0.00378452 1.13078
16 188   0.000961123 0.00030446 1.06024
16 189   -0.000961123 -0.00030446 1.06024
16 190   0.000961123 -0.000307447 1.06024
16 191   -0.000961123 0.000307447 1.06024
16 192   -0.0193971 -0.00382065 1.12883
16 193   0.0193971 0.00382065 1.12881
16 194   -0.0198206 0.00339711 1.16134
16 195   0.0198206 -0.00339711 1.16139
16 196   0.0198333 0.00291421 1.17735
16 197   -0.0187616 -0.00178883 1.16497
16 198   -0.0187616 0.00178896 1.16494
16 199   0.0187629 -0.00179686 1.16492
16 200   -0.0192969 0.00388999 1.12605
16 201   0.0192969 -0.00388999 1.12608
16 202   -0.0183385 0.00244732 1.14919
16 203   -0.0183385 -0.00244709 1.14925
16 204   0.018339 -0.00244899 1.14923
16 205   0.0195338 0.00235597 1.17871
16 206   0.0197845 0.0035851 1.15118
16 207   -0.0197845 -0.00358753 1.15122
16 208   0.0183745 0.00245874 1.14973
16 209   -0.0198333 -0.00307256 1.17288
16 210   0.0189285 0.00223124 1.16358
16 211   0.0195326 -0.0036745 1.13855
16 212   -0.0195326 0.0036745 1.13852
16 213   -0.0187613 -0.0022341 1.15973
16 214   -0.0187613 0.00223416 1.15969
16 215   0.0187618 -0.00223674 1.1597
16 216   0.0182895 -0.00351497 1.13444
16 217   0.0189635 -0.00372332 1.13259
16 218   -0.0189635 0.00372332 1.13256
16 219   -0.019515 -0.00360516 1.13984
16 220   0.0196052 -0.00351497 1.14821
16 221   -0.0196052 0.00351497 1.14817
16 222   0.019515 0.00360516 1.13979
16 223   0.000786641 -6.50232e-05 1.06022
16 224   -0.000786641 6.50232e-05 1.06022
16 225   0.000786641 6.25379e-05 1.06022
16 226   -0.000786641 -6.25379e-05 1.06022
16 227   0.00061298 -0.000424055 1.06017
16 228   -0.00061298 0.000424055 1.06017
16 229   0.00061298 0.000423554 1.06017
16 230   -0.00061298 -0.000423554 1.06017
16 231   0.0196052 0.00259866 1.17618
16 232   6.37806e-05 -0.000711163 1.06009
16 233   -6.37806e-05 -0.000711163 1.06009
16 234   6.37806e-05 0.000711163 1.06009
16 235   -6.37806e-05 0.000711163 1.06009
16 236   -0.0183222 -0.00280849 1.1444
16 237   -0.0183222 0.00280868 1.14427
16 238   0.0183224 -0.00280909 1.14437
16 239   0.0183259 0.00280843 1.14446
16 240   0.019654 0.00271651 1.17499
16 241   -0.018371 -0.00269064 1.14669
16 242   -0.018371 0.00269082 1.14658
16 243   0.0183712 -0.00269124 1.14666
16 244   0.0183747 0.00269058 1.14675
16 245   -0.0186319 -0.00242084 1.15451
16 246   -0.0186319 0.00242088 1.15445
16 247   0.0186322 -0.00242213 1.15448
16 248   -0.019654 -0.00320013 1.16153
16 249   0.019654 0.0031977 1.1615
16 250   -0.0196052 -0.00331798 1.15557
16 251   0.0196052 0.00331555 1.15555
16 252   0.0188184 -0.00365398 1.13443
16 253   -0.0188184 0.00365398 1.13438
16 254   0.0187005 -0.00360516 1.13504
16 255   -0.0187005 0.00360516 1.13499
16 256   -0.019654 -0.00287244 1.17155
16 257   0.0186643 0.00243255 1.15499
16 258   -0.0190638 -0.00365398 1.13512
16 259   0.0190638 0.00365398 1.13512
16 260   0.0189362 0.00365398 1.13428
16 261   -0.0189362 -0.00365398 1.13427
16 262   0.019654 -0.00306378 1.1665
16 263   -0.019654 0.00306378 1.16646
16 264   -0.019654 0.00293622 1.17017
16 265   0.019654 -0.00293622 1.17021
16 266   0.0187821 0.00238373 1.15804
16 267   0.0191464 0.00237288 1.16671
16 268   -0.0190754 -0.00237477 1.16488
16 269   -0.0190754 0.00237477 1.16485
16 270   0.0192642 0.0024217 1.16903
16 271   0.0190756 -0.00237611 1.16487
16 272   -0.0189478 -0.00237477 1.16181
16 273   -0.0189478 0.00237477 1.16176
16 274   0.018948 -0.00237611 1.16178
16 275   0.0191452 -0.00354397 1.13753
16 276   -0.0191452 0.00354397 1.1375
16 277   0.019263 -0.00349515 1.14029
16 278   -0.019263 0.00349515 1.14026
16 822   0.00589686 -0.00338572 1.06197
16 823   0.00502757 -0.00083762 1.06328
16 824   0.00398485 -0.00261396 1.06093
16 825   0.00365363 -0.00129442 1.06149
16 826   0.00755083 -0.000944353 1.06894
16 827   0.00622783 -0.00154288 1.06492
16 828   0.00676591 -0.00277144 1.06441
16 829   -0.00589686 0.00338572 1.06196
16 830   -0.00502756 0.000837614 1.06328
16 831   -0.00398485 0.00261396 1.06093
16 832   -0.00365363 0.00129442 1.06149
16 833   -0.00755079 0.000944311 1.06894
16 834   -0.00622782 0.00154287 1.06492
16 835   -0.0067659 0.00277144 1.06441
16 846   -0.00657244 -0.00126891 1.06592
16 847   -0.00502756 -0.000495719 1.06338
16 848   -0.00589686 -0.00328095 1.06212
16 849   -0.00711053 -0.00270702 1.06528
16 850   -0.00365363 -0.00115904 1.06155
16 851   -0.00398485 -0.00250616 1.06104
16 852   0.00657245 0.0012689 1.06593
16 853   0.00502757 0.000495714 1.06338
16 854   0.00589686 0.00328095 1.06212
16 855   0.00711054 0.00270701 1.06529
16 856   0.00365363 0.00115903 1.06155
16 857   0.00398485 0.00250616 1.06104
16 858   0.00969375 -0.00169425 1.0775
16 859   0.0084445 -0.00160384 1.07149
16 860   0.00795958 -0.00281664 1.0673
16 861   0.00991781 -0.00290706 1.07708
16 862   0.00893761 -0.00343093 1.06911
16 863   -0.00969364 0.00169413 1.07749
16 864   -0.00844444 0.00160377 1.07148
16 865   -0.00795955 0.00281661 1.0673
16 866   -0.00991774 0.00290697 1.07708
16 867   -0.00893758 0.0034309 1.06911
16 1036   -0.0160148 0.00345952 1.12133
16 1039   -0.017133 0.0027682 1.1321
16 1040   -0.0166531 0.00322908 1.12597
16 1041   -0.0171272 0.00376956 1.12587
16 1045   -0.0160149 -0.00345686 1.12132
16 1049   -0.0171272 -0.00376947 1.12589
16 1050   -0.0171331 -0.00276527 1.13214
16 1051   -0.0166532 -0.00322633 1.12594
16 1052   -0.0178103 -0.00349992 1.13159
16 1053   -0.0183222 -0.00293606 1.14257
16 1054   -0.0178917 -0.00303886 1.13693
16 1059   0.0160151 -0.00346008 1.12135
16 1062   0.0171336 -0.00276939 1.13213
16 1063   0.0166535 -0.00322985 1.12598
16 1064   0.0171273 -0.00376977 1.12588
16 1065   0.0178103 -0.00350022 1.13159
16 1066   0.0183224 -0.00293665 1.14254
16 1067   0.017892 -0.00303976 1.13693
16 1071   0.0160162 0.00345582 1.12134
16 1075   0.0171291 0.00376944 1.1259
16 1076   0.0171399 0.00276414 1.13221
16 1077   0.0166564 0.00322526 1.12597
16 1078   0.0178121 0.00349989 1.1316
16 1079   0.0183259 0.00293599 1.14262
16 1080   0.0178973 0.00303877 1.13699
16 1081   -0.0198206 -0.00261935 1.18415
16 1084   -0.0196052 -0.00256528 1.17703
16 1085   -0.019515 -0.00247508 1.17589
16 1086   -0.0194087 -0.00228835 1.17596
16 1087   -0.0196783 -0.00199993 1.18983
16 1097   -0.0198206 0.00271502 1.1822
16 1100   -0.0196052 0.00259717 1.17647
16 1101   -0.019515 0.00250697 1.17531
16 1102   -0.0196783 0.00203182 1.18931
16 1103   -0.0194087 0.00232024 1.17542
16 1113   0.0198206 -0.00271639 1.18221
16 1116   0.0196052 -0.00259853 1.17648
16 1117   0.019515 -0.00250834 1.17533
16 1118   0.0196785 -0.00203726 1.18928
16 1119   0.0194089 -0.00232294 1.17542
16 1120   -0.0187169 -0.00382065 1.13046
16 1123   -0.018599 -0.00360516 1.1343
16 1124   -0.018188 -0.00373045 1.13085
16 1125   -0.0185088 -0.00351497 1.13532
16 1126   0.0187169 0.00382065 1.13046
16 1129   0.0185991 0.00360516 1.1343
16 1130   0.0181881 0.00373045 1.13085
16 1131   0.0185089 0.00351497 1.13533
16 1132   0.000787461 -0.00107498 1.06009
16 1133   0.000647054 -0.000677076 1.06014
16 1134   0.000369686 -0.000588633 1.06012
16 1135   0.000251835 -0.000861298 1.06007
16 1136   0.000446312 -0.00122307 1.06001
16 1137   -0.000787461 0.00107498 1.06009
16 1138   -0.000647054 0.000677076 1.06014
16 1139   -0.000369686 0.000588633 1.06012
16 1140   -0.000251835 0.000861298 1.06007
16 1141   -0.000446312 0.00122307 1.06001
16 1142   -0.000647054 -0.000676466 1.06014
16 1143   -0.000787461 -0.00107415 1.06008
16 1144   -0.000369686 -0.000588525 1.06012
16 1145   -0.000446312 -0.00122275 1.06001
16 1146   -0.000251835 -0.00086119 1.06007
16 1147   0.000647054 0.000676466 1.06014
16 1148   0.000787461 0.00107415 1.06009
16 1149   0.000369686 0.000588525 1.06012
16 1150   0.000446312 0.00122275 1.06001
16 1151   0.000251835 0.00086119 1.06007
16 1152   -0.0175887 0.00351957 1.13
16 1153   -0.0176702 0.00305869 1.13479
16 1154   -0.0183526 0.00326497 1.13816
16 1155   -0.0183038 0.00314712 1.13945
16 1156   -0.0181006 0.00295579 1.13983
16 1157   -0.0180679 0.00375 1.1299
16 1158   -0.0183888 0.00353452 1.13437
end
