SolidID  29   16 
h  528  -763987 0.999939 0 -1 -0 0
h  529  -763987 0.999939 0 -1 -0 0
h  530  -763987 0.999939 0 -1 -0 0
h  531  -763987 0.999939 0 -1 -0 0
h  532  -763987 0.999939 0 -1 -0 0
h  533  -763987 0.999939 0 -1 -0 0
h  534  -763987 0.999939 0 -1 -0 0
h  535  -763987 0.999939 0 -1 -0 0
h  536  -763987 0.999939 0 -1 -0 0
h  537  -763987 0.999939 0 -1 -0 0
h  538  -763987 0.999939 0 -1 -0 0
h  539  -763987 0.999939 0 -1 -0 0
h  540  -763987 0.999939 0 -1 -0 0
h  541  -763987 0.999939 0 -1 -0 0
h  542  -763987 0.999939 0 -1 -0 0
h  543  -763987 0.999939 0 -1 -0 0
SolidID  29   16 
h  528  -763987 0.999939 0 -1 -0 0
h  529  -763987 0.999939 0 -1 -0 0
h  530  -763987 0.999939 0 -1 -0 0
h  531  -763987 0.999939 0 -1 -0 0
h  532  -763987 0.999939 0 -1 -0 0
h  533  -763987 0.999939 0 -1 -0 0
h  534  -763987 0.999939 0 -1 -0 0
h  535  -763987 0.999939 0 -1 -0 0
h  536  -763987 0.999939 0 -1 -0 0
h  537  -763987 0.999939 0 -1 -0 0
h  538  -763987 0.999939 0 -1 -0 0
h  539  -763987 0.999939 0 -1 -0 0
h  540  -763987 0.999939 0 -1 -0 0
h  541  -763987 0.999939 0 -1 -0 0
h  542  -763987 0.999939 0 -1 -0 0
h  543  -763987 0.999939 0 -1 -0 0
SolidID  35   16 
h  295  -763976 0.999939 0 -1 -0 0
h  296  -763979 0.999939 0 -1 -0 0
h  297  -763979 0.999939 0 -1 -0 0
h  298  -763976 0.999939 0 -1 -0 0
h  299  -763977 0.999939 0 -1 -0 0
h  300  -763978 0.999939 0 -1 -0 0
h  301  -763979 0.999939 0 -1 -0 0
h  302  -763977 0.999939 0 -1 -0 0
h  303  -763977 0.999939 0 -1 -0 0
h  304  -763976 0.999939 0 -1 -0 0
h  305  -763976 0.999939 0 -1 -0 0
h  306  -763979 0.999939 0 -1 -0 0
h  307  -763978 0.999939 0 -1 -0 0
h  308  -763978 0.999939 0 -1 -0 0
h  309  -763978 0.999939 0 -1 -0 0
h  310  -763979 0.999939 0 -1 -0 0
SolidID  29   16 
h  528  -763987 0.999939 0 -1 -0 0
h  529  -763987 0.999939 0 -1 -0 0
h  530  -763987 0.999939 0 -1 -0 0
h  531  -763987 0.999939 0 -1 -0 0
h  532  -763987 0.999939 0 -1 -0 0
h  533  -763987 0.999939 0 -1 -0 0
h  534  -763987 0.999939 0 -1 -0 0
h  535  -763987 0.999939 0 -1 -0 0
h  536  -763987 0.999939 0 -1 -0 0
h  537  -763987 0.999939 0 -1 -0 0
h  538  -763987 0.999939 0 -1 -0 0
h  539  -763987 0.999939 0 -1 -0 0
h  540  -763987 0.999939 0 -1 -0 0
h  541  -763987 0.999939 0 -1 -0 0
h  542  -763987 0.999939 0 -1 -0 0
h  543  -763987 0.999939 0 -1 -0 0
SolidID  35   16 
h  295  -763976 0.999939 0 -1 -0 0
h  296  -763979 0.999939 0 -1 -0 0
h  297  -763979 0.999939 0 -1 -0 0
h  298  -763976 0.999939 0 -1 -0 0
h  299  -763977 0.999939 0 -1 -0 0
h  300  -763978 0.999939 0 -1 -0 0
h  301  -763979 0.999939 0 -1 -0 0
h  302  -763977 0.999939 0 -1 -0 0
h  303  -763977 0.999939 0 -1 -0 0
h  304  -763976 0.999939 0 -1 -0 0
h  305  -763976 0.999939 0 -1 -0 0
h  306  -763979 0.999939 0 -1 -0 0
h  307  -763978 0.999939 0 -1 -0 0
h  308  -763978 0.999939 0 -1 -0 0
h  309  -763978 0.999939 0 -1 -0 0
h  310  -763979 0.999939 0 -1 -0 0
SolidID  41   16 
h  45  -763978 0.999939 0 -1 -0 0
h  46  -763978 0.999939 0 -1 -0 0
h  47  -763979 0.999939 0 -1 -0 0
h  48  -763976 0.999939 0 -1 -0 0
h  49  -763976 0.999939 0 -1 -0 0
h  50  -763979 0.999939 0 -1 -0 0
h  51  -763977 0.999939 0 -1 -0 0
h  52  -763977 0.999939 0 -1 -0 0
h  53  -763979 0.999939 0 -1 -0 0
h  54  -763976 0.999939 0 -1 -0 0
h  55  -763977 0.999939 0 -1 -0 0
h  56  -763979 0.999939 0 -1 -0 0
h  57  -763978 0.999939 0 -1 -0 0
h  58  -763979 0.999939 0 -1 -0 0
h  59  -763978 0.999939 0 -1 -0 0
h  60  -763976 0.999939 0 -1 -0 0
SolidID  29   16 
h  528  -763987 0.999939 0 -1 -0 0
h  529  -763987 0.999939 0 -1 -0 0
h  530  -763987 0.999939 0 -1 -0 0
h  531  -763987 0.999939 0 -1 -0 0
h  532  -763987 0.999939 0 -1 -0 0
h  533  -763987 0.999939 0 -1 -0 0
h  534  -763987 0.999939 0 -1 -0 0
h  535  -763987 0.999939 0 -1 -0 0
h  536  -763987 0.999939 0 -1 -0 0
h  537  -763987 0.999939 0 -1 -0 0
h  538  -763987 0.999939 0 -1 -0 0
h  539  -763987 0.999939 0 -1 -0 0
h  540  -763987 0.999939 0 -1 -0 0
h  541  -763987 0.999939 0 -1 -0 0
h  542  -763987 0.999939 0 -1 -0 0
h  543  -763987 0.999939 0 -1 -0 0
SolidID  35   16 
h  295  -763976 0.999939 0 -1 -0 0
h  296  -763979 0.999939 0 -1 -0 0
h  297  -763979 0.999939 0 -1 -0 0
h  298  -763976 0.999939 0 -1 -0 0
h  299  -763977 0.999939 0 -1 -0 0
h  300  -763978 0.999939 0 -1 -0 0
h  301  -763979 0.999939 0 -1 -0 0
h  302  -763977 0.999939 0 -1 -0 0
h  303  -763977 0.999939 0 -1 -0 0
h  304  -763976 0.999939 0 -1 -0 0
h  305  -763976 0.999939 0 -1 -0 0
h  306  -763979 0.999939 0 -1 -0 0
h  307  -763978 0.999939 0 -1 -0 0
h  308  -763978 0.999939 0 -1 -0 0
h  309  -763978 0.999939 0 -1 -0 0
h  310  -763979 0.999939 0 -1 -0 0
SolidID  41   16 
h  45  -763978 0.999939 0 -1 -0 0
h  46  -763978 0.999939 0 -1 -0 0
h  47  -763979 0.999939 0 -1 -0 0
h  48  -763976 0.999939 0 -1 -0 0
h  49  -763976 0.999939 0 -1 -0 0
h  50  -763979 0.999939 0 -1 -0 0
h  51  -763977 0.999939 0 -1 -0 0
h  52  -763977 0.999939 0 -1 -0 0
h  53  -763979 0.999939 0 -1 -0 0
h  54  -763976 0.999939 0 -1 -0 0
h  55  -763977 0.999939 0 -1 -0 0
h  56  -763979 0.999939 0 -1 -0 0
h  57  -763978 0.999939 0 -1 -0 0
h  58  -763979 0.999939 0 -1 -0 0
h  59  -763978 0.999939 0 -1 -0 0
h  60  -763976 0.999939 0 -1 -0 0
SolidID  47   16 
h  61  -763978 0.999939 0 -1 -0 0
h  62  -763977 0.999939 0 -1 -0 0
h  63  -763979 0.999939 0 -1 -0 0
h  64  -763976 0.999939 0 -1 -0 0
h  65  -763976 0.999939 0 -1 -0 0
h  66  -763979 0.999939 0 -1 -0 0
h  67  -763977 0.999939 0 -1 -0 0
h  68  -763977 0.999939 0 -1 -0 0
h  69  -763979 0.999939 0 -1 -0 0
h  70  -763976 0.999939 0 -1 -0 0
h  71  -763978 0.999939 0 -1 -0 0
h  72  -763979 0.999939 0 -1 -0 0
h  73  -763978 0.999939 0 -1 -0 0
h  74  -763979 0.999939 0 -1 -0 0
h  75  -763978 0.999939 0 -1 -0 0
h  76  -763976 0.999939 0 -1 -0 0
SolidID  29   16 
h  528  -763987 0.999939 0 -1 -0 0
h  529  -763987 0.999939 0 -1 -0 0
h  530  -763987 0.999939 0 -1 -0 0
h  531  -763987 0.999939 0 -1 -0 0
h  532  -763987 0.999939 0 -1 -0 0
h  533  -763987 0.999939 0 -1 -0 0
h  534  -763987 0.999939 0 -1 -0 0
h  535  -763987 0.999939 0 -1 -0 0
h  536  -763987 0.999939 0 -1 -0 0
h  537  -763987 0.999939 0 -1 -0 0
h  538  -763987 0.999939 0 -1 -0 0
h  539  -763987 0.999939 0 -1 -0 0
h  540  -763987 0.999939 0 -1 -0 0
h  541  -763987 0.999939 0 -1 -0 0
h  542  -763987 0.999939 0 -1 -0 0
h  543  -763987 0.999939 0 -1 -0 0
SolidID  35   16 
h  295  -763976 0.999939 0 -1 -0 0
h  296  -763979 0.999939 0 -1 -0 0
h  297  -763979 0.999939 0 -1 -0 0
h  298  -763976 0.999939 0 -1 -0 0
h  299  -763977 0.999939 0 -1 -0 0
h  300  -763978 0.999939 0 -1 -0 0
h  301  -763979 0.999939 0 -1 -0 0
h  302  -763977 0.999939 0 -1 -0 0
h  303  -763977 0.999939 0 -1 -0 0
h  304  -763976 0.999939 0 -1 -0 0
h  305  -763976 0.999939 0 -1 -0 0
h  306  -763979 0.999939 0 -1 -0 0
h  307  -763978 0.999939 0 -1 -0 0
h  308  -763978 0.999939 0 -1 -0 0
h  309  -763978 0.999939 0 -1 -0 0
h  310  -763979 0.999939 0 -1 -0 0
SolidID  41   16 
h  45  -763978 0.999939 0 -1 -0 0
h  46  -763978 0.999939 0 -1 -0 0
h  47  -763979 0.999939 0 -1 -0 0
h  48  -763976 0.999939 0 -1 -0 0
h  49  -763976 0.999939 0 -1 -0 0
h  50  -763979 0.999939 0 -1 -0 0
h  51  -763977 0.999939 0 -1 -0 0
h  52  -763977 0.999939 0 -1 -0 0
h  53  -763979 0.999939 0 -1 -0 0
h  54  -763976 0.999939 0 -1 -0 0
h  55  -763977 0.999939 0 -1 -0 0
h  56  -763979 0.999939 0 -1 -0 0
h  57  -763978 0.999939 0 -1 -0 0
h  58  -763979 0.999939 0 -1 -0 0
h  59  -763978 0.999939 0 -1 -0 0
h  60  -763976 0.999939 0 -1 -0 0
SolidID  47   16 
h  61  -763978 0.999939 0 -1 -0 0
h  62  -763977 0.999939 0 -1 -0 0
h  63  -763979 0.999939 0 -1 -0 0
h  64  -763976 0.999939 0 -1 -0 0
h  65  -763976 0.999939 0 -1 -0 0
h  66  -763979 0.999939 0 -1 -0 0
h  67  -763977 0.999939 0 -1 -0 0
h  68  -763977 0.999939 0 -1 -0 0
h  69  -763979 0.999939 0 -1 -0 0
h  70  -763976 0.999939 0 -1 -0 0
h  71  -763978 0.999939 0 -1 -0 0
h  72  -763979 0.999939 0 -1 -0 0
h  73  -763978 0.999939 0 -1 -0 0
h  74  -763979 0.999939 0 -1 -0 0
h  75  -763978 0.999939 0 -1 -0 0
h  76  -763976 0.999939 0 -1 -0 0
SolidID  53   16 
h  279  -763979 0.999939 0 -1 -0 0
h  280  -763976 0.999939 0 -1 -0 0
h  281  -763976 0.999939 0 -1 -0 0
h  282  -763979 0.999939 0 -1 -0 0
h  283  -763977 0.999939 0 -1 -0 0
h  284  -763978 0.999939 0 -1 -0 0
h  285  -763976 0.999939 0 -1 -0 0
h  286  -763979 0.999939 0 -1 -0 0
h  287  -763977 0.999939 0 -1 -0 0
h  288  -763977 0.999939 0 -1 -0 0
h  289  -763979 0.999939 0 -1 -0 0
h  290  -763978 0.999939 0 -1 -0 0
h  291  -763979 0.999939 0 -1 -0 0
h  292  -763976 0.999939 0 -1 -0 0
h  293  -763978 0.999939 0 -1 -0 0
h  294  -763978 0.999939 0 -1 -0 0
SolidID  6   313 
h  77  -763987 0.999939 0 -1 -0 0
h  78  -763987 0.999939 0 -1 -0 0
h  79  -763987 0.999939 0 -1 -0 0
h  80  -763987 0.999939 0 -1 -0 0
h  81  -763987 0.999939 0 -1 -0 0
h  82  -763987 0.999939 0 -1 -0 0
h  83  -763987 0.999939 0 -1 -0 0
h  84  -763987 0.999939 0 -1 -0 0
h  85  -763987 0.999939 0 -1 -0 0
h  86  -763987 0.999939 0 -1 -0 0
h  87  -763987 0.999939 0 -1 -0 0
h  88  -763987 0.999939 0 -1 -0 0
h  89  -763987 0.999939 0 -1 -0 0
h  90  -763987 0.999939 0 -1 -0 0
h  91  -763987 0.999939 0 -1 -0 0
h  92  -763987 0.999939 0 -1 -0 0
h  93  -763987 0.999939 0 -1 -0 0
h  94  -763987 0.999939 0 -1 -0 0
h  95  -763987 0.999939 0 -1 -0 0
h  96  -763987 0.999939 0 -1 -0 0
h  97  -763987 0.999939 0 -1 -0 0
h  98  -763987 0.999939 0 -1 -0 0
h  99  -763987 0.999939 0 -1 -0 0
h  100  -763987 0.999939 0 -1 -0 0
h  101  -763987 0.999939 0 -1 -0 0
h  102  -763987 0.999939 0 -1 -0 0
h  103  -763987 0.999939 0 -1 -0 0
h  104  -763987 0.999939 0 -1 -0 0
h  105  -763987 0.999939 0 -1 -0 0
h  106  -763987 0.999939 0 -1 -0 0
h  107  -763987 0.999939 0 -1 -0 0
h  108  -763987 0.999939 0 -1 -0 0
h  109  -763987 0.999939 0 -1 -0 0
h  110  -763987 0.999939 0 -1 -0 0
h  111  -763987 0.999939 0 -1 -0 0
h  112  -763987 0.999939 0 -1 -0 0
h  113  -763987 0.999939 0 -1 -0 0
h  114  -763987 0.999939 0 -1 -0 0
h  115  -763987 0.999939 0 -1 -0 0
h  116  -763987 0.999939 0 -1 -0 0
h  117  -763987 0.999939 0 -1 -0 0
h  118  -763987 0.999939 0 -1 -0 0
h  119  -763984 0.999939 0 -1 -0 0
h  120  -763984 0.999939 0 -1 -0 0
h  121  -763984 0.999939 0 -1 -0 0
h  122  -763984 0.999939 0 -1 -0 0
h  123  -763987 0.999939 0 -1 -0 0
h  124  -763987 0.999939 0 -1 -0 0
h  125  -763987 0.999939 0 -1 -0 0
h  126  -763987 0.999939 0 -1 -0 0
h  127  -763982 0.999939 0 -1 -0 0
h  128  -763982 0.999939 0 -1 -0 0
h  129  -763982 0.999939 0 -1 -0 0
h  130  -763982 0.999939 0 -1 -0 0
h  131  -763987 0.999939 0 -1 -0 0
h  132  -763987 0.999939 0 -1 -0 0
h  133  -763987 0.999939 0 -1 -0 0
h  134  -763987 0.999939 0 -1 -0 0
h  135  -763987 0.999939 0 -1 -0 0
h  136  -763987 0.999939 0 -1 -0 0
h  137  -763987 0.999939 0 -1 -0 0
h  138  -763987 0.999939 0 -1 -0 0
h  139  -763987 0.999939 0 -1 -0 0
h  140  -763987 0.999939 0 -1 -0 0
h  141  -763976 0.999939 0 -1 -0 0
h  142  -763976 0.999939 0 -1 -0 0
h  143  -763976 0.999939 0 -1 -0 0
h  144  -763976 0.999939 0 -1 -0 0
h  145  -763987 0.999939 0 -1 -0 0
h  146  -763987 0.999939 0 -1 -0 0
h  147  -763987 0.999939 0 -1 -0 0
h  148  -763987 0.999939 0 -1 -0 0
h  149  -763947 0.999939 0 -1 -0 0
h  150  -763946 0.999939 0 -1 -0 0
h  151  -763982 0.999939 0 -1 -0 0
h  152  -763982 0.999939 0 -1 -0 0
h  153  -763982 0.999939 0 -1 -0 0
h  154  -763982 0.999939 0 -1 -0 0
h  155  -763946 0.999939 0 -1 -0 0
h  156  -763979 0.999939 0 -1 -0 0
h  157  -763979 0.999939 0 -1 -0 0
h  158  -763979 0.999939 0 -1 -0 0
h  159  -763979 0.999939 0 -1 -0 0
h  160  -763943 0.999939 0 -1 -0 0
h  161  -763978 0.999939 0 -1 -0 0
h  162  -763987 0.999939 0 -1 -0 0
h  163  -763987 0.999939 0 -1 -0 0
h  164  -763987 0.999939 0 -1 -0 0
h  165  -763987 0.999939 0 -1 -0 0
h  166  -763987 0.999939 0 -1 -0 0
h  167  -763987 0.999939 0 -1 -0 0
h  168  -763987 0.999939 0 -1 -0 0
h  169  -763987 0.999939 0 -1 -0 0
h  170  -763987 0.999939 0 -1 -0 0
h  171  -763987 0.999939 0 -1 -0 0
h  172  -763987 0.999939 0 -1 -0 0
h  173  -763987 0.999939 0 -1 -0 0
h  174  -763979 0.999939 0 -1 -0 0
h  175  -763979 0.999939 0 -1 -0 0
h  176  -763979 0.999939 0 -1 -0 0
h  177  -763973 0.999939 0 -1 -0 0
h  178  -763980 0.999939 0 -1 -0 0
h  179  -763974 0.999939 0 -1 -0 0
h  180  -763974 0.999939 0 -1 -0 0
h  181  -763974 0.999939 0 -1 -0 0
h  182  -763980 0.999939 0 -1 -0 0
h  183  -763980 0.999939 0 -1 -0 0
h  184  -763980 0.999939 0 -1 -0 0
h  185  -763906 0.999939 0 -1 -0 0
h  186  -763976 0.999939 0 -1 -0 0
h  187  -763982 0.999939 0 -1 -0 0
h  188  -763987 0.999939 0 -1 -0 0
h  189  -763987 0.999939 0 -1 -0 0
h  190  -763987 0.999939 0 -1 -0 0
h  191  -763987 0.999939 0 -1 -0 0
h  192  -763979 0.999939 0 -1 -0 0
h  193  -763979 0.999939 0 -1 -0 0
h  194  -763915 0.999939 0 -1 -0 0
h  195  -763915 0.999939 0 -1 -0 0
h  196  -763886 0.999939 0 -1 -0 0
h  197  -763977 0.999939 0 -1 -0 0
h  198  -763977 0.999939 0 -1 -0 0
h  199  -763977 0.999939 0 -1 -0 0
h  200  -763980 0.999939 0 -1 -0 0
h  201  -763980 0.999939 0 -1 -0 0
h  202  -763979 0.999939 0 -1 -0 0
h  203  -763979 0.999939 0 -1 -0 0
h  204  -763979 0.999939 0 -1 -0 0
h  205  -763969 0.999939 0 -1 -0 0
h  206  -763953 0.999939 0 -1 -0 0
h  207  -763952 0.999939 0 -1 -0 0
h  208  -763979 0.999939 0 -1 -0 0
h  209  -763896 0.999939 0 -1 -0 0
h  210  -763977 0.999939 0 -1 -0 0
h  211  -763977 0.999939 0 -1 -0 0
h  212  -763977 0.999939 0 -1 -0 0
h  213  -763977 0.999939 0 -1 -0 0
h  214  -763977 0.999939 0 -1 -0 0
h  215  -763977 0.999939 0 -1 -0 0
h  216  -763982 0.999939 0 -1 -0 0
h  217  -763981 0.999939 0 -1 -0 0
h  218  -763981 0.999939 0 -1 -0 0
h  219  -763977 0.999939 0 -1 -0 0
h  220  -763975 0.999939 0 -1 -0 0
h  221  -763975 0.999939 0 -1 -0 0
h  222  -763977 0.999939 0 -1 -0 0
h  223  -763987 0.999939 0 -1 -0 0
h  224  -763987 0.999939 0 -1 -0 0
h  225  -763987 0.999939 0 -1 -0 0
h  226  -763987 0.999939 0 -1 -0 0
h  227  -763987 0.999939 0 -1 -0 0
h  228  -763987 0.999939 0 -1 -0 0
h  229  -763987 0.999939 0 -1 -0 0
h  230  -763987 0.999939 0 -1 -0 0
h  231  -763965 0.999939 0 -1 -0 0
h  232  -763987 0.999939 0 -1 -0 0
h  233  -763987 0.999939 0 -1 -0 0
h  234  -763987 0.999939 0 -1 -0 0
h  235  -763987 0.999939 0 -1 -0 0
h  236  -763980 0.999939 0 -1 -0 0
h  237  -763980 0.999939 0 -1 -0 0
h  238  -763980 0.999939 0 -1 -0 0
h  239  -763980 0.999939 0 -1 -0 0
h  240  -763962 0.999939 0 -1 -0 0
h  241  -763979 0.999939 0 -1 -0 0
h  242  -763979 0.999939 0 -1 -0 0
h  243  -763979 0.999939 0 -1 -0 0
h  244  -763979 0.999939 0 -1 -0 0
h  245  -763978 0.999939 0 -1 -0 0
h  246  -763978 0.999939 0 -1 -0 0
h  247  -763978 0.999939 0 -1 -0 0
h  248  -763972 0.999939 0 -1 -0 0
h  249  -763972 0.999939 0 -1 -0 0
h  250  -763975 0.999939 0 -1 -0 0
h  251  -763975 0.999939 0 -1 -0 0
h  252  -763981 0.999939 0 -1 -0 0
h  253  -763981 0.999939 0 -1 -0 0
h  254  -763981 0.999939 0 -1 -0 0
h  255  -763981 0.999939 0 -1 -0 0
h  256  -763964 0.999939 0 -1 -0 0
h  257  -763978 0.999939 0 -1 -0 0
h  258  -763980 0.999939 0 -1 -0 0
h  259  -763980 0.999939 0 -1 -0 0
h  260  -763980 0.999939 0 -1 -0 0
h  261  -763980 0.999939 0 -1 -0 0
h  262  -763968 0.999939 0 -1 -0 0
h  263  -763968 0.999939 0 -1 -0 0
h  264  -763964 0.999939 0 -1 -0 0
h  265  -763964 0.999939 0 -1 -0 0
h  266  -763977 0.999939 0 -1 -0 0
h  267  -763976 0.999939 0 -1 -0 0
h  268  -763976 0.999939 0 -1 -0 0
h  269  -763976 0.999939 0 -1 -0 0
h  270  -763975 0.999939 0 -1 -0 0
h  271  -763976 0.999939 0 -1 -0 0
h  272  -763977 0.999939 0 -1 -0 0
h  273  -763977 0.999939 0 -1 -0 0
h  274  -763977 0.999939 0 -1 -0 0
h  275  -763979 0.999939 0 -1 -0 0
h  276  -763979 0.999939 0 -1 -0 0
h  277  -763978 0.999939 0 -1 -0 0
h  278  -763978 0.999939 0 -1 -0 0
h  822  -763987 0.999939 0 -1 -0 0
h  823  -763987 0.999939 0 -1 -0 0
h  824  -763987 0.999939 0 -1 -0 0
h  825  -763987 0.999939 0 -1 -0 0
h  826  -763987 0.999939 0 -1 -0 0
h  827  -763987 0.999939 0 -1 -0 0
h  828  -763987 0.999939 0 -1 -0 0
h  829  -763987 0.999939 0 -1 -0 0
h  830  -763987 0.999939 0 -1 -0 0
h  831  -763987 0.999939 0 -1 -0 0
h  832  -763987 0.999939 0 -1 -0 0
h  833  -763987 0.999939 0 -1 -0 0
h  834  -763987 0.999939 0 -1 -0 0
h  835  -763987 0.999939 0 -1 -0 0
h  846  -763987 0.999939 0 -1 -0 0
h  847  -763987 0.999939 0 -1 -0 0
h  848  -763987 0.999939 0 -1 -0 0
h  849  -763987 0.999939 0 -1 -0 0
h  850  -763987 0.999939 0 -1 -0 0
h  851  -763987 0.999939 0 -1 -0 0
h  852  -763987 0.999939 0 -1 -0 0
h  853  -763987 0.999939 0 -1 -0 0
h  854  -763987 0.999939 0 -1 -0 0
h  855  -763987 0.999939 0 -1 -0 0
h  856  -763987 0.999939 0 -1 -0 0
h  857  -763987 0.999939 0 -1 -0 0
h  858  -763987 0.999939 0 -1 -0 0
h  859  -763987 0.999939 0 -1 -0 0
h  860  -763987 0.999939 0 -1 -0 0
h  861  -763987 0.999939 0 -1 -0 0
h  862  -763987 0.999939 0 -1 -0 0
h  863  -763987 0.999939 0 -1 -0 0
h  864  -763987 0.999939 0 -1 -0 0
h  865  -763987 0.999939 0 -1 -0 0
h  866  -763987 0.999939 0 -1 -0 0
h  867  -763987 0.999939 0 -1 -0 0
h  1036  -763986 0.999939 0 -1 -0 0
h  1039  -763983 0.999939 0 -1 -0 0
h  1040  -763984 0.999939 0 -1 -0 0
h  1041  -763984 0.999939 0 -1 -0 0
h  1045  -763986 0.999939 0 -1 -0 0
h  1049  -763984 0.999939 0 -1 -0 0
h  1050  -763983 0.999939 0 -1 -0 0
h  1051  -763984 0.999939 0 -1 -0 0
h  1052  -763983 0.999939 0 -1 -0 0
h  1053  -763980 0.999939 0 -1 -0 0
h  1054  -763982 0.999939 0 -1 -0 0
h  1059  -763986 0.999939 0 -1 -0 0
h  1062  -763983 0.999939 0 -1 -0 0
h  1063  -763984 0.999939 0 -1 -0 0
h  1064  -763984 0.999939 0 -1 -0 0
h  1065  -763983 0.999939 0 -1 -0 0
h  1066  -763980 0.999939 0 -1 -0 0
h  1067  -763982 0.999939 0 -1 -0 0
h  1071  -763986 0.999939 0 -1 -0 0
h  1075  -763984 0.999939 0 -1 -0 0
h  1076  -763983 0.999939 0 -1 -0 0
h  1077  -763984 0.999939 0 -1 -0 0
h  1078  -763983 0.999939 0 -1 -0 0
h  1079  -763980 0.999939 0 -1 -0 0
h  1080  -763982 0.999939 0 -1 -0 0
h  1081  -763884 0.999939 0 -1 -0 0
h  1084  -763964 0.999939 0 -1 -0 0
h  1085  -763972 0.999939 0 -1 -0 0
h  1086  -763974 0.999939 0 -1 -0 0
h  1087  -763934 0.999939 0 -1 -0 0
h  1097  -763885 0.999939 0 -1 -0 0
h  1100  -763965 0.999939 0 -1 -0 0
h  1101  -763972 0.999939 0 -1 -0 0
h  1102  -763934 0.999939 0 -1 -0 0
h  1103  -763974 0.999939 0 -1 -0 0
h  1113  -763885 0.999939 0 -1 -0 0
h  1116  -763965 0.999939 0 -1 -0 0
h  1117  -763972 0.999939 0 -1 -0 0
h  1118  -763934 0.999939 0 -1 -0 0
h  1119  -763974 0.999939 0 -1 -0 0
h  1120  -763982 0.999939 0 -1 -0 0
h  1123  -763981 0.999939 0 -1 -0 0
h  1124  -763982 0.999939 0 -1 -0 0
h  1125  -763981 0.999939 0 -1 -0 0
h  1126  -763982 0.999939 0 -1 -0 0
h  1129  -763981 0.999939 0 -1 -0 0
h  1130  -763982 0.999939 0 -1 -0 0
h  1131  -763981 0.999939 0 -1 -0 0
h  1132  -763987 0.999939 0 -1 -0 0
h  1133  -763987 0.999939 0 -1 -0 0
h  1134  -763987 0.999939 0 -1 -0 0
h  1135  -763987 0.999939 0 -1 -0 0
h  1136  -763987 0.999939 0 -1 -0 0
h  1137  -763987 0.999939 0 -1 -0 0
h  1138  -763987 0.999939 0 -1 -0 0
h  1139  -763987 0.999939 0 -1 -0 0
h  1140  -763987 0.999939 0 -1 -0 0
h  1141  -763987 0.999939 0 -1 -0 0
h  1142  -763987 0.999939 0 -1 -0 0
h  1143  -763987 0.999939 0 -1 -0 0
h  1144  -763987 0.999939 0 -1 -0 0
h  1145  -763987 0.999939 0 -1 -0 0
h  1146  -763987 0.999939 0 -1 -0 0
h  1147  -763987 0.999939 0 -1 -0 0
h  1148  -763987 0.999939 0 -1 -0 0
h  1149  -763987 0.999939 0 -1 -0 0
h  1150  -763987 0.999939 0 -1 -0 0
h  1151  -763987 0.999939 0 -1 -0 0
h  1152  -763983 0.999939 0 -1 -0 0
h  1153  -763982 0.999939 0 -1 -0 0
h  1154  -763981 0.999939 0 -1 -0 0
h  1155  -763981 0.999939 0 -1 -0 0
h  1156  -763981 0.999939 0 -1 -0 0
h  1157  -763983 0.999939 0 -1 -0 0
h  1158  -763981 0.999939 0 -1 -0 0
SolidID  29   16 
h  528  -763987 0.999939 0 -1 -0 0
h  529  -763987 0.999939 0 -1 -0 0
h  530  -763987 0.999939 0 -1 -0 0
h  531  -763987 0.999939 0 -1 -0 0
h  532  -763987 0.999939 0 -1 -0 0
h  533  -763987 0.999939 0 -1 -0 0
h  534  -763987 0.999939 0 -1 -0 0
h  535  -763987 0.999939 0 -1 -0 0
h  536  -763987 0.999939 0 -1 -0 0
h  537  -763987 0.999939 0 -1 -0 0
h  538  -763987 0.999939 0 -1 -0 0
h  539  -763987 0.999939 0 -1 -0 0
h  540  -763987 0.999939 0 -1 -0 0
h  541  -763987 0.999939 0 -1 -0 0
h  542  -763987 0.999939 0 -1 -0 0
h  543  -763987 0.999939 0 -1 -0 0
SolidID  35   16 
h  295  -763976 0.999939 0 -1 -0 0
h  296  -763979 0.999939 0 -1 -0 0
h  297  -763979 0.999939 0 -1 -0 0
h  298  -763976 0.999939 0 -1 -0 0
h  299  -763977 0.999939 0 -1 -0 0
h  300  -763978 0.999939 0 -1 -0 0
h  301  -763979 0.999939 0 -1 -0 0
h  302  -763977 0.999939 0 -1 -0 0
h  303  -763977 0.999939 0 -1 -0 0
h  304  -763976 0.999939 0 -1 -0 0
h  305  -763976 0.999939 0 -1 -0 0
h  306  -763979 0.999939 0 -1 -0 0
h  307  -763978 0.999939 0 -1 -0 0
h  308  -763978 0.999939 0 -1 -0 0
h  309  -763978 0.999939 0 -1 -0 0
h  310  -763979 0.999939 0 -1 -0 0
SolidID  41   16 
h  45  -763978 0.999939 0 -1 -0 0
h  46  -763978 0.999939 0 -1 -0 0
h  47  -763979 0.999939 0 -1 -0 0
h  48  -763976 0.999939 0 -1 -0 0
h  49  -763976 0.999939 0 -1 -0 0
h  50  -763979 0.999939 0 -1 -0 0
h  51  -763977 0.999939 0 -1 -0 0
h  52  -763977 0.999939 0 -1 -0 0
h  53  -763979 0.999939 0 -1 -0 0
h  54  -763976 0.999939 0 -1 -0 0
h  55  -763977 0.999939 0 -1 -0 0
h  56  -763979 0.999939 0 -1 -0 0
h  57  -763978 0.999939 0 -1 -0 0
h  58  -763979 0.999939 0 -1 -0 0
h  59  -763978 0.999939 0 -1 -0 0
h  60  -763976 0.999939 0 -1 -0 0
SolidID  47   16 
h  61  -763978 0.999939 0 -1 -0 0
h  62  -763977 0.999939 0 -1 -0 0
h  63  -763979 0.999939 0 -1 -0 0
h  64  -763976 0.999939 0 -1 -0 0
h  65  -763976 0.999939 0 -1 -0 0
h  66  -763979 0.999939 0 -1 -0 0
h  67  -763977 0.999939 0 -1 -0 0
h  68  -763977 0.999939 0 -1 -0 0
h  69  -763979 0.999939 0 -1 -0 0
h  70  -763976 0.999939 0 -1 -0 0
h  71  -763978 0.999939 0 -1 -0 0
h  72  -763979 0.999939 0 -1 -0 0
h  73  -763978 0.999939 0 -1 -0 0
h  74  -763979 0.999939 0 -1 -0 0
h  75  -763978 0.999939 0 -1 -0 0
h  76  -763976 0.999939 0 -1 -0 0
SolidID  53   16 
h  279  -763979 0.999939 0 -1 -0 0
h  280  -763976 0.999939 0 -1 -0 0
h  281  -763976 0.999939 0 -1 -0 0
h  282  -763979 0.999939 0 -1 -0 0
h  283  -763977 0.999939 0 -1 -0 0
h  284  -763978 0.999939 0 -1 -0 0
h  285  -763976 0.999939 0 -1 -0 0
h  286  -763979 0.999939 0 -1 -0 0
h  287  -763977 0.999939 0 -1 -0 0
h  288  -763977 0.999939 0 -1 -0 0
h  289  -763979 0.999939 0 -1 -0 0
h  290  -763978 0.999939 0 -1 -0 0
h  291  -763979 0.999939 0 -1 -0 0
h  292  -763976 0.999939 0 -1 -0 0
h  293  -763978 0.999939 0 -1 -0 0
h  294  -763978 0.999939 0 -1 -0 0
E_DATA
B_MESH_DATA
Dim 2 
NumPts 227 
NumElems 393 
1   0.00046194   -0.000191342    0
2   0   0    0
3   0.0005   0    0
4   0   -0.0005    0
5   -0.000191342   -0.00046194    0
6   0.000191342   -0.00046194    0
7   0   0.0005    0
8   0.000191342   0.00046194    0
9   -0.00046194   0.000191342    0
10   -0.0005   0    0
11   -0.000353553   0.000353553    0
12   -0.000353553   -0.000353553    0
13   -0.00046194   -0.000191342    0
14   0.00046194   0.000191342    0
15   0.000353553   0.000353553    0
16   -0.000191342   0.00046194    0
17   0.000353553   -0.000353553    0
18   -0.0191913   0.00253806    0
19   -0.0193536   0.00264645    0
20   -0.019   0.003    0
21   -0.0185381   0.00319134    0
22   -0.0186464   0.00335355    0
23   -0.0185381   0.00280866    0
24   -0.0185   0.003    0
25   -0.0195   0.003    0
26   -0.0194619   0.00319134    0
27   -0.0193536   0.00335355    0
28   -0.0186464   0.00264645    0
29   -0.019   0.0025    0
30   -0.0188087   0.00253806    0
31   -0.0194619   0.00280866    0
32   -0.0188087   0.00346194    0
33   -0.019   0.0035    0
34   -0.0191913   0.00346194    0
35   0.0188087   -0.00346194    0
36   0.0186464   -0.00335355    0
37   0.019   -0.003    0
38   0.0194619   -0.00280866    0
39   0.0193536   -0.00264645    0
40   0.0195   -0.003    0
41   0.0194619   -0.00319134    0
42   0.0185381   -0.00280866    0
43   0.0185   -0.003    0
44   0.0193536   -0.00335355    0
45   0.0186464   -0.00264645    0
46   0.0185381   -0.00319134    0
47   0.0191913   -0.00253806    0
48   0.019   -0.0025    0
49   0.0188087   -0.00253806    0
50   0.0191913   -0.00346194    0
51   0.019   -0.0035    0
52   0.00625879   -0.000314318    0
53   0.00809979   0.00227818    0
54   0.00932781   -0.000361583    0
55   -0.00625878   0.000314308    0
56   -0.00809977   -0.0022782    0
57   -0.0093277   0.000361471    0
58   0.0122872   -9.9324e-05    0
59   0.0136695   0.00209724    0
60   0.0156146   -1.77949e-05    0
61   -0.0122866   9.84594e-05    0
62   -0.0136685   -0.00209833    0
63   -0.0156109   1.22478e-05    0
64   -0.0136654   0.00216612    0
65   0.0136661   -0.00216702    0
66   0.0108434   0.00204768    0
67   -0.0108432   -0.00204787    0
68   0.0152937   0.004    0
69   0.0118537   0.004    0
70   -0.0152937   -0.004    0
71   -0.0118537   -0.004    0
72   0.0108137   -0.00242839    0
73   -0.0108135   0.00242822    0
74   0.00213698   0.00167564    0
75   0.00172475   0.004    0
76   0.00445878   0.004    0
77   -0.00213698   -0.00167564    0
78   -0.00172475   -0.004    0
79   -0.00445878   -0.004    0
80   -0.00213698   0.00168472    0
81   -0.00445878   0.004    0
82   -0.00172475   0.004    0
83   0.00213698   -0.00168472    0
84   0.00445878   -0.004    0
85   0.00172475   -0.004    0
86   -0.0118537   0.004    0
87   -0.0152937   0.004    0
88   0.0118537   -0.004    0
89   0.0152937   -0.004    0
90   0.0162659   0.00236746    0
91   -0.0162618   0.00237855    0
92   -0.0162621   -0.00237057    0
93   0.0162628   -0.00238025    0
94   0.01   0.004    0
95   -0.01   -0.004    0
96   0.00787303   0.004    0
97   -0.00787303   -0.004    0
98   0.0175053   0.00136899    0
99   -0.0174857   -0.00138262    0
100   -0.0174857   0.00138499    0
101   0.0174884   -0.00139223    0
102   0.00346513   -4.13823e-05    0
103   0.00139798   -3.72798e-06    0
104   -0.00346513   4.13817e-05    0
105   -0.00139798   3.72795e-06    0
106   0.0180153   -2.701e-05    0
107   -0.0180056   9.89457e-07    0
108   0.000774773   0.00154661    0
109   -0.000774773   -0.00154661    0
110   0.000774773   -0.00154726    0
111   -0.000774773   0.00154726    0
112   0   0.00267957    0
113   0   -0.00267957    0
114   -0.01   0.004    0
115   0.01   -0.004    0
116   -0.0188095   -0.00120225    0
117   -0.02   0    0
118   -0.0188095   0.00120247    0
119   0.02   -5.58436e-05    0
120   0.0188118   -0.00121841    0
121   0.0188534   0.00113319    0
122   0   0.004    0
123   0   -0.004    0
124   -0.02   0.0016728    0
125   -0.02   -0.0016728    0
126   0.0179395   0.00261664    0
127   -0.0179285   0.00261737    0
128   -0.0179285   -0.00261682    0
129   0.0179291   -0.00261862    0
130   0.02   -0.001681    0
131   0.02   0.00134084    0
132   0.0185377   0.00211314    0
133   0   0.00117155    0
134   0   -0.00117155    0
135   0.00102345   0.000725765    0
136   -0.00102345   -0.000725765    0
137   0.00102345   -0.000727271    0
138   -0.00102345   0.000727271    0
139   -0.0184405   -0.002078    0
140   -0.0184405   0.00207815    0
141   0.0184415   -0.00208189    0
142   0.0192478   0.00208059    0
143   -0.0190348   -0.00208625    0
144   -0.0190348   0.00208626    0
145   0.0190354   -0.00209027    0
146   0.02   0.00234087    0
147   0.0186464   -0.004    0
148   0.017684   -0.004    0
149   -0.0191913   -0.00346194    0
150   -0.019   -0.004    0
151   -0.02   -0.004    0
152   0.0191913   0.00346194    0
153   0.019   0.004    0
154   0.02   0.004    0
155   -0.02   0.003    0
156   -0.02   0.004    0
157   0.02   -0.003    0
158   0.02   -0.004    0
159   0.0195   0.003    0
160   0.02   0.00340176    0
161   -0.0186464   0.004    0
162   -0.0192442   0.00366996    0
163   0.0192442   -0.00366996    0
164   -0.0186464   -0.00264645    0
165   0.0193536   0.00264645    0
166   0.0193536   0.00335355    0
167   -0.02   -0.00340903    0
168   -0.0193536   -0.00335355    0
169   0.0186464   0.00264645    0
170   -0.02   -0.00280866    0
171   -0.0195   -0.003    0
172   0.019   0.0025    0
173   -0.0188087   -0.00253806    0
174   0.0194619   0.00280866    0
175   -0.0185381   -0.00280866    0
176   -0.0185   -0.003    0
177   0.0185381   0.00280866    0
178   0.0185   0.003    0
179   -0.0194619   -0.00319134    0
180   0.0194619   0.00319134    0
181   -0.0194619   -0.00280866    0
182   0.0188087   0.00253806    0
183   -0.019   -0.0035    0
184   0.019   0.0035    0
185   0.0188087   0.00346194    0
186   -0.0188087   -0.00346194    0
187   0.0191913   0.00253806    0
188   -0.0191913   -0.00253806    0
189   -0.019   -0.0025    0
190   0.00535878   -0.00215716    0
191   0.00787303   -0.004    0
192   0.00706591   -0.00215716    0
193   -0.00535878   0.00215715    0
194   -0.00787303   0.004    0
195   -0.0070659   0.00215715    0
196   -0.00535878   -0.00184285    0
197   0.00535878   0.00184284    0
198   0.00893978   -0.00229278    0
199   -0.00893971   0.00229269    0
200   -0.0164888   0.004    0
201   -0.0172087   0.00330868    0
202   -0.017684   0.004    0
203   -0.0164888   -0.004    0
204   -0.0172087   -0.00330841    0
205   -0.017684   -0.004    0
206   -0.0185381   -0.00319134    0
207   0.0164888   -0.004    0
208   0.017209   -0.00330931    0
209   0.0164889   0.004    0
210   0.0172142   0.00330832    0
211   0.0176841   0.004    0
212   0.0185381   0.00319134    0
213   -0.02   -0.00224073    0
214   -0.0193536   -0.00264645    0
215   -0.02   0.0023364    0
216   0.02   -0.0023405    0
217   -0.018342   -0.004    0
218   -0.0186464   -0.00335355    0
219   0.0183421   0.004    0
220   0.0186464   0.00335355    0
221   0.000564163   -0.000950405    0
222   -0.000564163   0.000950405    0
223   -0.000564163   -0.000950081    0
224   0.000564163   0.000950081    0
225   -0.0178734   0.00325001    0
226   -0.019   -0.003    0
227   0.019   0.003    0
528  29  1  2  3 
529  29  4  5  2 
530  29  4  2  6 
531  29  7  8  2 
532  29  9  2  10 
533  29  9  11  2 
534  29  12  13  2 
535  29  14  3  2 
536  29  15  14  2 
537  29  15  2  8 
538  29  11  16  2 
539  29  7  2  16 
540  29  13  10  2 
541  29  1  17  2 
542  29  17  6  2 
543  29  12  2  5 
295  35  18  19  20 
296  35  21  20  22 
297  35  23  20  24 
298  35  25  26  20 
299  35  26  27  20 
300  35  23  28  20 
301  35  21  24  20 
302  35  29  20  30 
303  35  18  20  29 
304  35  31  25  20 
305  35  31  20  19 
306  35  32  20  33 
307  35  34  33  20 
308  35  28  30  20 
309  35  34  20  27 
310  35  32  22  20 
279  53  35  36  37 
280  53  38  37  39 
281  53  40  41  37 
282  53  42  37  43 
283  53  41  44  37 
284  53  42  45  37 
285  53  38  40  37 
286  53  46  43  37 
287  53  47  37  48 
288  53  48  37  49 
289  53  46  37  36 
290  53  50  51  37 
291  53  35  37  51 
292  53  47  39  37 
293  53  45  49  37 
294  53  50  37  44 
77  6  52  53  54 
78  6  55  56  57 
79  6  58  59  60 
80  6  61  62  63 
81  6  61  63  64 
82  6  58  60  65 
83  6  66  54  53 
84  6  67  57  56 
85  6  58  54  66 
86  6  61  57  67 
87  6  68  59  69 
88  6  70  62  71 
89  6  58  72  54 
90  6  61  73  57 
91  6  74  75  76 
92  6  77  78  79 
93  6  80  81  82 
94  6  83  84  85 
95  6  86  64  87 
96  6  88  65  89 
97  6  58  65  72 
98  6  61  64  73 
99  6  58  66  59 
100  6  61  67  62 
101  6  60  59  90 
102  6  64  63  91 
103  6  63  62  92 
104  6  65  60  93 
105  6  59  66  69 
106  6  62  67  71 
107  6  94  66  53 
108  6  95  67  56 
109  6  86  73  64 
110  6  88  72  65 
111  6  68  90  59 
112  6  70  92  62 
113  6  87  64  91 
114  6  89  65  93 
115  6  96  94  53 
116  6  97  95  56 
117  6  94  69  66 
118  6  95  71  67 
119  6  98  60  90 
120  6  99  63  92 
121  6  100  91  63 
122  6  101  93  60 
123  6  102  103  74 
124  6  104  105  77 
125  6  102  83  103 
126  6  104  80  105 
127  6  106  60  98 
128  6  107  63  99 
129  6  100  63  107 
130  6  101  60  106 
131  6  75  74  108 
132  6  78  77  109 
133  6  85  110  83 
134  6  82  111  80 
135  6  75  108  112 
136  6  78  109  113 
137  6  82  112  111 
138  6  85  113  110 
139  6  86  114  73 
140  6  88  115  72 
141  6  107  116  117 
142  6  107  117  118 
143  6  106  119  120 
144  6  106  121  119 
145  6  122  112  82 
146  6  122  75  112 
147  6  123  78  113 
148  6  123  113  85 
149  6  118  117  124 
150  6  117  116  125 
151  6  90  126  98 
152  6  91  100  127 
153  6  92  128  99 
154  6  93  101  129 
155  6  120  119  130 
156  6  106  98  121 
157  6  107  99  116 
158  6  107  118  100 
159  6  106  120  101 
160  6  119  121  131 
161  6  121  98  132 
162  6  133  112  108 
163  6  134  110  113 
164  6  133  111  112 
165  6  134  113  109 
166  6  135  74  103 
167  6  136  77  105 
168  6  137  103  83 
169  6  138  105  80 
170  6  137  83  110 
171  6  138  80  111 
172  6  135  108  74 
173  6  136  109  77 
174  6  116  99  139 
175  6  140  100  118 
176  6  141  101  120 
177  6  142  131  121 
178  6  132  98  126 
179  6  143  125  116 
180  6  144  118  124 
181  6  145  120  130 
182  6  139  99  128 
183  6  100  140  127 
184  6  101  141  129 
185  6  146  131  142 
186  6  121  132  142 
187  6  36  147  148 
188  6  14  135  103 
189  6  13  136  105 
190  6  1  103  137 
191  6  9  105  138 
192  6  149  150  151 
193  6  152  153  154 
194  6  26  155  156 
195  6  41  157  158 
196  6  146  159  160 
197  6  116  139  143 
198  6  118  144  140 
199  6  120  145  141 
200  6  156  161  162 
201  6  158  147  163 
202  6  28  127  140 
203  6  164  139  128 
204  6  45  129  141 
205  6  165  146  142 
206  6  154  160  166 
207  6  151  167  168 
208  6  169  132  126 
209  6  170  171  167 
210  6  172  142  132 
211  6  158  163  44 
212  6  156  162  27 
213  6  173  143  139 
214  6  144  30  140 
215  6  145  49  141 
216  6  46  36  148 
217  6  51  163  147 
218  6  33  162  161 
219  6  151  168  149 
220  6  158  44  41 
221  6  156  27  26 
222  6  154  166  152 
223  6  1  3  103 
224  6  9  10  105 
225  6  14  103  3 
226  6  13  105  10 
227  6  1  137  17 
228  6  9  138  11 
229  6  15  135  14 
230  6  12  136  13 
231  6  174  146  165 
232  6  4  6  134 
233  6  4  134  5 
234  6  7  133  8 
235  6  7  16  133 
236  6  175  128  176 
237  6  23  24  127 
238  6  42  43  129 
239  6  177  126  178 
240  6  146  174  159 
241  6  164  128  175 
242  6  23  127  28 
243  6  42  129  45 
244  6  169  126  177 
245  6  164  173  139 
246  6  28  140  30 
247  6  45  141  49 
248  6  171  179  167 
249  6  159  180  160 
250  6  179  168  167 
251  6  166  160  180 
252  6  35  51  147 
253  6  32  33  161 
254  6  35  147  36 
255  6  32  161  22 
256  6  170  181  171 
257  6  169  182  132 
258  6  149  183  150 
259  6  152  184  153 
260  6  185  153  184 
261  6  186  150  183 
262  6  41  40  157 
263  6  26  25  155 
264  6  155  25  31 
265  6  157  40  38 
266  6  172  132  182 
267  6  172  187  142 
268  6  188  143  189 
269  6  18  29  144 
270  6  165  142  187 
271  6  47  48  145 
272  6  189  143  173 
273  6  29  30  144 
274  6  48  49  145 
275  6  50  163  51 
276  6  34  162  33 
277  6  50  44  163 
278  6  34  27  162 
822  6  84  190  191 
823  6  52  190  102 
824  6  190  84  83 
825  6  83  102  190 
826  6  192  52  54 
827  6  52  192  190 
828  6  192  191  190 
829  6  81  193  194 
830  6  55  193  104 
831  6  193  81  80 
832  6  80  104  193 
833  6  195  55  57 
834  6  55  195  193 
835  6  195  194  193 
846  6  55  196  56 
847  6  196  55  104 
848  6  196  79  97 
849  6  97  56  196 
850  6  196  104  77 
851  6  77  79  196 
852  6  52  197  53 
853  6  197  52  102 
854  6  197  76  96 
855  6  96  53  197 
856  6  197  102  74 
857  6  74  76  197 
858  6  72  198  54 
859  6  198  192  54 
860  6  192  198  191 
861  6  198  72  115 
862  6  115  191  198 
863  6  73  199  57 
864  6  199  195  57 
865  6  195  199  194 
866  6  199  73  114 
867  6  114  194  199 
1036  6  200  87  91 
1039  6  127  201  91 
1040  6  201  200  91 
1041  6  200  201  202 
1045  6  70  203  92 
1049  6  204  203  205 
1050  6  204  128  92 
1051  6  203  204  92 
1052  6  204  205  206 
1053  6  206  176  128 
1054  6  128  204  206 
1059  6  207  89  93 
1062  6  129  208  93 
1063  6  208  207  93 
1064  6  207  208  148 
1065  6  46  148  208 
1066  6  129  43  46 
1067  6  46  208  129 
1071  6  68  209  90 
1075  6  210  209  211 
1076  6  210  126  90 
1077  6  209  210  90 
1078  6  210  211  212 
1079  6  212  178  126 
1080  6  126  210  212 
1081  6  170  213  181 
1084  6  214  181  213 
1085  6  188  214  213 
1086  6  143  188  213 
1087  6  213  125  143 
1097  6  215  155  31 
1100  6  215  31  19 
1101  6  215  19  18 
1102  6  144  124  215 
1103  6  215  18  144 
1113  6  216  157  38 
1116  6  216  38  39 
1117  6  216  39  47 
1118  6  145  130  216 
1119  6  216  47  145 
1120  6  217  150  186 
1123  6  217  186  218 
1124  6  206  205  217 
1125  6  217  218  206 
1126  6  219  153  185 
1129  6  219  185  220 
1130  6  212  211  219 
1131  6  219  220  212 
1132  6  110  221  137 
1133  6  221  17  137 
1134  6  17  221  6 
1135  6  134  6  221 
1136  6  221  110  134 
1137  6  111  222  138 
1138  6  222  11  138 
1139  6  11  222  16 
1140  6  133  16  222 
1141  6  222  111  133 
1142  6  12  223  136 
1143  6  223  109  136 
1144  6  223  12  5 
1145  6  134  109  223 
1146  6  223  5  134 
1147  6  15  224  135 
1148  6  224  108  135 
1149  6  224  15  8 
1150  6  133  108  224 
1151  6  224  8  133 
1152  6  201  225  202 
1153  6  225  201  127 
1154  6  225  21  22 
1155  6  24  21  225 
1156  6  225  127  24 
1157  6  161  202  225 
1158  6  225  22  161 
45  41  149  168  226 
46  41  164  175  226 
47  41  206  226  176 
48  41  181  226  171 
49  41  181  214  226 
50  41  206  218  226 
51  41  188  189  226 
52  41  189  173  226 
53  41  175  176  226 
54  41  171  226  179 
55  41  179  226  168 
56  41  186  183  226 
57  41  149  226  183 
58  41  218  186  226 
59  41  164  226  173 
60  41  188  226  214 
61  47  169  227  182 
62  47  166  180  227 
63  47  212  227  178 
64  47  174  227  159 
65  47  174  165  227 
66  47  212  220  227 
67  47  172  227  187 
68  47  172  182  227 
69  47  177  178  227 
70  47  159  227  180 
71  47  169  177  227 
72  47  185  184  227 
73  47  152  227  184 
74  47  220  185  227 
75  47  152  166  227 
76  47  165  187  227 
E_MESH_DATA
