SolidID  69   6 
h  169  -968376 1.04774 0 -0 -1 0
h  170  -968376 1.04774 0 -0 -1 0
h  243  -968376 1.04774 0 -0 -1 0
h  244  -968376 1.04774 0 -0 -1 0
h  258  -968376 1.04774 0 -0 -1 0
h  259  -968376 1.04774 0 -0 -1 0
E_DATA
B_MESH_DATA
Dim 2 
NumPts 7 
NumElems 6 
1   -0.029   0    0
2   -0.0315   0.00287    0
3   -0.0265   0.00287    0
4   -0.0265   -0.00287    0
5   -0.0315   -0.00287    0
6   -0.0265   0    0
7   -0.0315   0    0
169  69  1  2  3 
170  69  1  4  5 
243  69  6  4  1 
244  69  3  6  1 
258  69  7  2  1 
259  69  5  7  1 
E_MESH_DATA
