SolidID  6   327 
h  114  -563444 0.999939 0 -1 -0 0
h  115  -563420 0.999939 0 -1 -0 0
h  116  -741318 0.999939 0 -1 -0 0
h  117  -741316 0.999939 0 -1 -0 0
h  118  -741506 0.999939 0 -1 -0 0
h  119  -741519 0.999939 0 -1 -0 0
h  120  -641066 0.999939 0 -1 -0 0
h  121  -641043 0.999939 0 -1 -0 0
h  122  -693960 0.999939 0 -1 -0 0
h  123  -693948 0.999939 0 -1 -0 0
h  124  -753124 0.999939 0 -1 -0 0
h  125  -753145 0.999939 0 -1 -0 0
h  126  -694346 0.999939 0 -1 -0 0
h  127  -694334 0.999939 0 -1 -0 0
h  128  -361541 0.999939 0 -1 -0 0
h  129  -361643 0.999939 0 -1 -0 0
h  130  -361424 0.999939 0 -1 -0 0
h  131  -361471 0.999939 0 -1 -0 0
h  132  -753283 0.999939 0 -1 -0 0
h  133  -753287 0.999939 0 -1 -0 0
h  134  -750299 0.999939 0 -1 -0 0
h  135  -750419 0.999939 0 -1 -0 0
h  136  -750307 0.999939 0 -1 -0 0
h  137  -750428 0.999939 0 -1 -0 0
h  138  -648264 0.999939 0 -1 -0 0
h  139  -648259 0.999939 0 -1 -0 0
h  140  -755380 0.999939 0 -1 -0 0
h  141  -755388 0.999939 0 -1 -0 0
h  142  -755501 0.999939 0 -1 -0 0
h  143  -755505 0.999939 0 -1 -0 0
h  144  -751983 0.999939 0 -1 -0 0
h  145  -752005 0.999939 0 -1 -0 0
h  146  -752035 0.999939 0 -1 -0 0
h  147  -752043 0.999939 0 -1 -0 0
h  148  -386107 0.999939 0 -1 -0 0
h  149  -386092 0.999939 0 -1 -0 0
h  150  -386021 0.999939 0 -1 -0 0
h  151  -386000 0.999939 0 -1 -0 0
h  152  -750103 0.999939 0 -1 -0 0
h  153  -750138 0.999939 0 -1 -0 0
h  154  -750147 0.999939 0 -1 -0 0
h  155  -750151 0.999939 0 -1 -0 0
h  156  -362577 0.999939 0 -1 -0 0
h  157  -362371 0.999939 0 -1 -0 0
h  158  -362608 0.999939 0 -1 -0 0
h  159  -362557 0.999939 0 -1 -0 0
h  160  -354526 0.999939 0 -1 -0 0
h  161  -354345 0.999939 0 -1 -0 0
h  162  -354542 0.999939 0 -1 -0 0
h  163  -354607 0.999939 0 -1 -0 0
h  164  -744267 0.999939 0 -1 -0 0
h  165  -744261 0.999939 0 -1 -0 0
h  166  -744256 0.999939 0 -1 -0 0
h  167  -744126 0.999939 0 -1 -0 0
h  168  -342269 0.999939 0 -1 -0 0
h  169  -342245 0.999939 0 -1 -0 0
h  170  -342121 0.999939 0 -1 -0 0
h  171  -342432 0.999939 0 -1 -0 0
h  172  -740531 0.999939 0 -1 -0 0
h  173  -740539 0.999939 0 -1 -0 0
h  174  -754392 0.999939 0 -1 -0 0
h  175  -754448 0.999939 0 -1 -0 0
h  176  -754429 0.999939 0 -1 -0 0
h  177  -754455 0.999939 0 -1 -0 0
h  178  -740545 0.999939 0 -1 -0 0
h  179  -748488 0.999939 0 -1 -0 0
h  180  -748640 0.999939 0 -1 -0 0
h  181  -748644 0.999939 0 -1 -0 0
h  182  -748649 0.999939 0 -1 -0 0
h  183  -740260 0.999939 0 -1 -0 0
h  184  -749615 0.999939 0 -1 -0 0
h  185  -364373 0.999939 0 -1 -0 0
h  186  -364371 0.999939 0 -1 -0 0
h  187  -364371 0.999939 0 -1 -0 0
h  188  -364347 0.999939 0 -1 -0 0
h  189  -376385 0.999939 0 -1 -0 0
h  190  -376359 0.999939 0 -1 -0 0
h  191  -376361 0.999939 0 -1 -0 0
h  192  -376339 0.999939 0 -1 -0 0
h  193  -372246 0.999939 0 -1 -0 0
h  194  -372221 0.999939 0 -1 -0 0
h  195  -372266 0.999939 0 -1 -0 0
h  196  -372218 0.999939 0 -1 -0 0
h  197  -749879 0.999939 0 -1 -0 0
h  198  -749889 0.999939 0 -1 -0 0
h  199  -749904 0.999939 0 -1 -0 0
h  200  -743337 0.999939 0 -1 -0 0
h  201  -752722 0.999939 0 -1 -0 0
h  202  -744322 0.999939 0 -1 -0 0
h  203  -744328 0.999939 0 -1 -0 0
h  204  -744336 0.999939 0 -1 -0 0
h  205  -752821 0.999939 0 -1 -0 0
h  206  -752833 0.999939 0 -1 -0 0
h  207  -752839 0.999939 0 -1 -0 0
h  208  -740814 0.999939 0 -1 -0 0
h  209  -747596 0.999939 0 -1 -0 0
h  210  -761324 0.999939 0 -1 -0 0
h  211  -761319 0.999939 0 -1 -0 0
h  212  -374535 0.999939 0 -1 -0 0
h  213  -374515 0.999939 0 -1 -0 0
h  214  -374542 0.999939 0 -1 -0 0
h  215  -374528 0.999939 0 -1 -0 0
h  216  -759823 0.999939 0 -1 -0 0
h  217  -759830 0.999939 0 -1 -0 0
h  218  -744887 0.999939 0 -1 -0 0
h  219  -744861 0.999939 0 -1 -0 0
h  220  -742784 0.999939 0 -1 -0 0
h  221  -748342 0.999939 0 -1 -0 0
h  222  -748352 0.999939 0 -1 -0 0
h  223  -748366 0.999939 0 -1 -0 0
h  224  -760988 0.999939 0 -1 -0 0
h  225  -760977 0.999939 0 -1 -0 0
h  226  -753508 0.999939 0 -1 -0 0
h  227  -753492 0.999939 0 -1 -0 0
h  228  -753506 0.999939 0 -1 -0 0
h  229  -744498 0.999939 0 -1 -0 0
h  230  -747001 0.999939 0 -1 -0 0
h  231  -746937 0.999939 0 -1 -0 0
h  232  -753399 0.999939 0 -1 -0 0
h  233  -743442 0.999939 0 -1 -0 0
h  234  -749240 0.999939 0 -1 -0 0
h  235  -754553 0.999939 0 -1 -0 0
h  236  -754574 0.999939 0 -1 -0 0
h  237  -750338 0.999939 0 -1 -0 0
h  238  -750351 0.999939 0 -1 -0 0
h  239  -750351 0.999939 0 -1 -0 0
h  240  -759924 0.999939 0 -1 -0 0
h  241  -759917 0.999939 0 -1 -0 0
h  242  -760697 0.999939 0 -1 -0 0
h  243  -760707 0.999939 0 -1 -0 0
h  244  -754606 0.999939 0 -1 -0 0
h  245  -750791 0.999939 0 -1 -0 0
h  246  -750813 0.999939 0 -1 -0 0
h  247  -754618 0.999939 0 -1 -0 0
h  248  -374137 0.999939 0 -1 -0 0
h  249  -374124 0.999939 0 -1 -0 0
h  250  -374136 0.999939 0 -1 -0 0
h  251  -374122 0.999939 0 -1 -0 0
h  252  -372895 0.999939 0 -1 -0 0
h  253  -372887 0.999939 0 -1 -0 0
h  254  -372893 0.999939 0 -1 -0 0
h  255  -372876 0.999939 0 -1 -0 0
h  256  -744895 0.999939 0 -1 -0 0
h  257  -371054 0.999939 0 -1 -0 0
h  258  -371052 0.999939 0 -1 -0 0
h  259  -371060 0.999939 0 -1 -0 0
h  260  -371059 0.999939 0 -1 -0 0
h  261  -755596 0.999939 0 -1 -0 0
h  262  -755617 0.999939 0 -1 -0 0
h  263  -755611 0.999939 0 -1 -0 0
h  264  -755582 0.999939 0 -1 -0 0
h  265  -744976 0.999939 0 -1 -0 0
h  266  -754714 0.999939 0 -1 -0 0
h  267  -754735 0.999939 0 -1 -0 0
h  268  -754729 0.999939 0 -1 -0 0
h  269  -754699 0.999939 0 -1 -0 0
h  270  -752080 0.999939 0 -1 -0 0
h  271  -752098 0.999939 0 -1 -0 0
h  272  -752094 0.999939 0 -1 -0 0
h  273  -747660 0.999939 0 -1 -0 0
h  274  -747603 0.999939 0 -1 -0 0
h  275  -749730 0.999939 0 -1 -0 0
h  276  -749713 0.999939 0 -1 -0 0
h  277  -760215 0.999939 0 -1 -0 0
h  278  -760224 0.999939 0 -1 -0 0
h  279  -759992 0.999939 0 -1 -0 0
h  280  -760001 0.999939 0 -1 -0 0
h  281  -745557 0.999939 0 -1 -0 0
h  282  -751969 0.999939 0 -1 -0 0
h  283  -759502 0.999939 0 -1 -0 0
h  284  -759499 0.999939 0 -1 -0 0
h  285  -760002 0.999939 0 -1 -0 0
h  286  -760005 0.999939 0 -1 -0 0
h  287  -746564 0.999939 0 -1 -0 0
h  288  -746582 0.999939 0 -1 -0 0
h  289  -745739 0.999939 0 -1 -0 0
h  290  -745723 0.999939 0 -1 -0 0
h  291  -751006 0.999939 0 -1 -0 0
h  292  -748368 0.999939 0 -1 -0 0
h  293  -748932 0.999939 0 -1 -0 0
h  294  -748938 0.999939 0 -1 -0 0
h  295  -747589 0.999939 0 -1 -0 0
h  296  -748932 0.999939 0 -1 -0 0
h  297  -749900 0.999939 0 -1 -0 0
h  298  -749912 0.999939 0 -1 -0 0
h  299  -749907 0.999939 0 -1 -0 0
h  300  -758469 0.999939 0 -1 -0 0
h  301  -758482 0.999939 0 -1 -0 0
h  302  -757000 0.999939 0 -1 -0 0
h  303  -757015 0.999939 0 -1 -0 0
h  752  -417526 0.999939 0 -1 -0 0
h  753  -440942 0.999939 0 -1 -0 0
h  754  -391122 0.999939 0 -1 -0 0
h  755  -403032 0.999939 0 -1 -0 0
h  756  -543723 0.999939 0 -1 -0 0
h  757  -474588 0.999939 0 -1 -0 0
h  758  -469058 0.999939 0 -1 -0 0
h  759  -417504 0.999939 0 -1 -0 0
h  760  -440923 0.999939 0 -1 -0 0
h  761  -391092 0.999939 0 -1 -0 0
h  762  -403008 0.999939 0 -1 -0 0
h  763  -543705 0.999939 0 -1 -0 0
h  764  -474569 0.999939 0 -1 -0 0
h  765  -469039 0.999939 0 -1 -0 0
h  839  -654101 0.999939 0 -1 -0 0
h  840  -584296 0.999939 0 -1 -0 0
h  841  -526827 0.999939 0 -1 -0 0
h  842  -665029 0.999939 0 -1 -0 0
h  843  -573049 0.999939 0 -1 -0 0
h  844  -654089 0.999939 0 -1 -0 0
h  845  -584280 0.999939 0 -1 -0 0
h  846  -526812 0.999939 0 -1 -0 0
h  847  -665019 0.999939 0 -1 -0 0
h  848  -573037 0.999939 0 -1 -0 0
h  853  -493235 0.999939 0 -1 -0 0
h  854  -442949 0.999939 0 -1 -0 0
h  855  -420775 0.999939 0 -1 -0 0
h  856  -486357 0.999939 0 -1 -0 0
h  857  -404205 0.999939 0 -1 -0 0
h  858  -393423 0.999939 0 -1 -0 0
h  859  -493215 0.999939 0 -1 -0 0
h  860  -442935 0.999939 0 -1 -0 0
h  861  -420775 0.999939 0 -1 -0 0
h  862  -486315 0.999939 0 -1 -0 0
h  863  -404200 0.999939 0 -1 -0 0
h  864  -393405 0.999939 0 -1 -0 0
h  898  -522018 0.999939 0 -1 -0 0
h  899  -580595 0.999939 0 -1 -0 0
h  903  -717674 0.999939 0 -1 -0 0
h  904  -732609 0.999939 0 -1 -0 0
h  905  -739909 0.999939 0 -1 -0 0
h  906  -717667 0.999939 0 -1 -0 0
h  907  -732610 0.999939 0 -1 -0 0
h  908  -739925 0.999939 0 -1 -0 0
h  909  -521911 0.999939 0 -1 -0 0
h  910  -580570 0.999939 0 -1 -0 0
h  914  -702796 0.999939 0 -1 -0 0
h  915  -723991 0.999939 0 -1 -0 0
h  916  -718295 0.999939 0 -1 -0 0
h  917  -732737 0.999939 0 -1 -0 0
h  918  -733255 0.999939 0 -1 -0 0
h  919  -718719 0.999939 0 -1 -0 0
h  920  -740637 0.999939 0 -1 -0 0
h  921  -727595 0.999939 0 -1 -0 0
h  922  -733265 0.999939 0 -1 -0 0
h  923  -718730 0.999939 0 -1 -0 0
h  924  -740645 0.999939 0 -1 -0 0
h  925  -727602 0.999939 0 -1 -0 0
h  926  -702765 0.999939 0 -1 -0 0
h  927  -723903 0.999939 0 -1 -0 0
h  928  -718283 0.999939 0 -1 -0 0
h  929  -732746 0.999939 0 -1 -0 0
h  934  -725767 0.999939 0 -1 -0 0
h  935  -703686 0.999939 0 -1 -0 0
h  939  -725772 0.999939 0 -1 -0 0
h  940  -703692 0.999939 0 -1 -0 0
h  1030  -759663 0.999939 0 -1 -0 0
h  1033  -757275 0.999939 0 -1 -0 0
h  1034  -759261 0.999939 0 -1 -0 0
h  1035  -761396 0.999939 0 -1 -0 0
h  1036  -760262 0.999939 0 -1 -0 0
h  1037  -756430 0.999939 0 -1 -0 0
h  1038  -757874 0.999939 0 -1 -0 0
h  1042  -759661 0.999939 0 -1 -0 0
h  1046  -761398 0.999939 0 -1 -0 0
h  1047  -757265 0.999939 0 -1 -0 0
h  1048  -759258 0.999939 0 -1 -0 0
h  1049  -760266 0.999939 0 -1 -0 0
h  1050  -756407 0.999939 0 -1 -0 0
h  1051  -757870 0.999939 0 -1 -0 0
h  1056  -759664 0.999939 0 -1 -0 0
h  1059  -757276 0.999939 0 -1 -0 0
h  1060  -759262 0.999939 0 -1 -0 0
h  1061  -761394 0.999939 0 -1 -0 0
h  1062  -760259 0.999939 0 -1 -0 0
h  1063  -756424 0.999939 0 -1 -0 0
h  1064  -757870 0.999939 0 -1 -0 0
h  1068  -759657 0.999939 0 -1 -0 0
h  1072  -761398 0.999939 0 -1 -0 0
h  1073  -757255 0.999939 0 -1 -0 0
h  1074  -759254 0.999939 0 -1 -0 0
h  1075  -760265 0.999939 0 -1 -0 0
h  1076  -756394 0.999939 0 -1 -0 0
h  1077  -757860 0.999939 0 -1 -0 0
h  1078  -741927 0.999939 0 -1 -0 0
h  1081  -744704 0.999939 0 -1 -0 0
h  1082  -745315 0.999939 0 -1 -0 0
h  1083  -745482 0.999939 0 -1 -0 0
h  1084  -741702 0.999939 0 -1 -0 0
h  1094  -742199 0.999939 0 -1 -0 0
h  1097  -744804 0.999939 0 -1 -0 0
h  1098  -745440 0.999939 0 -1 -0 0
h  1099  -741800 0.999939 0 -1 -0 0
h  1100  -745608 0.999939 0 -1 -0 0
h  1110  -742188 0.999939 0 -1 -0 0
h  1113  -744795 0.999939 0 -1 -0 0
h  1114  -745432 0.999939 0 -1 -0 0
h  1115  -741799 0.999939 0 -1 -0 0
h  1116  -745604 0.999939 0 -1 -0 0
h  1117  -761479 0.999939 0 -1 -0 0
h  1120  -760167 0.999939 0 -1 -0 0
h  1121  -761205 0.999939 0 -1 -0 0
h  1122  -759752 0.999939 0 -1 -0 0
h  1123  -761478 0.999939 0 -1 -0 0
h  1126  -760165 0.999939 0 -1 -0 0
h  1127  -761204 0.999939 0 -1 -0 0
h  1128  -759750 0.999939 0 -1 -0 0
h  1129  -370954 0.999939 0 -1 -0 0
h  1130  -372298 0.999939 0 -1 -0 0
h  1131  -371834 0.999939 0 -1 -0 0
h  1132  -370649 0.999939 0 -1 -0 0
h  1133  -369115 0.999939 0 -1 -0 0
h  1134  -370942 0.999939 0 -1 -0 0
h  1135  -372290 0.999939 0 -1 -0 0
h  1136  -371831 0.999939 0 -1 -0 0
h  1137  -370651 0.999939 0 -1 -0 0
h  1138  -369112 0.999939 0 -1 -0 0
h  1139  -372277 0.999939 0 -1 -0 0
h  1140  -370922 0.999939 0 -1 -0 0
h  1141  -371822 0.999939 0 -1 -0 0
h  1142  -369090 0.999939 0 -1 -0 0
h  1143  -370639 0.999939 0 -1 -0 0
h  1144  -372297 0.999939 0 -1 -0 0
h  1145  -370955 0.999939 0 -1 -0 0
h  1146  -371835 0.999939 0 -1 -0 0
h  1147  -369118 0.999939 0 -1 -0 0
h  1148  -370653 0.999939 0 -1 -0 0
SolidID  6   327 
h  114  -563444 0.999939 0 -1 -0 0
h  115  -563420 0.999939 0 -1 -0 0
h  116  -741318 0.999939 0 -1 -0 0
h  117  -741316 0.999939 0 -1 -0 0
h  118  -741506 0.999939 0 -1 -0 0
h  119  -741519 0.999939 0 -1 -0 0
h  120  -641066 0.999939 0 -1 -0 0
h  121  -641043 0.999939 0 -1 -0 0
h  122  -693960 0.999939 0 -1 -0 0
h  123  -693948 0.999939 0 -1 -0 0
h  124  -753124 0.999939 0 -1 -0 0
h  125  -753145 0.999939 0 -1 -0 0
h  126  -694346 0.999939 0 -1 -0 0
h  127  -694334 0.999939 0 -1 -0 0
h  128  -361541 0.999939 0 -1 -0 0
h  129  -361643 0.999939 0 -1 -0 0
h  130  -361424 0.999939 0 -1 -0 0
h  131  -361471 0.999939 0 -1 -0 0
h  132  -753283 0.999939 0 -1 -0 0
h  133  -753287 0.999939 0 -1 -0 0
h  134  -750299 0.999939 0 -1 -0 0
h  135  -750419 0.999939 0 -1 -0 0
h  136  -750307 0.999939 0 -1 -0 0
h  137  -750428 0.999939 0 -1 -0 0
h  138  -648264 0.999939 0 -1 -0 0
h  139  -648259 0.999939 0 -1 -0 0
h  140  -755380 0.999939 0 -1 -0 0
h  141  -755388 0.999939 0 -1 -0 0
h  142  -755501 0.999939 0 -1 -0 0
h  143  -755505 0.999939 0 -1 -0 0
h  144  -751983 0.999939 0 -1 -0 0
h  145  -752005 0.999939 0 -1 -0 0
h  146  -752035 0.999939 0 -1 -0 0
h  147  -752043 0.999939 0 -1 -0 0
h  148  -386107 0.999939 0 -1 -0 0
h  149  -386092 0.999939 0 -1 -0 0
h  150  -386021 0.999939 0 -1 -0 0
h  151  -386000 0.999939 0 -1 -0 0
h  152  -750103 0.999939 0 -1 -0 0
h  153  -750138 0.999939 0 -1 -0 0
h  154  -750147 0.999939 0 -1 -0 0
h  155  -750151 0.999939 0 -1 -0 0
h  156  -362577 0.999939 0 -1 -0 0
h  157  -362371 0.999939 0 -1 -0 0
h  158  -362608 0.999939 0 -1 -0 0
h  159  -362557 0.999939 0 -1 -0 0
h  160  -354526 0.999939 0 -1 -0 0
h  161  -354345 0.999939 0 -1 -0 0
h  162  -354542 0.999939 0 -1 -0 0
h  163  -354607 0.999939 0 -1 -0 0
h  164  -744267 0.999939 0 -1 -0 0
h  165  -744261 0.999939 0 -1 -0 0
h  166  -744256 0.999939 0 -1 -0 0
h  167  -744126 0.999939 0 -1 -0 0
h  168  -342269 0.999939 0 -1 -0 0
h  169  -342245 0.999939 0 -1 -0 0
h  170  -342121 0.999939 0 -1 -0 0
h  171  -342432 0.999939 0 -1 -0 0
h  172  -740531 0.999939 0 -1 -0 0
h  173  -740539 0.999939 0 -1 -0 0
h  174  -754392 0.999939 0 -1 -0 0
h  175  -754448 0.999939 0 -1 -0 0
h  176  -754429 0.999939 0 -1 -0 0
h  177  -754455 0.999939 0 -1 -0 0
h  178  -740545 0.999939 0 -1 -0 0
h  179  -748488 0.999939 0 -1 -0 0
h  180  -748640 0.999939 0 -1 -0 0
h  181  -748644 0.999939 0 -1 -0 0
h  182  -748649 0.999939 0 -1 -0 0
h  183  -740260 0.999939 0 -1 -0 0
h  184  -749615 0.999939 0 -1 -0 0
h  185  -364373 0.999939 0 -1 -0 0
h  186  -364371 0.999939 0 -1 -0 0
h  187  -364371 0.999939 0 -1 -0 0
h  188  -364347 0.999939 0 -1 -0 0
h  189  -376385 0.999939 0 -1 -0 0
h  190  -376359 0.999939 0 -1 -0 0
h  191  -376361 0.999939 0 -1 -0 0
h  192  -376339 0.999939 0 -1 -0 0
h  193  -372246 0.999939 0 -1 -0 0
h  194  -372221 0.999939 0 -1 -0 0
h  195  -372266 0.999939 0 -1 -0 0
h  196  -372218 0.999939 0 -1 -0 0
h  197  -749879 0.999939 0 -1 -0 0
h  198  -749889 0.999939 0 -1 -0 0
h  199  -749904 0.999939 0 -1 -0 0
h  200  -743337 0.999939 0 -1 -0 0
h  201  -752722 0.999939 0 -1 -0 0
h  202  -744322 0.999939 0 -1 -0 0
h  203  -744328 0.999939 0 -1 -0 0
h  204  -744336 0.999939 0 -1 -0 0
h  205  -752821 0.999939 0 -1 -0 0
h  206  -752833 0.999939 0 -1 -0 0
h  207  -752839 0.999939 0 -1 -0 0
h  208  -740814 0.999939 0 -1 -0 0
h  209  -747596 0.999939 0 -1 -0 0
h  210  -761324 0.999939 0 -1 -0 0
h  211  -761319 0.999939 0 -1 -0 0
h  212  -374535 0.999939 0 -1 -0 0
h  213  -374515 0.999939 0 -1 -0 0
h  214  -374542 0.999939 0 -1 -0 0
h  215  -374528 0.999939 0 -1 -0 0
h  216  -759823 0.999939 0 -1 -0 0
h  217  -759830 0.999939 0 -1 -0 0
h  218  -744887 0.999939 0 -1 -0 0
h  219  -744861 0.999939 0 -1 -0 0
h  220  -742784 0.999939 0 -1 -0 0
h  221  -748342 0.999939 0 -1 -0 0
h  222  -748352 0.999939 0 -1 -0 0
h  223  -748366 0.999939 0 -1 -0 0
h  224  -760988 0.999939 0 -1 -0 0
h  225  -760977 0.999939 0 -1 -0 0
h  226  -753508 0.999939 0 -1 -0 0
h  227  -753492 0.999939 0 -1 -0 0
h  228  -753506 0.999939 0 -1 -0 0
h  229  -744498 0.999939 0 -1 -0 0
h  230  -747001 0.999939 0 -1 -0 0
h  231  -746937 0.999939 0 -1 -0 0
h  232  -753399 0.999939 0 -1 -0 0
h  233  -743442 0.999939 0 -1 -0 0
h  234  -749240 0.999939 0 -1 -0 0
h  235  -754553 0.999939 0 -1 -0 0
h  236  -754574 0.999939 0 -1 -0 0
h  237  -750338 0.999939 0 -1 -0 0
h  238  -750351 0.999939 0 -1 -0 0
h  239  -750351 0.999939 0 -1 -0 0
h  240  -759924 0.999939 0 -1 -0 0
h  241  -759917 0.999939 0 -1 -0 0
h  242  -760697 0.999939 0 -1 -0 0
h  243  -760707 0.999939 0 -1 -0 0
h  244  -754606 0.999939 0 -1 -0 0
h  245  -750791 0.999939 0 -1 -0 0
h  246  -750813 0.999939 0 -1 -0 0
h  247  -754618 0.999939 0 -1 -0 0
h  248  -374137 0.999939 0 -1 -0 0
h  249  -374124 0.999939 0 -1 -0 0
h  250  -374136 0.999939 0 -1 -0 0
h  251  -374122 0.999939 0 -1 -0 0
h  252  -372895 0.999939 0 -1 -0 0
h  253  -372887 0.999939 0 -1 -0 0
h  254  -372893 0.999939 0 -1 -0 0
h  255  -372876 0.999939 0 -1 -0 0
h  256  -744895 0.999939 0 -1 -0 0
h  257  -371054 0.999939 0 -1 -0 0
h  258  -371052 0.999939 0 -1 -0 0
h  259  -371060 0.999939 0 -1 -0 0
h  260  -371059 0.999939 0 -1 -0 0
h  261  -755596 0.999939 0 -1 -0 0
h  262  -755617 0.999939 0 -1 -0 0
h  263  -755611 0.999939 0 -1 -0 0
h  264  -755582 0.999939 0 -1 -0 0
h  265  -744976 0.999939 0 -1 -0 0
h  266  -754714 0.999939 0 -1 -0 0
h  267  -754735 0.999939 0 -1 -0 0
h  268  -754729 0.999939 0 -1 -0 0
h  269  -754699 0.999939 0 -1 -0 0
h  270  -752080 0.999939 0 -1 -0 0
h  271  -752098 0.999939 0 -1 -0 0
h  272  -752094 0.999939 0 -1 -0 0
h  273  -747660 0.999939 0 -1 -0 0
h  274  -747603 0.999939 0 -1 -0 0
h  275  -749730 0.999939 0 -1 -0 0
h  276  -749713 0.999939 0 -1 -0 0
h  277  -760215 0.999939 0 -1 -0 0
h  278  -760224 0.999939 0 -1 -0 0
h  279  -759992 0.999939 0 -1 -0 0
h  280  -760001 0.999939 0 -1 -0 0
h  281  -745557 0.999939 0 -1 -0 0
h  282  -751969 0.999939 0 -1 -0 0
h  283  -759502 0.999939 0 -1 -0 0
h  284  -759499 0.999939 0 -1 -0 0
h  285  -760002 0.999939 0 -1 -0 0
h  286  -760005 0.999939 0 -1 -0 0
h  287  -746564 0.999939 0 -1 -0 0
h  288  -746582 0.999939 0 -1 -0 0
h  289  -745739 0.999939 0 -1 -0 0
h  290  -745723 0.999939 0 -1 -0 0
h  291  -751006 0.999939 0 -1 -0 0
h  292  -748368 0.999939 0 -1 -0 0
h  293  -748932 0.999939 0 -1 -0 0
h  294  -748938 0.999939 0 -1 -0 0
h  295  -747589 0.999939 0 -1 -0 0
h  296  -748932 0.999939 0 -1 -0 0
h  297  -749900 0.999939 0 -1 -0 0
h  298  -749912 0.999939 0 -1 -0 0
h  299  -749907 0.999939 0 -1 -0 0
h  300  -758469 0.999939 0 -1 -0 0
h  301  -758482 0.999939 0 -1 -0 0
h  302  -757000 0.999939 0 -1 -0 0
h  303  -757015 0.999939 0 -1 -0 0
h  752  -417526 0.999939 0 -1 -0 0
h  753  -440942 0.999939 0 -1 -0 0
h  754  -391122 0.999939 0 -1 -0 0
h  755  -403032 0.999939 0 -1 -0 0
h  756  -543723 0.999939 0 -1 -0 0
h  757  -474588 0.999939 0 -1 -0 0
h  758  -469058 0.999939 0 -1 -0 0
h  759  -417504 0.999939 0 -1 -0 0
h  760  -440923 0.999939 0 -1 -0 0
h  761  -391092 0.999939 0 -1 -0 0
h  762  -403008 0.999939 0 -1 -0 0
h  763  -543705 0.999939 0 -1 -0 0
h  764  -474569 0.999939 0 -1 -0 0
h  765  -469039 0.999939 0 -1 -0 0
h  839  -654101 0.999939 0 -1 -0 0
h  840  -584296 0.999939 0 -1 -0 0
h  841  -526827 0.999939 0 -1 -0 0
h  842  -665029 0.999939 0 -1 -0 0
h  843  -573049 0.999939 0 -1 -0 0
h  844  -654089 0.999939 0 -1 -0 0
h  845  -584280 0.999939 0 -1 -0 0
h  846  -526812 0.999939 0 -1 -0 0
h  847  -665019 0.999939 0 -1 -0 0
h  848  -573037 0.999939 0 -1 -0 0
h  853  -493235 0.999939 0 -1 -0 0
h  854  -442949 0.999939 0 -1 -0 0
h  855  -420775 0.999939 0 -1 -0 0
h  856  -486357 0.999939 0 -1 -0 0
h  857  -404205 0.999939 0 -1 -0 0
h  858  -393423 0.999939 0 -1 -0 0
h  859  -493215 0.999939 0 -1 -0 0
h  860  -442935 0.999939 0 -1 -0 0
h  861  -420775 0.999939 0 -1 -0 0
h  862  -486315 0.999939 0 -1 -0 0
h  863  -404200 0.999939 0 -1 -0 0
h  864  -393405 0.999939 0 -1 -0 0
h  898  -522018 0.999939 0 -1 -0 0
h  899  -580595 0.999939 0 -1 -0 0
h  903  -717674 0.999939 0 -1 -0 0
h  904  -732609 0.999939 0 -1 -0 0
h  905  -739909 0.999939 0 -1 -0 0
h  906  -717667 0.999939 0 -1 -0 0
h  907  -732610 0.999939 0 -1 -0 0
h  908  -739925 0.999939 0 -1 -0 0
h  909  -521911 0.999939 0 -1 -0 0
h  910  -580570 0.999939 0 -1 -0 0
h  914  -702796 0.999939 0 -1 -0 0
h  915  -723991 0.999939 0 -1 -0 0
h  916  -718295 0.999939 0 -1 -0 0
h  917  -732737 0.999939 0 -1 -0 0
h  918  -733255 0.999939 0 -1 -0 0
h  919  -718719 0.999939 0 -1 -0 0
h  920  -740637 0.999939 0 -1 -0 0
h  921  -727595 0.999939 0 -1 -0 0
h  922  -733265 0.999939 0 -1 -0 0
h  923  -718730 0.999939 0 -1 -0 0
h  924  -740645 0.999939 0 -1 -0 0
h  925  -727602 0.999939 0 -1 -0 0
h  926  -702765 0.999939 0 -1 -0 0
h  927  -723903 0.999939 0 -1 -0 0
h  928  -718283 0.999939 0 -1 -0 0
h  929  -732746 0.999939 0 -1 -0 0
h  934  -725767 0.999939 0 -1 -0 0
h  935  -703686 0.999939 0 -1 -0 0
h  939  -725772 0.999939 0 -1 -0 0
h  940  -703692 0.999939 0 -1 -0 0
h  1030  -759663 0.999939 0 -1 -0 0
h  1033  -757275 0.999939 0 -1 -0 0
h  1034  -759261 0.999939 0 -1 -0 0
h  1035  -761396 0.999939 0 -1 -0 0
h  1036  -760262 0.999939 0 -1 -0 0
h  1037  -756430 0.999939 0 -1 -0 0
h  1038  -757874 0.999939 0 -1 -0 0
h  1042  -759661 0.999939 0 -1 -0 0
h  1046  -761398 0.999939 0 -1 -0 0
h  1047  -757265 0.999939 0 -1 -0 0
h  1048  -759258 0.999939 0 -1 -0 0
h  1049  -760266 0.999939 0 -1 -0 0
h  1050  -756407 0.999939 0 -1 -0 0
h  1051  -757870 0.999939 0 -1 -0 0
h  1056  -759664 0.999939 0 -1 -0 0
h  1059  -757276 0.999939 0 -1 -0 0
h  1060  -759262 0.999939 0 -1 -0 0
h  1061  -761394 0.999939 0 -1 -0 0
h  1062  -760259 0.999939 0 -1 -0 0
h  1063  -756424 0.999939 0 -1 -0 0
h  1064  -757870 0.999939 0 -1 -0 0
h  1068  -759657 0.999939 0 -1 -0 0
h  1072  -761398 0.999939 0 -1 -0 0
h  1073  -757255 0.999939 0 -1 -0 0
h  1074  -759254 0.999939 0 -1 -0 0
h  1075  -760265 0.999939 0 -1 -0 0
h  1076  -756394 0.999939 0 -1 -0 0
h  1077  -757860 0.999939 0 -1 -0 0
h  1078  -741927 0.999939 0 -1 -0 0
h  1081  -744704 0.999939 0 -1 -0 0
h  1082  -745315 0.999939 0 -1 -0 0
h  1083  -745482 0.999939 0 -1 -0 0
h  1084  -741702 0.999939 0 -1 -0 0
h  1094  -742199 0.999939 0 -1 -0 0
h  1097  -744804 0.999939 0 -1 -0 0
h  1098  -745440 0.999939 0 -1 -0 0
h  1099  -741800 0.999939 0 -1 -0 0
h  1100  -745608 0.999939 0 -1 -0 0
h  1110  -742188 0.999939 0 -1 -0 0
h  1113  -744795 0.999939 0 -1 -0 0
h  1114  -745432 0.999939 0 -1 -0 0
h  1115  -741799 0.999939 0 -1 -0 0
h  1116  -745604 0.999939 0 -1 -0 0
h  1117  -761479 0.999939 0 -1 -0 0
h  1120  -760167 0.999939 0 -1 -0 0
h  1121  -761205 0.999939 0 -1 -0 0
h  1122  -759752 0.999939 0 -1 -0 0
h  1123  -761478 0.999939 0 -1 -0 0
h  1126  -760165 0.999939 0 -1 -0 0
h  1127  -761204 0.999939 0 -1 -0 0
h  1128  -759750 0.999939 0 -1 -0 0
h  1129  -370954 0.999939 0 -1 -0 0
h  1130  -372298 0.999939 0 -1 -0 0
h  1131  -371834 0.999939 0 -1 -0 0
h  1132  -370649 0.999939 0 -1 -0 0
h  1133  -369115 0.999939 0 -1 -0 0
h  1134  -370942 0.999939 0 -1 -0 0
h  1135  -372290 0.999939 0 -1 -0 0
h  1136  -371831 0.999939 0 -1 -0 0
h  1137  -370651 0.999939 0 -1 -0 0
h  1138  -369112 0.999939 0 -1 -0 0
h  1139  -372277 0.999939 0 -1 -0 0
h  1140  -370922 0.999939 0 -1 -0 0
h  1141  -371822 0.999939 0 -1 -0 0
h  1142  -369090 0.999939 0 -1 -0 0
h  1143  -370639 0.999939 0 -1 -0 0
h  1144  -372297 0.999939 0 -1 -0 0
h  1145  -370955 0.999939 0 -1 -0 0
h  1146  -371835 0.999939 0 -1 -0 0
h  1147  -369118 0.999939 0 -1 -0 0
h  1148  -370653 0.999939 0 -1 -0 0
SolidID  35   16 
h  320  -750245 0.999939 0 -1 -0 0
h  321  -756766 0.999939 0 -1 -0 0
h  322  -755119 0.999939 0 -1 -0 0
h  323  -751364 0.999939 0 -1 -0 0
h  324  -753106 0.999939 0 -1 -0 0
h  325  -754054 0.999939 0 -1 -0 0
h  326  -756069 0.999939 0 -1 -0 0
h  327  -751863 0.999939 0 -1 -0 0
h  328  -750910 0.999939 0 -1 -0 0
h  329  -750297 0.999939 0 -1 -0 0
h  330  -750000 0.999939 0 -1 -0 0
h  331  -757122 0.999939 0 -1 -0 0
h  332  -756424 0.999939 0 -1 -0 0
h  333  -752952 0.999939 0 -1 -0 0
h  334  -754987 0.999939 0 -1 -0 0
h  335  -757176 0.999939 0 -1 -0 0
SolidID  6   327 
h  114  -563444 0.999939 0 -1 -0 0
h  115  -563420 0.999939 0 -1 -0 0
h  116  -741318 0.999939 0 -1 -0 0
h  117  -741316 0.999939 0 -1 -0 0
h  118  -741506 0.999939 0 -1 -0 0
h  119  -741519 0.999939 0 -1 -0 0
h  120  -641066 0.999939 0 -1 -0 0
h  121  -641043 0.999939 0 -1 -0 0
h  122  -693960 0.999939 0 -1 -0 0
h  123  -693948 0.999939 0 -1 -0 0
h  124  -753124 0.999939 0 -1 -0 0
h  125  -753145 0.999939 0 -1 -0 0
h  126  -694346 0.999939 0 -1 -0 0
h  127  -694334 0.999939 0 -1 -0 0
h  128  -361541 0.999939 0 -1 -0 0
h  129  -361643 0.999939 0 -1 -0 0
h  130  -361424 0.999939 0 -1 -0 0
h  131  -361471 0.999939 0 -1 -0 0
h  132  -753283 0.999939 0 -1 -0 0
h  133  -753287 0.999939 0 -1 -0 0
h  134  -750299 0.999939 0 -1 -0 0
h  135  -750419 0.999939 0 -1 -0 0
h  136  -750307 0.999939 0 -1 -0 0
h  137  -750428 0.999939 0 -1 -0 0
h  138  -648264 0.999939 0 -1 -0 0
h  139  -648259 0.999939 0 -1 -0 0
h  140  -755380 0.999939 0 -1 -0 0
h  141  -755388 0.999939 0 -1 -0 0
h  142  -755501 0.999939 0 -1 -0 0
h  143  -755505 0.999939 0 -1 -0 0
h  144  -751983 0.999939 0 -1 -0 0
h  145  -752005 0.999939 0 -1 -0 0
h  146  -752035 0.999939 0 -1 -0 0
h  147  -752043 0.999939 0 -1 -0 0
h  148  -386107 0.999939 0 -1 -0 0
h  149  -386092 0.999939 0 -1 -0 0
h  150  -386021 0.999939 0 -1 -0 0
h  151  -386000 0.999939 0 -1 -0 0
h  152  -750103 0.999939 0 -1 -0 0
h  153  -750138 0.999939 0 -1 -0 0
h  154  -750147 0.999939 0 -1 -0 0
h  155  -750151 0.999939 0 -1 -0 0
h  156  -362577 0.999939 0 -1 -0 0
h  157  -362371 0.999939 0 -1 -0 0
h  158  -362608 0.999939 0 -1 -0 0
h  159  -362557 0.999939 0 -1 -0 0
h  160  -354526 0.999939 0 -1 -0 0
h  161  -354345 0.999939 0 -1 -0 0
h  162  -354542 0.999939 0 -1 -0 0
h  163  -354607 0.999939 0 -1 -0 0
h  164  -744267 0.999939 0 -1 -0 0
h  165  -744261 0.999939 0 -1 -0 0
h  166  -744256 0.999939 0 -1 -0 0
h  167  -744126 0.999939 0 -1 -0 0
h  168  -342269 0.999939 0 -1 -0 0
h  169  -342245 0.999939 0 -1 -0 0
h  170  -342121 0.999939 0 -1 -0 0
h  171  -342432 0.999939 0 -1 -0 0
h  172  -740531 0.999939 0 -1 -0 0
h  173  -740539 0.999939 0 -1 -0 0
h  174  -754392 0.999939 0 -1 -0 0
h  175  -754448 0.999939 0 -1 -0 0
h  176  -754429 0.999939 0 -1 -0 0
h  177  -754455 0.999939 0 -1 -0 0
h  178  -740545 0.999939 0 -1 -0 0
h  179  -748488 0.999939 0 -1 -0 0
h  180  -748640 0.999939 0 -1 -0 0
h  181  -748644 0.999939 0 -1 -0 0
h  182  -748649 0.999939 0 -1 -0 0
h  183  -740260 0.999939 0 -1 -0 0
h  184  -749615 0.999939 0 -1 -0 0
h  185  -364373 0.999939 0 -1 -0 0
h  186  -364371 0.999939 0 -1 -0 0
h  187  -364371 0.999939 0 -1 -0 0
h  188  -364347 0.999939 0 -1 -0 0
h  189  -376385 0.999939 0 -1 -0 0
h  190  -376359 0.999939 0 -1 -0 0
h  191  -376361 0.999939 0 -1 -0 0
h  192  -376339 0.999939 0 -1 -0 0
h  193  -372246 0.999939 0 -1 -0 0
h  194  -372221 0.999939 0 -1 -0 0
h  195  -372266 0.999939 0 -1 -0 0
h  196  -372218 0.999939 0 -1 -0 0
h  197  -749879 0.999939 0 -1 -0 0
h  198  -749889 0.999939 0 -1 -0 0
h  199  -749904 0.999939 0 -1 -0 0
h  200  -743337 0.999939 0 -1 -0 0
h  201  -752722 0.999939 0 -1 -0 0
h  202  -744322 0.999939 0 -1 -0 0
h  203  -744328 0.999939 0 -1 -0 0
h  204  -744336 0.999939 0 -1 -0 0
h  205  -752821 0.999939 0 -1 -0 0
h  206  -752833 0.999939 0 -1 -0 0
h  207  -752839 0.999939 0 -1 -0 0
h  208  -740814 0.999939 0 -1 -0 0
h  209  -747596 0.999939 0 -1 -0 0
h  210  -761324 0.999939 0 -1 -0 0
h  211  -761319 0.999939 0 -1 -0 0
h  212  -374535 0.999939 0 -1 -0 0
h  213  -374515 0.999939 0 -1 -0 0
h  214  -374542 0.999939 0 -1 -0 0
h  215  -374528 0.999939 0 -1 -0 0
h  216  -759823 0.999939 0 -1 -0 0
h  217  -759830 0.999939 0 -1 -0 0
h  218  -744887 0.999939 0 -1 -0 0
h  219  -744861 0.999939 0 -1 -0 0
h  220  -742784 0.999939 0 -1 -0 0
h  221  -748342 0.999939 0 -1 -0 0
h  222  -748352 0.999939 0 -1 -0 0
h  223  -748366 0.999939 0 -1 -0 0
h  224  -760988 0.999939 0 -1 -0 0
h  225  -760977 0.999939 0 -1 -0 0
h  226  -753508 0.999939 0 -1 -0 0
h  227  -753492 0.999939 0 -1 -0 0
h  228  -753506 0.999939 0 -1 -0 0
h  229  -744498 0.999939 0 -1 -0 0
h  230  -747001 0.999939 0 -1 -0 0
h  231  -746937 0.999939 0 -1 -0 0
h  232  -753399 0.999939 0 -1 -0 0
h  233  -743442 0.999939 0 -1 -0 0
h  234  -749240 0.999939 0 -1 -0 0
h  235  -754553 0.999939 0 -1 -0 0
h  236  -754574 0.999939 0 -1 -0 0
h  237  -750338 0.999939 0 -1 -0 0
h  238  -750351 0.999939 0 -1 -0 0
h  239  -750351 0.999939 0 -1 -0 0
h  240  -759924 0.999939 0 -1 -0 0
h  241  -759917 0.999939 0 -1 -0 0
h  242  -760697 0.999939 0 -1 -0 0
h  243  -760707 0.999939 0 -1 -0 0
h  244  -754606 0.999939 0 -1 -0 0
h  245  -750791 0.999939 0 -1 -0 0
h  246  -750813 0.999939 0 -1 -0 0
h  247  -754618 0.999939 0 -1 -0 0
h  248  -374137 0.999939 0 -1 -0 0
h  249  -374124 0.999939 0 -1 -0 0
h  250  -374136 0.999939 0 -1 -0 0
h  251  -374122 0.999939 0 -1 -0 0
h  252  -372895 0.999939 0 -1 -0 0
h  253  -372887 0.999939 0 -1 -0 0
h  254  -372893 0.999939 0 -1 -0 0
h  255  -372876 0.999939 0 -1 -0 0
h  256  -744895 0.999939 0 -1 -0 0
h  257  -371054 0.999939 0 -1 -0 0
h  258  -371052 0.999939 0 -1 -0 0
h  259  -371060 0.999939 0 -1 -0 0
h  260  -371059 0.999939 0 -1 -0 0
h  261  -755596 0.999939 0 -1 -0 0
h  262  -755617 0.999939 0 -1 -0 0
h  263  -755611 0.999939 0 -1 -0 0
h  264  -755582 0.999939 0 -1 -0 0
h  265  -744976 0.999939 0 -1 -0 0
h  266  -754714 0.999939 0 -1 -0 0
h  267  -754735 0.999939 0 -1 -0 0
h  268  -754729 0.999939 0 -1 -0 0
h  269  -754699 0.999939 0 -1 -0 0
h  270  -752080 0.999939 0 -1 -0 0
h  271  -752098 0.999939 0 -1 -0 0
h  272  -752094 0.999939 0 -1 -0 0
h  273  -747660 0.999939 0 -1 -0 0
h  274  -747603 0.999939 0 -1 -0 0
h  275  -749730 0.999939 0 -1 -0 0
h  276  -749713 0.999939 0 -1 -0 0
h  277  -760215 0.999939 0 -1 -0 0
h  278  -760224 0.999939 0 -1 -0 0
h  279  -759992 0.999939 0 -1 -0 0
h  280  -760001 0.999939 0 -1 -0 0
h  281  -745557 0.999939 0 -1 -0 0
h  282  -751969 0.999939 0 -1 -0 0
h  283  -759502 0.999939 0 -1 -0 0
h  284  -759499 0.999939 0 -1 -0 0
h  285  -760002 0.999939 0 -1 -0 0
h  286  -760005 0.999939 0 -1 -0 0
h  287  -746564 0.999939 0 -1 -0 0
h  288  -746582 0.999939 0 -1 -0 0
h  289  -745739 0.999939 0 -1 -0 0
h  290  -745723 0.999939 0 -1 -0 0
h  291  -751006 0.999939 0 -1 -0 0
h  292  -748368 0.999939 0 -1 -0 0
h  293  -748932 0.999939 0 -1 -0 0
h  294  -748938 0.999939 0 -1 -0 0
h  295  -747589 0.999939 0 -1 -0 0
h  296  -748932 0.999939 0 -1 -0 0
h  297  -749900 0.999939 0 -1 -0 0
h  298  -749912 0.999939 0 -1 -0 0
h  299  -749907 0.999939 0 -1 -0 0
h  300  -758469 0.999939 0 -1 -0 0
h  301  -758482 0.999939 0 -1 -0 0
h  302  -757000 0.999939 0 -1 -0 0
h  303  -757015 0.999939 0 -1 -0 0
h  752  -417526 0.999939 0 -1 -0 0
h  753  -440942 0.999939 0 -1 -0 0
h  754  -391122 0.999939 0 -1 -0 0
h  755  -403032 0.999939 0 -1 -0 0
h  756  -543723 0.999939 0 -1 -0 0
h  757  -474588 0.999939 0 -1 -0 0
h  758  -469058 0.999939 0 -1 -0 0
h  759  -417504 0.999939 0 -1 -0 0
h  760  -440923 0.999939 0 -1 -0 0
h  761  -391092 0.999939 0 -1 -0 0
h  762  -403008 0.999939 0 -1 -0 0
h  763  -543705 0.999939 0 -1 -0 0
h  764  -474569 0.999939 0 -1 -0 0
h  765  -469039 0.999939 0 -1 -0 0
h  839  -654101 0.999939 0 -1 -0 0
h  840  -584296 0.999939 0 -1 -0 0
h  841  -526827 0.999939 0 -1 -0 0
h  842  -665029 0.999939 0 -1 -0 0
h  843  -573049 0.999939 0 -1 -0 0
h  844  -654089 0.999939 0 -1 -0 0
h  845  -584280 0.999939 0 -1 -0 0
h  846  -526812 0.999939 0 -1 -0 0
h  847  -665019 0.999939 0 -1 -0 0
h  848  -573037 0.999939 0 -1 -0 0
h  853  -493235 0.999939 0 -1 -0 0
h  854  -442949 0.999939 0 -1 -0 0
h  855  -420775 0.999939 0 -1 -0 0
h  856  -486357 0.999939 0 -1 -0 0
h  857  -404205 0.999939 0 -1 -0 0
h  858  -393423 0.999939 0 -1 -0 0
h  859  -493215 0.999939 0 -1 -0 0
h  860  -442935 0.999939 0 -1 -0 0
h  861  -420775 0.999939 0 -1 -0 0
h  862  -486315 0.999939 0 -1 -0 0
h  863  -404200 0.999939 0 -1 -0 0
h  864  -393405 0.999939 0 -1 -0 0
h  898  -522018 0.999939 0 -1 -0 0
h  899  -580595 0.999939 0 -1 -0 0
h  903  -717674 0.999939 0 -1 -0 0
h  904  -732609 0.999939 0 -1 -0 0
h  905  -739909 0.999939 0 -1 -0 0
h  906  -717667 0.999939 0 -1 -0 0
h  907  -732610 0.999939 0 -1 -0 0
h  908  -739925 0.999939 0 -1 -0 0
h  909  -521911 0.999939 0 -1 -0 0
h  910  -580570 0.999939 0 -1 -0 0
h  914  -702796 0.999939 0 -1 -0 0
h  915  -723991 0.999939 0 -1 -0 0
h  916  -718295 0.999939 0 -1 -0 0
h  917  -732737 0.999939 0 -1 -0 0
h  918  -733255 0.999939 0 -1 -0 0
h  919  -718719 0.999939 0 -1 -0 0
h  920  -740637 0.999939 0 -1 -0 0
h  921  -727595 0.999939 0 -1 -0 0
h  922  -733265 0.999939 0 -1 -0 0
h  923  -718730 0.999939 0 -1 -0 0
h  924  -740645 0.999939 0 -1 -0 0
h  925  -727602 0.999939 0 -1 -0 0
h  926  -702765 0.999939 0 -1 -0 0
h  927  -723903 0.999939 0 -1 -0 0
h  928  -718283 0.999939 0 -1 -0 0
h  929  -732746 0.999939 0 -1 -0 0
h  934  -725767 0.999939 0 -1 -0 0
h  935  -703686 0.999939 0 -1 -0 0
h  939  -725772 0.999939 0 -1 -0 0
h  940  -703692 0.999939 0 -1 -0 0
h  1030  -759663 0.999939 0 -1 -0 0
h  1033  -757275 0.999939 0 -1 -0 0
h  1034  -759261 0.999939 0 -1 -0 0
h  1035  -761396 0.999939 0 -1 -0 0
h  1036  -760262 0.999939 0 -1 -0 0
h  1037  -756430 0.999939 0 -1 -0 0
h  1038  -757874 0.999939 0 -1 -0 0
h  1042  -759661 0.999939 0 -1 -0 0
h  1046  -761398 0.999939 0 -1 -0 0
h  1047  -757265 0.999939 0 -1 -0 0
h  1048  -759258 0.999939 0 -1 -0 0
h  1049  -760266 0.999939 0 -1 -0 0
h  1050  -756407 0.999939 0 -1 -0 0
h  1051  -757870 0.999939 0 -1 -0 0
h  1056  -759664 0.999939 0 -1 -0 0
h  1059  -757276 0.999939 0 -1 -0 0
h  1060  -759262 0.999939 0 -1 -0 0
h  1061  -761394 0.999939 0 -1 -0 0
h  1062  -760259 0.999939 0 -1 -0 0
h  1063  -756424 0.999939 0 -1 -0 0
h  1064  -757870 0.999939 0 -1 -0 0
h  1068  -759657 0.999939 0 -1 -0 0
h  1072  -761398 0.999939 0 -1 -0 0
h  1073  -757255 0.999939 0 -1 -0 0
h  1074  -759254 0.999939 0 -1 -0 0
h  1075  -760265 0.999939 0 -1 -0 0
h  1076  -756394 0.999939 0 -1 -0 0
h  1077  -757860 0.999939 0 -1 -0 0
h  1078  -741927 0.999939 0 -1 -0 0
h  1081  -744704 0.999939 0 -1 -0 0
h  1082  -745315 0.999939 0 -1 -0 0
h  1083  -745482 0.999939 0 -1 -0 0
h  1084  -741702 0.999939 0 -1 -0 0
h  1094  -742199 0.999939 0 -1 -0 0
h  1097  -744804 0.999939 0 -1 -0 0
h  1098  -745440 0.999939 0 -1 -0 0
h  1099  -741800 0.999939 0 -1 -0 0
h  1100  -745608 0.999939 0 -1 -0 0
h  1110  -742188 0.999939 0 -1 -0 0
h  1113  -744795 0.999939 0 -1 -0 0
h  1114  -745432 0.999939 0 -1 -0 0
h  1115  -741799 0.999939 0 -1 -0 0
h  1116  -745604 0.999939 0 -1 -0 0
h  1117  -761479 0.999939 0 -1 -0 0
h  1120  -760167 0.999939 0 -1 -0 0
h  1121  -761205 0.999939 0 -1 -0 0
h  1122  -759752 0.999939 0 -1 -0 0
h  1123  -761478 0.999939 0 -1 -0 0
h  1126  -760165 0.999939 0 -1 -0 0
h  1127  -761204 0.999939 0 -1 -0 0
h  1128  -759750 0.999939 0 -1 -0 0
h  1129  -370954 0.999939 0 -1 -0 0
h  1130  -372298 0.999939 0 -1 -0 0
h  1131  -371834 0.999939 0 -1 -0 0
h  1132  -370649 0.999939 0 -1 -0 0
h  1133  -369115 0.999939 0 -1 -0 0
h  1134  -370942 0.999939 0 -1 -0 0
h  1135  -372290 0.999939 0 -1 -0 0
h  1136  -371831 0.999939 0 -1 -0 0
h  1137  -370651 0.999939 0 -1 -0 0
h  1138  -369112 0.999939 0 -1 -0 0
h  1139  -372277 0.999939 0 -1 -0 0
h  1140  -370922 0.999939 0 -1 -0 0
h  1141  -371822 0.999939 0 -1 -0 0
h  1142  -369090 0.999939 0 -1 -0 0
h  1143  -370639 0.999939 0 -1 -0 0
h  1144  -372297 0.999939 0 -1 -0 0
h  1145  -370955 0.999939 0 -1 -0 0
h  1146  -371835 0.999939 0 -1 -0 0
h  1147  -369118 0.999939 0 -1 -0 0
h  1148  -370653 0.999939 0 -1 -0 0
SolidID  35   16 
h  320  -750245 0.999939 0 -1 -0 0
h  321  -756766 0.999939 0 -1 -0 0
h  322  -755119 0.999939 0 -1 -0 0
h  323  -751364 0.999939 0 -1 -0 0
h  324  -753106 0.999939 0 -1 -0 0
h  325  -754054 0.999939 0 -1 -0 0
h  326  -756069 0.999939 0 -1 -0 0
h  327  -751863 0.999939 0 -1 -0 0
h  328  -750910 0.999939 0 -1 -0 0
h  329  -750297 0.999939 0 -1 -0 0
h  330  -750000 0.999939 0 -1 -0 0
h  331  -757122 0.999939 0 -1 -0 0
h  332  -756424 0.999939 0 -1 -0 0
h  333  -752952 0.999939 0 -1 -0 0
h  334  -754987 0.999939 0 -1 -0 0
h  335  -757176 0.999939 0 -1 -0 0
SolidID  41   16 
h  82  -754875 0.999939 0 -1 -0 0
h  83  -754016 0.999939 0 -1 -0 0
h  84  -756017 0.999939 0 -1 -0 0
h  85  -750354 0.999939 0 -1 -0 0
h  86  -750003 0.999939 0 -1 -0 0
h  87  -756705 0.999939 0 -1 -0 0
h  88  -750893 0.999939 0 -1 -0 0
h  89  -751837 0.999939 0 -1 -0 0
h  90  -755074 0.999939 0 -1 -0 0
h  91  -751413 0.999939 0 -1 -0 0
h  92  -753129 0.999939 0 -1 -0 0
h  93  -756913 0.999939 0 -1 -0 0
h  94  -756197 0.999939 0 -1 -0 0
h  95  -757046 0.999939 0 -1 -0 0
h  96  -752920 0.999939 0 -1 -0 0
h  97  -750237 0.999939 0 -1 -0 0
SolidID  6   327 
h  114  -563444 0.999939 0 -1 -0 0
h  115  -563420 0.999939 0 -1 -0 0
h  116  -741318 0.999939 0 -1 -0 0
h  117  -741316 0.999939 0 -1 -0 0
h  118  -741506 0.999939 0 -1 -0 0
h  119  -741519 0.999939 0 -1 -0 0
h  120  -641066 0.999939 0 -1 -0 0
h  121  -641043 0.999939 0 -1 -0 0
h  122  -693960 0.999939 0 -1 -0 0
h  123  -693948 0.999939 0 -1 -0 0
h  124  -753124 0.999939 0 -1 -0 0
h  125  -753145 0.999939 0 -1 -0 0
h  126  -694346 0.999939 0 -1 -0 0
h  127  -694334 0.999939 0 -1 -0 0
h  128  -361541 0.999939 0 -1 -0 0
h  129  -361643 0.999939 0 -1 -0 0
h  130  -361424 0.999939 0 -1 -0 0
h  131  -361471 0.999939 0 -1 -0 0
h  132  -753283 0.999939 0 -1 -0 0
h  133  -753287 0.999939 0 -1 -0 0
h  134  -750299 0.999939 0 -1 -0 0
h  135  -750419 0.999939 0 -1 -0 0
h  136  -750307 0.999939 0 -1 -0 0
h  137  -750428 0.999939 0 -1 -0 0
h  138  -648264 0.999939 0 -1 -0 0
h  139  -648259 0.999939 0 -1 -0 0
h  140  -755380 0.999939 0 -1 -0 0
h  141  -755388 0.999939 0 -1 -0 0
h  142  -755501 0.999939 0 -1 -0 0
h  143  -755505 0.999939 0 -1 -0 0
h  144  -751983 0.999939 0 -1 -0 0
h  145  -752005 0.999939 0 -1 -0 0
h  146  -752035 0.999939 0 -1 -0 0
h  147  -752043 0.999939 0 -1 -0 0
h  148  -386107 0.999939 0 -1 -0 0
h  149  -386092 0.999939 0 -1 -0 0
h  150  -386021 0.999939 0 -1 -0 0
h  151  -386000 0.999939 0 -1 -0 0
h  152  -750103 0.999939 0 -1 -0 0
h  153  -750138 0.999939 0 -1 -0 0
h  154  -750147 0.999939 0 -1 -0 0
h  155  -750151 0.999939 0 -1 -0 0
h  156  -362577 0.999939 0 -1 -0 0
h  157  -362371 0.999939 0 -1 -0 0
h  158  -362608 0.999939 0 -1 -0 0
h  159  -362557 0.999939 0 -1 -0 0
h  160  -354526 0.999939 0 -1 -0 0
h  161  -354345 0.999939 0 -1 -0 0
h  162  -354542 0.999939 0 -1 -0 0
h  163  -354607 0.999939 0 -1 -0 0
h  164  -744267 0.999939 0 -1 -0 0
h  165  -744261 0.999939 0 -1 -0 0
h  166  -744256 0.999939 0 -1 -0 0
h  167  -744126 0.999939 0 -1 -0 0
h  168  -342269 0.999939 0 -1 -0 0
h  169  -342245 0.999939 0 -1 -0 0
h  170  -342121 0.999939 0 -1 -0 0
h  171  -342432 0.999939 0 -1 -0 0
h  172  -740531 0.999939 0 -1 -0 0
h  173  -740539 0.999939 0 -1 -0 0
h  174  -754392 0.999939 0 -1 -0 0
h  175  -754448 0.999939 0 -1 -0 0
h  176  -754429 0.999939 0 -1 -0 0
h  177  -754455 0.999939 0 -1 -0 0
h  178  -740545 0.999939 0 -1 -0 0
h  179  -748488 0.999939 0 -1 -0 0
h  180  -748640 0.999939 0 -1 -0 0
h  181  -748644 0.999939 0 -1 -0 0
h  182  -748649 0.999939 0 -1 -0 0
h  183  -740260 0.999939 0 -1 -0 0
h  184  -749615 0.999939 0 -1 -0 0
h  185  -364373 0.999939 0 -1 -0 0
h  186  -364371 0.999939 0 -1 -0 0
h  187  -364371 0.999939 0 -1 -0 0
h  188  -364347 0.999939 0 -1 -0 0
h  189  -376385 0.999939 0 -1 -0 0
h  190  -376359 0.999939 0 -1 -0 0
h  191  -376361 0.999939 0 -1 -0 0
h  192  -376339 0.999939 0 -1 -0 0
h  193  -372246 0.999939 0 -1 -0 0
h  194  -372221 0.999939 0 -1 -0 0
h  195  -372266 0.999939 0 -1 -0 0
h  196  -372218 0.999939 0 -1 -0 0
h  197  -749879 0.999939 0 -1 -0 0
h  198  -749889 0.999939 0 -1 -0 0
h  199  -749904 0.999939 0 -1 -0 0
h  200  -743337 0.999939 0 -1 -0 0
h  201  -752722 0.999939 0 -1 -0 0
h  202  -744322 0.999939 0 -1 -0 0
h  203  -744328 0.999939 0 -1 -0 0
h  204  -744336 0.999939 0 -1 -0 0
h  205  -752821 0.999939 0 -1 -0 0
h  206  -752833 0.999939 0 -1 -0 0
h  207  -752839 0.999939 0 -1 -0 0
h  208  -740814 0.999939 0 -1 -0 0
h  209  -747596 0.999939 0 -1 -0 0
h  210  -761324 0.999939 0 -1 -0 0
h  211  -761319 0.999939 0 -1 -0 0
h  212  -374535 0.999939 0 -1 -0 0
h  213  -374515 0.999939 0 -1 -0 0
h  214  -374542 0.999939 0 -1 -0 0
h  215  -374528 0.999939 0 -1 -0 0
h  216  -759823 0.999939 0 -1 -0 0
h  217  -759830 0.999939 0 -1 -0 0
h  218  -744887 0.999939 0 -1 -0 0
h  219  -744861 0.999939 0 -1 -0 0
h  220  -742784 0.999939 0 -1 -0 0
h  221  -748342 0.999939 0 -1 -0 0
h  222  -748352 0.999939 0 -1 -0 0
h  223  -748366 0.999939 0 -1 -0 0
h  224  -760988 0.999939 0 -1 -0 0
h  225  -760977 0.999939 0 -1 -0 0
h  226  -753508 0.999939 0 -1 -0 0
h  227  -753492 0.999939 0 -1 -0 0
h  228  -753506 0.999939 0 -1 -0 0
h  229  -744498 0.999939 0 -1 -0 0
h  230  -747001 0.999939 0 -1 -0 0
h  231  -746937 0.999939 0 -1 -0 0
h  232  -753399 0.999939 0 -1 -0 0
h  233  -743442 0.999939 0 -1 -0 0
h  234  -749240 0.999939 0 -1 -0 0
h  235  -754553 0.999939 0 -1 -0 0
h  236  -754574 0.999939 0 -1 -0 0
h  237  -750338 0.999939 0 -1 -0 0
h  238  -750351 0.999939 0 -1 -0 0
h  239  -750351 0.999939 0 -1 -0 0
h  240  -759924 0.999939 0 -1 -0 0
h  241  -759917 0.999939 0 -1 -0 0
h  242  -760697 0.999939 0 -1 -0 0
h  243  -760707 0.999939 0 -1 -0 0
h  244  -754606 0.999939 0 -1 -0 0
h  245  -750791 0.999939 0 -1 -0 0
h  246  -750813 0.999939 0 -1 -0 0
h  247  -754618 0.999939 0 -1 -0 0
h  248  -374137 0.999939 0 -1 -0 0
h  249  -374124 0.999939 0 -1 -0 0
h  250  -374136 0.999939 0 -1 -0 0
h  251  -374122 0.999939 0 -1 -0 0
h  252  -372895 0.999939 0 -1 -0 0
h  253  -372887 0.999939 0 -1 -0 0
h  254  -372893 0.999939 0 -1 -0 0
h  255  -372876 0.999939 0 -1 -0 0
h  256  -744895 0.999939 0 -1 -0 0
h  257  -371054 0.999939 0 -1 -0 0
h  258  -371052 0.999939 0 -1 -0 0
h  259  -371060 0.999939 0 -1 -0 0
h  260  -371059 0.999939 0 -1 -0 0
h  261  -755596 0.999939 0 -1 -0 0
h  262  -755617 0.999939 0 -1 -0 0
h  263  -755611 0.999939 0 -1 -0 0
h  264  -755582 0.999939 0 -1 -0 0
h  265  -744976 0.999939 0 -1 -0 0
h  266  -754714 0.999939 0 -1 -0 0
h  267  -754735 0.999939 0 -1 -0 0
h  268  -754729 0.999939 0 -1 -0 0
h  269  -754699 0.999939 0 -1 -0 0
h  270  -752080 0.999939 0 -1 -0 0
h  271  -752098 0.999939 0 -1 -0 0
h  272  -752094 0.999939 0 -1 -0 0
h  273  -747660 0.999939 0 -1 -0 0
h  274  -747603 0.999939 0 -1 -0 0
h  275  -749730 0.999939 0 -1 -0 0
h  276  -749713 0.999939 0 -1 -0 0
h  277  -760215 0.999939 0 -1 -0 0
h  278  -760224 0.999939 0 -1 -0 0
h  279  -759992 0.999939 0 -1 -0 0
h  280  -760001 0.999939 0 -1 -0 0
h  281  -745557 0.999939 0 -1 -0 0
h  282  -751969 0.999939 0 -1 -0 0
h  283  -759502 0.999939 0 -1 -0 0
h  284  -759499 0.999939 0 -1 -0 0
h  285  -760002 0.999939 0 -1 -0 0
h  286  -760005 0.999939 0 -1 -0 0
h  287  -746564 0.999939 0 -1 -0 0
h  288  -746582 0.999939 0 -1 -0 0
h  289  -745739 0.999939 0 -1 -0 0
h  290  -745723 0.999939 0 -1 -0 0
h  291  -751006 0.999939 0 -1 -0 0
h  292  -748368 0.999939 0 -1 -0 0
h  293  -748932 0.999939 0 -1 -0 0
h  294  -748938 0.999939 0 -1 -0 0
h  295  -747589 0.999939 0 -1 -0 0
h  296  -748932 0.999939 0 -1 -0 0
h  297  -749900 0.999939 0 -1 -0 0
h  298  -749912 0.999939 0 -1 -0 0
h  299  -749907 0.999939 0 -1 -0 0
h  300  -758469 0.999939 0 -1 -0 0
h  301  -758482 0.999939 0 -1 -0 0
h  302  -757000 0.999939 0 -1 -0 0
h  303  -757015 0.999939 0 -1 -0 0
h  752  -417526 0.999939 0 -1 -0 0
h  753  -440942 0.999939 0 -1 -0 0
h  754  -391122 0.999939 0 -1 -0 0
h  755  -403032 0.999939 0 -1 -0 0
h  756  -543723 0.999939 0 -1 -0 0
h  757  -474588 0.999939 0 -1 -0 0
h  758  -469058 0.999939 0 -1 -0 0
h  759  -417504 0.999939 0 -1 -0 0
h  760  -440923 0.999939 0 -1 -0 0
h  761  -391092 0.999939 0 -1 -0 0
h  762  -403008 0.999939 0 -1 -0 0
h  763  -543705 0.999939 0 -1 -0 0
h  764  -474569 0.999939 0 -1 -0 0
h  765  -469039 0.999939 0 -1 -0 0
h  839  -654101 0.999939 0 -1 -0 0
h  840  -584296 0.999939 0 -1 -0 0
h  841  -526827 0.999939 0 -1 -0 0
h  842  -665029 0.999939 0 -1 -0 0
h  843  -573049 0.999939 0 -1 -0 0
h  844  -654089 0.999939 0 -1 -0 0
h  845  -584280 0.999939 0 -1 -0 0
h  846  -526812 0.999939 0 -1 -0 0
h  847  -665019 0.999939 0 -1 -0 0
h  848  -573037 0.999939 0 -1 -0 0
h  853  -493235 0.999939 0 -1 -0 0
h  854  -442949 0.999939 0 -1 -0 0
h  855  -420775 0.999939 0 -1 -0 0
h  856  -486357 0.999939 0 -1 -0 0
h  857  -404205 0.999939 0 -1 -0 0
h  858  -393423 0.999939 0 -1 -0 0
h  859  -493215 0.999939 0 -1 -0 0
h  860  -442935 0.999939 0 -1 -0 0
h  861  -420775 0.999939 0 -1 -0 0
h  862  -486315 0.999939 0 -1 -0 0
h  863  -404200 0.999939 0 -1 -0 0
h  864  -393405 0.999939 0 -1 -0 0
h  898  -522018 0.999939 0 -1 -0 0
h  899  -580595 0.999939 0 -1 -0 0
h  903  -717674 0.999939 0 -1 -0 0
h  904  -732609 0.999939 0 -1 -0 0
h  905  -739909 0.999939 0 -1 -0 0
h  906  -717667 0.999939 0 -1 -0 0
h  907  -732610 0.999939 0 -1 -0 0
h  908  -739925 0.999939 0 -1 -0 0
h  909  -521911 0.999939 0 -1 -0 0
h  910  -580570 0.999939 0 -1 -0 0
h  914  -702796 0.999939 0 -1 -0 0
h  915  -723991 0.999939 0 -1 -0 0
h  916  -718295 0.999939 0 -1 -0 0
h  917  -732737 0.999939 0 -1 -0 0
h  918  -733255 0.999939 0 -1 -0 0
h  919  -718719 0.999939 0 -1 -0 0
h  920  -740637 0.999939 0 -1 -0 0
h  921  -727595 0.999939 0 -1 -0 0
h  922  -733265 0.999939 0 -1 -0 0
h  923  -718730 0.999939 0 -1 -0 0
h  924  -740645 0.999939 0 -1 -0 0
h  925  -727602 0.999939 0 -1 -0 0
h  926  -702765 0.999939 0 -1 -0 0
h  927  -723903 0.999939 0 -1 -0 0
h  928  -718283 0.999939 0 -1 -0 0
h  929  -732746 0.999939 0 -1 -0 0
h  934  -725767 0.999939 0 -1 -0 0
h  935  -703686 0.999939 0 -1 -0 0
h  939  -725772 0.999939 0 -1 -0 0
h  940  -703692 0.999939 0 -1 -0 0
h  1030  -759663 0.999939 0 -1 -0 0
h  1033  -757275 0.999939 0 -1 -0 0
h  1034  -759261 0.999939 0 -1 -0 0
h  1035  -761396 0.999939 0 -1 -0 0
h  1036  -760262 0.999939 0 -1 -0 0
h  1037  -756430 0.999939 0 -1 -0 0
h  1038  -757874 0.999939 0 -1 -0 0
h  1042  -759661 0.999939 0 -1 -0 0
h  1046  -761398 0.999939 0 -1 -0 0
h  1047  -757265 0.999939 0 -1 -0 0
h  1048  -759258 0.999939 0 -1 -0 0
h  1049  -760266 0.999939 0 -1 -0 0
h  1050  -756407 0.999939 0 -1 -0 0
h  1051  -757870 0.999939 0 -1 -0 0
h  1056  -759664 0.999939 0 -1 -0 0
h  1059  -757276 0.999939 0 -1 -0 0
h  1060  -759262 0.999939 0 -1 -0 0
h  1061  -761394 0.999939 0 -1 -0 0
h  1062  -760259 0.999939 0 -1 -0 0
h  1063  -756424 0.999939 0 -1 -0 0
h  1064  -757870 0.999939 0 -1 -0 0
h  1068  -759657 0.999939 0 -1 -0 0
h  1072  -761398 0.999939 0 -1 -0 0
h  1073  -757255 0.999939 0 -1 -0 0
h  1074  -759254 0.999939 0 -1 -0 0
h  1075  -760265 0.999939 0 -1 -0 0
h  1076  -756394 0.999939 0 -1 -0 0
h  1077  -757860 0.999939 0 -1 -0 0
h  1078  -741927 0.999939 0 -1 -0 0
h  1081  -744704 0.999939 0 -1 -0 0
h  1082  -745315 0.999939 0 -1 -0 0
h  1083  -745482 0.999939 0 -1 -0 0
h  1084  -741702 0.999939 0 -1 -0 0
h  1094  -742199 0.999939 0 -1 -0 0
h  1097  -744804 0.999939 0 -1 -0 0
h  1098  -745440 0.999939 0 -1 -0 0
h  1099  -741800 0.999939 0 -1 -0 0
h  1100  -745608 0.999939 0 -1 -0 0
h  1110  -742188 0.999939 0 -1 -0 0
h  1113  -744795 0.999939 0 -1 -0 0
h  1114  -745432 0.999939 0 -1 -0 0
h  1115  -741799 0.999939 0 -1 -0 0
h  1116  -745604 0.999939 0 -1 -0 0
h  1117  -761479 0.999939 0 -1 -0 0
h  1120  -760167 0.999939 0 -1 -0 0
h  1121  -761205 0.999939 0 -1 -0 0
h  1122  -759752 0.999939 0 -1 -0 0
h  1123  -761478 0.999939 0 -1 -0 0
h  1126  -760165 0.999939 0 -1 -0 0
h  1127  -761204 0.999939 0 -1 -0 0
h  1128  -759750 0.999939 0 -1 -0 0
h  1129  -370954 0.999939 0 -1 -0 0
h  1130  -372298 0.999939 0 -1 -0 0
h  1131  -371834 0.999939 0 -1 -0 0
h  1132  -370649 0.999939 0 -1 -0 0
h  1133  -369115 0.999939 0 -1 -0 0
h  1134  -370942 0.999939 0 -1 -0 0
h  1135  -372290 0.999939 0 -1 -0 0
h  1136  -371831 0.999939 0 -1 -0 0
h  1137  -370651 0.999939 0 -1 -0 0
h  1138  -369112 0.999939 0 -1 -0 0
h  1139  -372277 0.999939 0 -1 -0 0
h  1140  -370922 0.999939 0 -1 -0 0
h  1141  -371822 0.999939 0 -1 -0 0
h  1142  -369090 0.999939 0 -1 -0 0
h  1143  -370639 0.999939 0 -1 -0 0
h  1144  -372297 0.999939 0 -1 -0 0
h  1145  -370955 0.999939 0 -1 -0 0
h  1146  -371835 0.999939 0 -1 -0 0
h  1147  -369118 0.999939 0 -1 -0 0
h  1148  -370653 0.999939 0 -1 -0 0
SolidID  35   16 
h  320  -750245 0.999939 0 -1 -0 0
h  321  -756766 0.999939 0 -1 -0 0
h  322  -755119 0.999939 0 -1 -0 0
h  323  -751364 0.999939 0 -1 -0 0
h  324  -753106 0.999939 0 -1 -0 0
h  325  -754054 0.999939 0 -1 -0 0
h  326  -756069 0.999939 0 -1 -0 0
h  327  -751863 0.999939 0 -1 -0 0
h  328  -750910 0.999939 0 -1 -0 0
h  329  -750297 0.999939 0 -1 -0 0
h  330  -750000 0.999939 0 -1 -0 0
h  331  -757122 0.999939 0 -1 -0 0
h  332  -756424 0.999939 0 -1 -0 0
h  333  -752952 0.999939 0 -1 -0 0
h  334  -754987 0.999939 0 -1 -0 0
h  335  -757176 0.999939 0 -1 -0 0
SolidID  41   16 
h  82  -754875 0.999939 0 -1 -0 0
h  83  -754016 0.999939 0 -1 -0 0
h  84  -756017 0.999939 0 -1 -0 0
h  85  -750354 0.999939 0 -1 -0 0
h  86  -750003 0.999939 0 -1 -0 0
h  87  -756705 0.999939 0 -1 -0 0
h  88  -750893 0.999939 0 -1 -0 0
h  89  -751837 0.999939 0 -1 -0 0
h  90  -755074 0.999939 0 -1 -0 0
h  91  -751413 0.999939 0 -1 -0 0
h  92  -753129 0.999939 0 -1 -0 0
h  93  -756913 0.999939 0 -1 -0 0
h  94  -756197 0.999939 0 -1 -0 0
h  95  -757046 0.999939 0 -1 -0 0
h  96  -752920 0.999939 0 -1 -0 0
h  97  -750237 0.999939 0 -1 -0 0
SolidID  47   16 
h  98  -752921 0.999939 0 -1 -0 0
h  99  -753092 0.999939 0 -1 -0 0
h  100  -756012 0.999939 0 -1 -0 0
h  101  -750337 0.999939 0 -1 -0 0
h  102  -750020 0.999939 0 -1 -0 0
h  103  -756699 0.999939 0 -1 -0 0
h  104  -750902 0.999939 0 -1 -0 0
h  105  -751846 0.999939 0 -1 -0 0
h  106  -755069 0.999939 0 -1 -0 0
h  107  -751319 0.999939 0 -1 -0 0
h  108  -754012 0.999939 0 -1 -0 0
h  109  -756904 0.999939 0 -1 -0 0
h  110  -756184 0.999939 0 -1 -0 0
h  111  -757039 0.999939 0 -1 -0 0
h  112  -754855 0.999939 0 -1 -0 0
h  113  -750239 0.999939 0 -1 -0 0
SolidID  6   327 
h  114  -563444 0.999939 0 -1 -0 0
h  115  -563420 0.999939 0 -1 -0 0
h  116  -741318 0.999939 0 -1 -0 0
h  117  -741316 0.999939 0 -1 -0 0
h  118  -741506 0.999939 0 -1 -0 0
h  119  -741519 0.999939 0 -1 -0 0
h  120  -641066 0.999939 0 -1 -0 0
h  121  -641043 0.999939 0 -1 -0 0
h  122  -693960 0.999939 0 -1 -0 0
h  123  -693948 0.999939 0 -1 -0 0
h  124  -753124 0.999939 0 -1 -0 0
h  125  -753145 0.999939 0 -1 -0 0
h  126  -694346 0.999939 0 -1 -0 0
h  127  -694334 0.999939 0 -1 -0 0
h  128  -361541 0.999939 0 -1 -0 0
h  129  -361643 0.999939 0 -1 -0 0
h  130  -361424 0.999939 0 -1 -0 0
h  131  -361471 0.999939 0 -1 -0 0
h  132  -753283 0.999939 0 -1 -0 0
h  133  -753287 0.999939 0 -1 -0 0
h  134  -750299 0.999939 0 -1 -0 0
h  135  -750419 0.999939 0 -1 -0 0
h  136  -750307 0.999939 0 -1 -0 0
h  137  -750428 0.999939 0 -1 -0 0
h  138  -648264 0.999939 0 -1 -0 0
h  139  -648259 0.999939 0 -1 -0 0
h  140  -755380 0.999939 0 -1 -0 0
h  141  -755388 0.999939 0 -1 -0 0
h  142  -755501 0.999939 0 -1 -0 0
h  143  -755505 0.999939 0 -1 -0 0
h  144  -751983 0.999939 0 -1 -0 0
h  145  -752005 0.999939 0 -1 -0 0
h  146  -752035 0.999939 0 -1 -0 0
h  147  -752043 0.999939 0 -1 -0 0
h  148  -386107 0.999939 0 -1 -0 0
h  149  -386092 0.999939 0 -1 -0 0
h  150  -386021 0.999939 0 -1 -0 0
h  151  -386000 0.999939 0 -1 -0 0
h  152  -750103 0.999939 0 -1 -0 0
h  153  -750138 0.999939 0 -1 -0 0
h  154  -750147 0.999939 0 -1 -0 0
h  155  -750151 0.999939 0 -1 -0 0
h  156  -362577 0.999939 0 -1 -0 0
h  157  -362371 0.999939 0 -1 -0 0
h  158  -362608 0.999939 0 -1 -0 0
h  159  -362557 0.999939 0 -1 -0 0
h  160  -354526 0.999939 0 -1 -0 0
h  161  -354345 0.999939 0 -1 -0 0
h  162  -354542 0.999939 0 -1 -0 0
h  163  -354607 0.999939 0 -1 -0 0
h  164  -744267 0.999939 0 -1 -0 0
h  165  -744261 0.999939 0 -1 -0 0
h  166  -744256 0.999939 0 -1 -0 0
h  167  -744126 0.999939 0 -1 -0 0
h  168  -342269 0.999939 0 -1 -0 0
h  169  -342245 0.999939 0 -1 -0 0
h  170  -342121 0.999939 0 -1 -0 0
h  171  -342432 0.999939 0 -1 -0 0
h  172  -740531 0.999939 0 -1 -0 0
h  173  -740539 0.999939 0 -1 -0 0
h  174  -754392 0.999939 0 -1 -0 0
h  175  -754448 0.999939 0 -1 -0 0
h  176  -754429 0.999939 0 -1 -0 0
h  177  -754455 0.999939 0 -1 -0 0
h  178  -740545 0.999939 0 -1 -0 0
h  179  -748488 0.999939 0 -1 -0 0
h  180  -748640 0.999939 0 -1 -0 0
h  181  -748644 0.999939 0 -1 -0 0
h  182  -748649 0.999939 0 -1 -0 0
h  183  -740260 0.999939 0 -1 -0 0
h  184  -749615 0.999939 0 -1 -0 0
h  185  -364373 0.999939 0 -1 -0 0
h  186  -364371 0.999939 0 -1 -0 0
h  187  -364371 0.999939 0 -1 -0 0
h  188  -364347 0.999939 0 -1 -0 0
h  189  -376385 0.999939 0 -1 -0 0
h  190  -376359 0.999939 0 -1 -0 0
h  191  -376361 0.999939 0 -1 -0 0
h  192  -376339 0.999939 0 -1 -0 0
h  193  -372246 0.999939 0 -1 -0 0
h  194  -372221 0.999939 0 -1 -0 0
h  195  -372266 0.999939 0 -1 -0 0
h  196  -372218 0.999939 0 -1 -0 0
h  197  -749879 0.999939 0 -1 -0 0
h  198  -749889 0.999939 0 -1 -0 0
h  199  -749904 0.999939 0 -1 -0 0
h  200  -743337 0.999939 0 -1 -0 0
h  201  -752722 0.999939 0 -1 -0 0
h  202  -744322 0.999939 0 -1 -0 0
h  203  -744328 0.999939 0 -1 -0 0
h  204  -744336 0.999939 0 -1 -0 0
h  205  -752821 0.999939 0 -1 -0 0
h  206  -752833 0.999939 0 -1 -0 0
h  207  -752839 0.999939 0 -1 -0 0
h  208  -740814 0.999939 0 -1 -0 0
h  209  -747596 0.999939 0 -1 -0 0
h  210  -761324 0.999939 0 -1 -0 0
h  211  -761319 0.999939 0 -1 -0 0
h  212  -374535 0.999939 0 -1 -0 0
h  213  -374515 0.999939 0 -1 -0 0
h  214  -374542 0.999939 0 -1 -0 0
h  215  -374528 0.999939 0 -1 -0 0
h  216  -759823 0.999939 0 -1 -0 0
h  217  -759830 0.999939 0 -1 -0 0
h  218  -744887 0.999939 0 -1 -0 0
h  219  -744861 0.999939 0 -1 -0 0
h  220  -742784 0.999939 0 -1 -0 0
h  221  -748342 0.999939 0 -1 -0 0
h  222  -748352 0.999939 0 -1 -0 0
h  223  -748366 0.999939 0 -1 -0 0
h  224  -760988 0.999939 0 -1 -0 0
h  225  -760977 0.999939 0 -1 -0 0
h  226  -753508 0.999939 0 -1 -0 0
h  227  -753492 0.999939 0 -1 -0 0
h  228  -753506 0.999939 0 -1 -0 0
h  229  -744498 0.999939 0 -1 -0 0
h  230  -747001 0.999939 0 -1 -0 0
h  231  -746937 0.999939 0 -1 -0 0
h  232  -753399 0.999939 0 -1 -0 0
h  233  -743442 0.999939 0 -1 -0 0
h  234  -749240 0.999939 0 -1 -0 0
h  235  -754553 0.999939 0 -1 -0 0
h  236  -754574 0.999939 0 -1 -0 0
h  237  -750338 0.999939 0 -1 -0 0
h  238  -750351 0.999939 0 -1 -0 0
h  239  -750351 0.999939 0 -1 -0 0
h  240  -759924 0.999939 0 -1 -0 0
h  241  -759917 0.999939 0 -1 -0 0
h  242  -760697 0.999939 0 -1 -0 0
h  243  -760707 0.999939 0 -1 -0 0
h  244  -754606 0.999939 0 -1 -0 0
h  245  -750791 0.999939 0 -1 -0 0
h  246  -750813 0.999939 0 -1 -0 0
h  247  -754618 0.999939 0 -1 -0 0
h  248  -374137 0.999939 0 -1 -0 0
h  249  -374124 0.999939 0 -1 -0 0
h  250  -374136 0.999939 0 -1 -0 0
h  251  -374122 0.999939 0 -1 -0 0
h  252  -372895 0.999939 0 -1 -0 0
h  253  -372887 0.999939 0 -1 -0 0
h  254  -372893 0.999939 0 -1 -0 0
h  255  -372876 0.999939 0 -1 -0 0
h  256  -744895 0.999939 0 -1 -0 0
h  257  -371054 0.999939 0 -1 -0 0
h  258  -371052 0.999939 0 -1 -0 0
h  259  -371060 0.999939 0 -1 -0 0
h  260  -371059 0.999939 0 -1 -0 0
h  261  -755596 0.999939 0 -1 -0 0
h  262  -755617 0.999939 0 -1 -0 0
h  263  -755611 0.999939 0 -1 -0 0
h  264  -755582 0.999939 0 -1 -0 0
h  265  -744976 0.999939 0 -1 -0 0
h  266  -754714 0.999939 0 -1 -0 0
h  267  -754735 0.999939 0 -1 -0 0
h  268  -754729 0.999939 0 -1 -0 0
h  269  -754699 0.999939 0 -1 -0 0
h  270  -752080 0.999939 0 -1 -0 0
h  271  -752098 0.999939 0 -1 -0 0
h  272  -752094 0.999939 0 -1 -0 0
h  273  -747660 0.999939 0 -1 -0 0
h  274  -747603 0.999939 0 -1 -0 0
h  275  -749730 0.999939 0 -1 -0 0
h  276  -749713 0.999939 0 -1 -0 0
h  277  -760215 0.999939 0 -1 -0 0
h  278  -760224 0.999939 0 -1 -0 0
h  279  -759992 0.999939 0 -1 -0 0
h  280  -760001 0.999939 0 -1 -0 0
h  281  -745557 0.999939 0 -1 -0 0
h  282  -751969 0.999939 0 -1 -0 0
h  283  -759502 0.999939 0 -1 -0 0
h  284  -759499 0.999939 0 -1 -0 0
h  285  -760002 0.999939 0 -1 -0 0
h  286  -760005 0.999939 0 -1 -0 0
h  287  -746564 0.999939 0 -1 -0 0
h  288  -746582 0.999939 0 -1 -0 0
h  289  -745739 0.999939 0 -1 -0 0
h  290  -745723 0.999939 0 -1 -0 0
h  291  -751006 0.999939 0 -1 -0 0
h  292  -748368 0.999939 0 -1 -0 0
h  293  -748932 0.999939 0 -1 -0 0
h  294  -748938 0.999939 0 -1 -0 0
h  295  -747589 0.999939 0 -1 -0 0
h  296  -748932 0.999939 0 -1 -0 0
h  297  -749900 0.999939 0 -1 -0 0
h  298  -749912 0.999939 0 -1 -0 0
h  299  -749907 0.999939 0 -1 -0 0
h  300  -758469 0.999939 0 -1 -0 0
h  301  -758482 0.999939 0 -1 -0 0
h  302  -757000 0.999939 0 -1 -0 0
h  303  -757015 0.999939 0 -1 -0 0
h  752  -417526 0.999939 0 -1 -0 0
h  753  -440942 0.999939 0 -1 -0 0
h  754  -391122 0.999939 0 -1 -0 0
h  755  -403032 0.999939 0 -1 -0 0
h  756  -543723 0.999939 0 -1 -0 0
h  757  -474588 0.999939 0 -1 -0 0
h  758  -469058 0.999939 0 -1 -0 0
h  759  -417504 0.999939 0 -1 -0 0
h  760  -440923 0.999939 0 -1 -0 0
h  761  -391092 0.999939 0 -1 -0 0
h  762  -403008 0.999939 0 -1 -0 0
h  763  -543705 0.999939 0 -1 -0 0
h  764  -474569 0.999939 0 -1 -0 0
h  765  -469039 0.999939 0 -1 -0 0
h  839  -654101 0.999939 0 -1 -0 0
h  840  -584296 0.999939 0 -1 -0 0
h  841  -526827 0.999939 0 -1 -0 0
h  842  -665029 0.999939 0 -1 -0 0
h  843  -573049 0.999939 0 -1 -0 0
h  844  -654089 0.999939 0 -1 -0 0
h  845  -584280 0.999939 0 -1 -0 0
h  846  -526812 0.999939 0 -1 -0 0
h  847  -665019 0.999939 0 -1 -0 0
h  848  -573037 0.999939 0 -1 -0 0
h  853  -493235 0.999939 0 -1 -0 0
h  854  -442949 0.999939 0 -1 -0 0
h  855  -420775 0.999939 0 -1 -0 0
h  856  -486357 0.999939 0 -1 -0 0
h  857  -404205 0.999939 0 -1 -0 0
h  858  -393423 0.999939 0 -1 -0 0
h  859  -493215 0.999939 0 -1 -0 0
h  860  -442935 0.999939 0 -1 -0 0
h  861  -420775 0.999939 0 -1 -0 0
h  862  -486315 0.999939 0 -1 -0 0
h  863  -404200 0.999939 0 -1 -0 0
h  864  -393405 0.999939 0 -1 -0 0
h  898  -522018 0.999939 0 -1 -0 0
h  899  -580595 0.999939 0 -1 -0 0
h  903  -717674 0.999939 0 -1 -0 0
h  904  -732609 0.999939 0 -1 -0 0
h  905  -739909 0.999939 0 -1 -0 0
h  906  -717667 0.999939 0 -1 -0 0
h  907  -732610 0.999939 0 -1 -0 0
h  908  -739925 0.999939 0 -1 -0 0
h  909  -521911 0.999939 0 -1 -0 0
h  910  -580570 0.999939 0 -1 -0 0
h  914  -702796 0.999939 0 -1 -0 0
h  915  -723991 0.999939 0 -1 -0 0
h  916  -718295 0.999939 0 -1 -0 0
h  917  -732737 0.999939 0 -1 -0 0
h  918  -733255 0.999939 0 -1 -0 0
h  919  -718719 0.999939 0 -1 -0 0
h  920  -740637 0.999939 0 -1 -0 0
h  921  -727595 0.999939 0 -1 -0 0
h  922  -733265 0.999939 0 -1 -0 0
h  923  -718730 0.999939 0 -1 -0 0
h  924  -740645 0.999939 0 -1 -0 0
h  925  -727602 0.999939 0 -1 -0 0
h  926  -702765 0.999939 0 -1 -0 0
h  927  -723903 0.999939 0 -1 -0 0
h  928  -718283 0.999939 0 -1 -0 0
h  929  -732746 0.999939 0 -1 -0 0
h  934  -725767 0.999939 0 -1 -0 0
h  935  -703686 0.999939 0 -1 -0 0
h  939  -725772 0.999939 0 -1 -0 0
h  940  -703692 0.999939 0 -1 -0 0
h  1030  -759663 0.999939 0 -1 -0 0
h  1033  -757275 0.999939 0 -1 -0 0
h  1034  -759261 0.999939 0 -1 -0 0
h  1035  -761396 0.999939 0 -1 -0 0
h  1036  -760262 0.999939 0 -1 -0 0
h  1037  -756430 0.999939 0 -1 -0 0
h  1038  -757874 0.999939 0 -1 -0 0
h  1042  -759661 0.999939 0 -1 -0 0
h  1046  -761398 0.999939 0 -1 -0 0
h  1047  -757265 0.999939 0 -1 -0 0
h  1048  -759258 0.999939 0 -1 -0 0
h  1049  -760266 0.999939 0 -1 -0 0
h  1050  -756407 0.999939 0 -1 -0 0
h  1051  -757870 0.999939 0 -1 -0 0
h  1056  -759664 0.999939 0 -1 -0 0
h  1059  -757276 0.999939 0 -1 -0 0
h  1060  -759262 0.999939 0 -1 -0 0
h  1061  -761394 0.999939 0 -1 -0 0
h  1062  -760259 0.999939 0 -1 -0 0
h  1063  -756424 0.999939 0 -1 -0 0
h  1064  -757870 0.999939 0 -1 -0 0
h  1068  -759657 0.999939 0 -1 -0 0
h  1072  -761398 0.999939 0 -1 -0 0
h  1073  -757255 0.999939 0 -1 -0 0
h  1074  -759254 0.999939 0 -1 -0 0
h  1075  -760265 0.999939 0 -1 -0 0
h  1076  -756394 0.999939 0 -1 -0 0
h  1077  -757860 0.999939 0 -1 -0 0
h  1078  -741927 0.999939 0 -1 -0 0
h  1081  -744704 0.999939 0 -1 -0 0
h  1082  -745315 0.999939 0 -1 -0 0
h  1083  -745482 0.999939 0 -1 -0 0
h  1084  -741702 0.999939 0 -1 -0 0
h  1094  -742199 0.999939 0 -1 -0 0
h  1097  -744804 0.999939 0 -1 -0 0
h  1098  -745440 0.999939 0 -1 -0 0
h  1099  -741800 0.999939 0 -1 -0 0
h  1100  -745608 0.999939 0 -1 -0 0
h  1110  -742188 0.999939 0 -1 -0 0
h  1113  -744795 0.999939 0 -1 -0 0
h  1114  -745432 0.999939 0 -1 -0 0
h  1115  -741799 0.999939 0 -1 -0 0
h  1116  -745604 0.999939 0 -1 -0 0
h  1117  -761479 0.999939 0 -1 -0 0
h  1120  -760167 0.999939 0 -1 -0 0
h  1121  -761205 0.999939 0 -1 -0 0
h  1122  -759752 0.999939 0 -1 -0 0
h  1123  -761478 0.999939 0 -1 -0 0
h  1126  -760165 0.999939 0 -1 -0 0
h  1127  -761204 0.999939 0 -1 -0 0
h  1128  -759750 0.999939 0 -1 -0 0
h  1129  -370954 0.999939 0 -1 -0 0
h  1130  -372298 0.999939 0 -1 -0 0
h  1131  -371834 0.999939 0 -1 -0 0
h  1132  -370649 0.999939 0 -1 -0 0
h  1133  -369115 0.999939 0 -1 -0 0
h  1134  -370942 0.999939 0 -1 -0 0
h  1135  -372290 0.999939 0 -1 -0 0
h  1136  -371831 0.999939 0 -1 -0 0
h  1137  -370651 0.999939 0 -1 -0 0
h  1138  -369112 0.999939 0 -1 -0 0
h  1139  -372277 0.999939 0 -1 -0 0
h  1140  -370922 0.999939 0 -1 -0 0
h  1141  -371822 0.999939 0 -1 -0 0
h  1142  -369090 0.999939 0 -1 -0 0
h  1143  -370639 0.999939 0 -1 -0 0
h  1144  -372297 0.999939 0 -1 -0 0
h  1145  -370955 0.999939 0 -1 -0 0
h  1146  -371835 0.999939 0 -1 -0 0
h  1147  -369118 0.999939 0 -1 -0 0
h  1148  -370653 0.999939 0 -1 -0 0
SolidID  35   16 
h  320  -750245 0.999939 0 -1 -0 0
h  321  -756766 0.999939 0 -1 -0 0
h  322  -755119 0.999939 0 -1 -0 0
h  323  -751364 0.999939 0 -1 -0 0
h  324  -753106 0.999939 0 -1 -0 0
h  325  -754054 0.999939 0 -1 -0 0
h  326  -756069 0.999939 0 -1 -0 0
h  327  -751863 0.999939 0 -1 -0 0
h  328  -750910 0.999939 0 -1 -0 0
h  329  -750297 0.999939 0 -1 -0 0
h  330  -750000 0.999939 0 -1 -0 0
h  331  -757122 0.999939 0 -1 -0 0
h  332  -756424 0.999939 0 -1 -0 0
h  333  -752952 0.999939 0 -1 -0 0
h  334  -754987 0.999939 0 -1 -0 0
h  335  -757176 0.999939 0 -1 -0 0
SolidID  41   16 
h  82  -754875 0.999939 0 -1 -0 0
h  83  -754016 0.999939 0 -1 -0 0
h  84  -756017 0.999939 0 -1 -0 0
h  85  -750354 0.999939 0 -1 -0 0
h  86  -750003 0.999939 0 -1 -0 0
h  87  -756705 0.999939 0 -1 -0 0
h  88  -750893 0.999939 0 -1 -0 0
h  89  -751837 0.999939 0 -1 -0 0
h  90  -755074 0.999939 0 -1 -0 0
h  91  -751413 0.999939 0 -1 -0 0
h  92  -753129 0.999939 0 -1 -0 0
h  93  -756913 0.999939 0 -1 -0 0
h  94  -756197 0.999939 0 -1 -0 0
h  95  -757046 0.999939 0 -1 -0 0
h  96  -752920 0.999939 0 -1 -0 0
h  97  -750237 0.999939 0 -1 -0 0
SolidID  47   16 
h  98  -752921 0.999939 0 -1 -0 0
h  99  -753092 0.999939 0 -1 -0 0
h  100  -756012 0.999939 0 -1 -0 0
h  101  -750337 0.999939 0 -1 -0 0
h  102  -750020 0.999939 0 -1 -0 0
h  103  -756699 0.999939 0 -1 -0 0
h  104  -750902 0.999939 0 -1 -0 0
h  105  -751846 0.999939 0 -1 -0 0
h  106  -755069 0.999939 0 -1 -0 0
h  107  -751319 0.999939 0 -1 -0 0
h  108  -754012 0.999939 0 -1 -0 0
h  109  -756904 0.999939 0 -1 -0 0
h  110  -756184 0.999939 0 -1 -0 0
h  111  -757039 0.999939 0 -1 -0 0
h  112  -754855 0.999939 0 -1 -0 0
h  113  -750239 0.999939 0 -1 -0 0
SolidID  53   16 
h  304  -757166 0.999939 0 -1 -0 0
h  305  -749987 0.999939 0 -1 -0 0
h  306  -751349 0.999939 0 -1 -0 0
h  307  -755109 0.999939 0 -1 -0 0
h  308  -753091 0.999939 0 -1 -0 0
h  309  -754044 0.999939 0 -1 -0 0
h  310  -750282 0.999939 0 -1 -0 0
h  311  -756059 0.999939 0 -1 -0 0
h  312  -750898 0.999939 0 -1 -0 0
h  313  -751851 0.999939 0 -1 -0 0
h  314  -756756 0.999939 0 -1 -0 0
h  315  -756411 0.999939 0 -1 -0 0
h  316  -757111 0.999939 0 -1 -0 0
h  317  -750231 0.999939 0 -1 -0 0
h  318  -752941 0.999939 0 -1 -0 0
h  319  -754974 0.999939 0 -1 -0 0
SolidID  6   327 
h  114  -563444 0.999939 0 -1 -0 0
h  115  -563420 0.999939 0 -1 -0 0
h  116  -741318 0.999939 0 -1 -0 0
h  117  -741316 0.999939 0 -1 -0 0
h  118  -741506 0.999939 0 -1 -0 0
h  119  -741519 0.999939 0 -1 -0 0
h  120  -641066 0.999939 0 -1 -0 0
h  121  -641043 0.999939 0 -1 -0 0
h  122  -693960 0.999939 0 -1 -0 0
h  123  -693948 0.999939 0 -1 -0 0
h  124  -753124 0.999939 0 -1 -0 0
h  125  -753145 0.999939 0 -1 -0 0
h  126  -694346 0.999939 0 -1 -0 0
h  127  -694334 0.999939 0 -1 -0 0
h  128  -361541 0.999939 0 -1 -0 0
h  129  -361643 0.999939 0 -1 -0 0
h  130  -361424 0.999939 0 -1 -0 0
h  131  -361471 0.999939 0 -1 -0 0
h  132  -753283 0.999939 0 -1 -0 0
h  133  -753287 0.999939 0 -1 -0 0
h  134  -750299 0.999939 0 -1 -0 0
h  135  -750419 0.999939 0 -1 -0 0
h  136  -750307 0.999939 0 -1 -0 0
h  137  -750428 0.999939 0 -1 -0 0
h  138  -648264 0.999939 0 -1 -0 0
h  139  -648259 0.999939 0 -1 -0 0
h  140  -755380 0.999939 0 -1 -0 0
h  141  -755388 0.999939 0 -1 -0 0
h  142  -755501 0.999939 0 -1 -0 0
h  143  -755505 0.999939 0 -1 -0 0
h  144  -751983 0.999939 0 -1 -0 0
h  145  -752005 0.999939 0 -1 -0 0
h  146  -752035 0.999939 0 -1 -0 0
h  147  -752043 0.999939 0 -1 -0 0
h  148  -386107 0.999939 0 -1 -0 0
h  149  -386092 0.999939 0 -1 -0 0
h  150  -386021 0.999939 0 -1 -0 0
h  151  -386000 0.999939 0 -1 -0 0
h  152  -750103 0.999939 0 -1 -0 0
h  153  -750138 0.999939 0 -1 -0 0
h  154  -750147 0.999939 0 -1 -0 0
h  155  -750151 0.999939 0 -1 -0 0
h  156  -362577 0.999939 0 -1 -0 0
h  157  -362371 0.999939 0 -1 -0 0
h  158  -362608 0.999939 0 -1 -0 0
h  159  -362557 0.999939 0 -1 -0 0
h  160  -354526 0.999939 0 -1 -0 0
h  161  -354345 0.999939 0 -1 -0 0
h  162  -354542 0.999939 0 -1 -0 0
h  163  -354607 0.999939 0 -1 -0 0
h  164  -744267 0.999939 0 -1 -0 0
h  165  -744261 0.999939 0 -1 -0 0
h  166  -744256 0.999939 0 -1 -0 0
h  167  -744126 0.999939 0 -1 -0 0
h  168  -342269 0.999939 0 -1 -0 0
h  169  -342245 0.999939 0 -1 -0 0
h  170  -342121 0.999939 0 -1 -0 0
h  171  -342432 0.999939 0 -1 -0 0
h  172  -740531 0.999939 0 -1 -0 0
h  173  -740539 0.999939 0 -1 -0 0
h  174  -754392 0.999939 0 -1 -0 0
h  175  -754448 0.999939 0 -1 -0 0
h  176  -754429 0.999939 0 -1 -0 0
h  177  -754455 0.999939 0 -1 -0 0
h  178  -740545 0.999939 0 -1 -0 0
h  179  -748488 0.999939 0 -1 -0 0
h  180  -748640 0.999939 0 -1 -0 0
h  181  -748644 0.999939 0 -1 -0 0
h  182  -748649 0.999939 0 -1 -0 0
h  183  -740260 0.999939 0 -1 -0 0
h  184  -749615 0.999939 0 -1 -0 0
h  185  -364373 0.999939 0 -1 -0 0
h  186  -364371 0.999939 0 -1 -0 0
h  187  -364371 0.999939 0 -1 -0 0
h  188  -364347 0.999939 0 -1 -0 0
h  189  -376385 0.999939 0 -1 -0 0
h  190  -376359 0.999939 0 -1 -0 0
h  191  -376361 0.999939 0 -1 -0 0
h  192  -376339 0.999939 0 -1 -0 0
h  193  -372246 0.999939 0 -1 -0 0
h  194  -372221 0.999939 0 -1 -0 0
h  195  -372266 0.999939 0 -1 -0 0
h  196  -372218 0.999939 0 -1 -0 0
h  197  -749879 0.999939 0 -1 -0 0
h  198  -749889 0.999939 0 -1 -0 0
h  199  -749904 0.999939 0 -1 -0 0
h  200  -743337 0.999939 0 -1 -0 0
h  201  -752722 0.999939 0 -1 -0 0
h  202  -744322 0.999939 0 -1 -0 0
h  203  -744328 0.999939 0 -1 -0 0
h  204  -744336 0.999939 0 -1 -0 0
h  205  -752821 0.999939 0 -1 -0 0
h  206  -752833 0.999939 0 -1 -0 0
h  207  -752839 0.999939 0 -1 -0 0
h  208  -740814 0.999939 0 -1 -0 0
h  209  -747596 0.999939 0 -1 -0 0
h  210  -761324 0.999939 0 -1 -0 0
h  211  -761319 0.999939 0 -1 -0 0
h  212  -374535 0.999939 0 -1 -0 0
h  213  -374515 0.999939 0 -1 -0 0
h  214  -374542 0.999939 0 -1 -0 0
h  215  -374528 0.999939 0 -1 -0 0
h  216  -759823 0.999939 0 -1 -0 0
h  217  -759830 0.999939 0 -1 -0 0
h  218  -744887 0.999939 0 -1 -0 0
h  219  -744861 0.999939 0 -1 -0 0
h  220  -742784 0.999939 0 -1 -0 0
h  221  -748342 0.999939 0 -1 -0 0
h  222  -748352 0.999939 0 -1 -0 0
h  223  -748366 0.999939 0 -1 -0 0
h  224  -760988 0.999939 0 -1 -0 0
h  225  -760977 0.999939 0 -1 -0 0
h  226  -753508 0.999939 0 -1 -0 0
h  227  -753492 0.999939 0 -1 -0 0
h  228  -753506 0.999939 0 -1 -0 0
h  229  -744498 0.999939 0 -1 -0 0
h  230  -747001 0.999939 0 -1 -0 0
h  231  -746937 0.999939 0 -1 -0 0
h  232  -753399 0.999939 0 -1 -0 0
h  233  -743442 0.999939 0 -1 -0 0
h  234  -749240 0.999939 0 -1 -0 0
h  235  -754553 0.999939 0 -1 -0 0
h  236  -754574 0.999939 0 -1 -0 0
h  237  -750338 0.999939 0 -1 -0 0
h  238  -750351 0.999939 0 -1 -0 0
h  239  -750351 0.999939 0 -1 -0 0
h  240  -759924 0.999939 0 -1 -0 0
h  241  -759917 0.999939 0 -1 -0 0
h  242  -760697 0.999939 0 -1 -0 0
h  243  -760707 0.999939 0 -1 -0 0
h  244  -754606 0.999939 0 -1 -0 0
h  245  -750791 0.999939 0 -1 -0 0
h  246  -750813 0.999939 0 -1 -0 0
h  247  -754618 0.999939 0 -1 -0 0
h  248  -374137 0.999939 0 -1 -0 0
h  249  -374124 0.999939 0 -1 -0 0
h  250  -374136 0.999939 0 -1 -0 0
h  251  -374122 0.999939 0 -1 -0 0
h  252  -372895 0.999939 0 -1 -0 0
h  253  -372887 0.999939 0 -1 -0 0
h  254  -372893 0.999939 0 -1 -0 0
h  255  -372876 0.999939 0 -1 -0 0
h  256  -744895 0.999939 0 -1 -0 0
h  257  -371054 0.999939 0 -1 -0 0
h  258  -371052 0.999939 0 -1 -0 0
h  259  -371060 0.999939 0 -1 -0 0
h  260  -371059 0.999939 0 -1 -0 0
h  261  -755596 0.999939 0 -1 -0 0
h  262  -755617 0.999939 0 -1 -0 0
h  263  -755611 0.999939 0 -1 -0 0
h  264  -755582 0.999939 0 -1 -0 0
h  265  -744976 0.999939 0 -1 -0 0
h  266  -754714 0.999939 0 -1 -0 0
h  267  -754735 0.999939 0 -1 -0 0
h  268  -754729 0.999939 0 -1 -0 0
h  269  -754699 0.999939 0 -1 -0 0
h  270  -752080 0.999939 0 -1 -0 0
h  271  -752098 0.999939 0 -1 -0 0
h  272  -752094 0.999939 0 -1 -0 0
h  273  -747660 0.999939 0 -1 -0 0
h  274  -747603 0.999939 0 -1 -0 0
h  275  -749730 0.999939 0 -1 -0 0
h  276  -749713 0.999939 0 -1 -0 0
h  277  -760215 0.999939 0 -1 -0 0
h  278  -760224 0.999939 0 -1 -0 0
h  279  -759992 0.999939 0 -1 -0 0
h  280  -760001 0.999939 0 -1 -0 0
h  281  -745557 0.999939 0 -1 -0 0
h  282  -751969 0.999939 0 -1 -0 0
h  283  -759502 0.999939 0 -1 -0 0
h  284  -759499 0.999939 0 -1 -0 0
h  285  -760002 0.999939 0 -1 -0 0
h  286  -760005 0.999939 0 -1 -0 0
h  287  -746564 0.999939 0 -1 -0 0
h  288  -746582 0.999939 0 -1 -0 0
h  289  -745739 0.999939 0 -1 -0 0
h  290  -745723 0.999939 0 -1 -0 0
h  291  -751006 0.999939 0 -1 -0 0
h  292  -748368 0.999939 0 -1 -0 0
h  293  -748932 0.999939 0 -1 -0 0
h  294  -748938 0.999939 0 -1 -0 0
h  295  -747589 0.999939 0 -1 -0 0
h  296  -748932 0.999939 0 -1 -0 0
h  297  -749900 0.999939 0 -1 -0 0
h  298  -749912 0.999939 0 -1 -0 0
h  299  -749907 0.999939 0 -1 -0 0
h  300  -758469 0.999939 0 -1 -0 0
h  301  -758482 0.999939 0 -1 -0 0
h  302  -757000 0.999939 0 -1 -0 0
h  303  -757015 0.999939 0 -1 -0 0
h  752  -417526 0.999939 0 -1 -0 0
h  753  -440942 0.999939 0 -1 -0 0
h  754  -391122 0.999939 0 -1 -0 0
h  755  -403032 0.999939 0 -1 -0 0
h  756  -543723 0.999939 0 -1 -0 0
h  757  -474588 0.999939 0 -1 -0 0
h  758  -469058 0.999939 0 -1 -0 0
h  759  -417504 0.999939 0 -1 -0 0
h  760  -440923 0.999939 0 -1 -0 0
h  761  -391092 0.999939 0 -1 -0 0
h  762  -403008 0.999939 0 -1 -0 0
h  763  -543705 0.999939 0 -1 -0 0
h  764  -474569 0.999939 0 -1 -0 0
h  765  -469039 0.999939 0 -1 -0 0
h  839  -654101 0.999939 0 -1 -0 0
h  840  -584296 0.999939 0 -1 -0 0
h  841  -526827 0.999939 0 -1 -0 0
h  842  -665029 0.999939 0 -1 -0 0
h  843  -573049 0.999939 0 -1 -0 0
h  844  -654089 0.999939 0 -1 -0 0
h  845  -584280 0.999939 0 -1 -0 0
h  846  -526812 0.999939 0 -1 -0 0
h  847  -665019 0.999939 0 -1 -0 0
h  848  -573037 0.999939 0 -1 -0 0
h  853  -493235 0.999939 0 -1 -0 0
h  854  -442949 0.999939 0 -1 -0 0
h  855  -420775 0.999939 0 -1 -0 0
h  856  -486357 0.999939 0 -1 -0 0
h  857  -404205 0.999939 0 -1 -0 0
h  858  -393423 0.999939 0 -1 -0 0
h  859  -493215 0.999939 0 -1 -0 0
h  860  -442935 0.999939 0 -1 -0 0
h  861  -420775 0.999939 0 -1 -0 0
h  862  -486315 0.999939 0 -1 -0 0
h  863  -404200 0.999939 0 -1 -0 0
h  864  -393405 0.999939 0 -1 -0 0
h  898  -522018 0.999939 0 -1 -0 0
h  899  -580595 0.999939 0 -1 -0 0
h  903  -717674 0.999939 0 -1 -0 0
h  904  -732609 0.999939 0 -1 -0 0
h  905  -739909 0.999939 0 -1 -0 0
h  906  -717667 0.999939 0 -1 -0 0
h  907  -732610 0.999939 0 -1 -0 0
h  908  -739925 0.999939 0 -1 -0 0
h  909  -521911 0.999939 0 -1 -0 0
h  910  -580570 0.999939 0 -1 -0 0
h  914  -702796 0.999939 0 -1 -0 0
h  915  -723991 0.999939 0 -1 -0 0
h  916  -718295 0.999939 0 -1 -0 0
h  917  -732737 0.999939 0 -1 -0 0
h  918  -733255 0.999939 0 -1 -0 0
h  919  -718719 0.999939 0 -1 -0 0
h  920  -740637 0.999939 0 -1 -0 0
h  921  -727595 0.999939 0 -1 -0 0
h  922  -733265 0.999939 0 -1 -0 0
h  923  -718730 0.999939 0 -1 -0 0
h  924  -740645 0.999939 0 -1 -0 0
h  925  -727602 0.999939 0 -1 -0 0
h  926  -702765 0.999939 0 -1 -0 0
h  927  -723903 0.999939 0 -1 -0 0
h  928  -718283 0.999939 0 -1 -0 0
h  929  -732746 0.999939 0 -1 -0 0
h  934  -725767 0.999939 0 -1 -0 0
h  935  -703686 0.999939 0 -1 -0 0
h  939  -725772 0.999939 0 -1 -0 0
h  940  -703692 0.999939 0 -1 -0 0
h  1030  -759663 0.999939 0 -1 -0 0
h  1033  -757275 0.999939 0 -1 -0 0
h  1034  -759261 0.999939 0 -1 -0 0
h  1035  -761396 0.999939 0 -1 -0 0
h  1036  -760262 0.999939 0 -1 -0 0
h  1037  -756430 0.999939 0 -1 -0 0
h  1038  -757874 0.999939 0 -1 -0 0
h  1042  -759661 0.999939 0 -1 -0 0
h  1046  -761398 0.999939 0 -1 -0 0
h  1047  -757265 0.999939 0 -1 -0 0
h  1048  -759258 0.999939 0 -1 -0 0
h  1049  -760266 0.999939 0 -1 -0 0
h  1050  -756407 0.999939 0 -1 -0 0
h  1051  -757870 0.999939 0 -1 -0 0
h  1056  -759664 0.999939 0 -1 -0 0
h  1059  -757276 0.999939 0 -1 -0 0
h  1060  -759262 0.999939 0 -1 -0 0
h  1061  -761394 0.999939 0 -1 -0 0
h  1062  -760259 0.999939 0 -1 -0 0
h  1063  -756424 0.999939 0 -1 -0 0
h  1064  -757870 0.999939 0 -1 -0 0
h  1068  -759657 0.999939 0 -1 -0 0
h  1072  -761398 0.999939 0 -1 -0 0
h  1073  -757255 0.999939 0 -1 -0 0
h  1074  -759254 0.999939 0 -1 -0 0
h  1075  -760265 0.999939 0 -1 -0 0
h  1076  -756394 0.999939 0 -1 -0 0
h  1077  -757860 0.999939 0 -1 -0 0
h  1078  -741927 0.999939 0 -1 -0 0
h  1081  -744704 0.999939 0 -1 -0 0
h  1082  -745315 0.999939 0 -1 -0 0
h  1083  -745482 0.999939 0 -1 -0 0
h  1084  -741702 0.999939 0 -1 -0 0
h  1094  -742199 0.999939 0 -1 -0 0
h  1097  -744804 0.999939 0 -1 -0 0
h  1098  -745440 0.999939 0 -1 -0 0
h  1099  -741800 0.999939 0 -1 -0 0
h  1100  -745608 0.999939 0 -1 -0 0
h  1110  -742188 0.999939 0 -1 -0 0
h  1113  -744795 0.999939 0 -1 -0 0
h  1114  -745432 0.999939 0 -1 -0 0
h  1115  -741799 0.999939 0 -1 -0 0
h  1116  -745604 0.999939 0 -1 -0 0
h  1117  -761479 0.999939 0 -1 -0 0
h  1120  -760167 0.999939 0 -1 -0 0
h  1121  -761205 0.999939 0 -1 -0 0
h  1122  -759752 0.999939 0 -1 -0 0
h  1123  -761478 0.999939 0 -1 -0 0
h  1126  -760165 0.999939 0 -1 -0 0
h  1127  -761204 0.999939 0 -1 -0 0
h  1128  -759750 0.999939 0 -1 -0 0
h  1129  -370954 0.999939 0 -1 -0 0
h  1130  -372298 0.999939 0 -1 -0 0
h  1131  -371834 0.999939 0 -1 -0 0
h  1132  -370649 0.999939 0 -1 -0 0
h  1133  -369115 0.999939 0 -1 -0 0
h  1134  -370942 0.999939 0 -1 -0 0
h  1135  -372290 0.999939 0 -1 -0 0
h  1136  -371831 0.999939 0 -1 -0 0
h  1137  -370651 0.999939 0 -1 -0 0
h  1138  -369112 0.999939 0 -1 -0 0
h  1139  -372277 0.999939 0 -1 -0 0
h  1140  -370922 0.999939 0 -1 -0 0
h  1141  -371822 0.999939 0 -1 -0 0
h  1142  -369090 0.999939 0 -1 -0 0
h  1143  -370639 0.999939 0 -1 -0 0
h  1144  -372297 0.999939 0 -1 -0 0
h  1145  -370955 0.999939 0 -1 -0 0
h  1146  -371835 0.999939 0 -1 -0 0
h  1147  -369118 0.999939 0 -1 -0 0
h  1148  -370653 0.999939 0 -1 -0 0
SolidID  29   16 
h  545  -372665 0.999939 0 -1 -0 0
h  546  -372103 0.999939 0 -1 -0 0
h  547  -372105 0.999939 0 -1 -0 0
h  548  -372107 0.999939 0 -1 -0 0
h  549  -372660 0.999939 0 -1 -0 0
h  550  -372492 0.999939 0 -1 -0 0
h  551  -372489 0.999939 0 -1 -0 0
h  552  -372665 0.999939 0 -1 -0 0
h  553  -372496 0.999939 0 -1 -0 0
h  554  -372258 0.999939 0 -1 -0 0
h  555  -372256 0.999939 0 -1 -0 0
h  556  -372107 0.999939 0 -1 -0 0
h  557  -372658 0.999939 0 -1 -0 0
h  558  -372496 0.999939 0 -1 -0 0
h  559  -372257 0.999939 0 -1 -0 0
h  560  -372252 0.999939 0 -1 -0 0
SolidID  35   16 
h  320  -750245 0.999939 0 -1 -0 0
h  321  -756766 0.999939 0 -1 -0 0
h  322  -755119 0.999939 0 -1 -0 0
h  323  -751364 0.999939 0 -1 -0 0
h  324  -753106 0.999939 0 -1 -0 0
h  325  -754054 0.999939 0 -1 -0 0
h  326  -756069 0.999939 0 -1 -0 0
h  327  -751863 0.999939 0 -1 -0 0
h  328  -750910 0.999939 0 -1 -0 0
h  329  -750297 0.999939 0 -1 -0 0
h  330  -750000 0.999939 0 -1 -0 0
h  331  -757122 0.999939 0 -1 -0 0
h  332  -756424 0.999939 0 -1 -0 0
h  333  -752952 0.999939 0 -1 -0 0
h  334  -754987 0.999939 0 -1 -0 0
h  335  -757176 0.999939 0 -1 -0 0
SolidID  41   16 
h  82  -754875 0.999939 0 -1 -0 0
h  83  -754016 0.999939 0 -1 -0 0
h  84  -756017 0.999939 0 -1 -0 0
h  85  -750354 0.999939 0 -1 -0 0
h  86  -750003 0.999939 0 -1 -0 0
h  87  -756705 0.999939 0 -1 -0 0
h  88  -750893 0.999939 0 -1 -0 0
h  89  -751837 0.999939 0 -1 -0 0
h  90  -755074 0.999939 0 -1 -0 0
h  91  -751413 0.999939 0 -1 -0 0
h  92  -753129 0.999939 0 -1 -0 0
h  93  -756913 0.999939 0 -1 -0 0
h  94  -756197 0.999939 0 -1 -0 0
h  95  -757046 0.999939 0 -1 -0 0
h  96  -752920 0.999939 0 -1 -0 0
h  97  -750237 0.999939 0 -1 -0 0
SolidID  47   16 
h  98  -752921 0.999939 0 -1 -0 0
h  99  -753092 0.999939 0 -1 -0 0
h  100  -756012 0.999939 0 -1 -0 0
h  101  -750337 0.999939 0 -1 -0 0
h  102  -750020 0.999939 0 -1 -0 0
h  103  -756699 0.999939 0 -1 -0 0
h  104  -750902 0.999939 0 -1 -0 0
h  105  -751846 0.999939 0 -1 -0 0
h  106  -755069 0.999939 0 -1 -0 0
h  107  -751319 0.999939 0 -1 -0 0
h  108  -754012 0.999939 0 -1 -0 0
h  109  -756904 0.999939 0 -1 -0 0
h  110  -756184 0.999939 0 -1 -0 0
h  111  -757039 0.999939 0 -1 -0 0
h  112  -754855 0.999939 0 -1 -0 0
h  113  -750239 0.999939 0 -1 -0 0
SolidID  53   16 
h  304  -757166 0.999939 0 -1 -0 0
h  305  -749987 0.999939 0 -1 -0 0
h  306  -751349 0.999939 0 -1 -0 0
h  307  -755109 0.999939 0 -1 -0 0
h  308  -753091 0.999939 0 -1 -0 0
h  309  -754044 0.999939 0 -1 -0 0
h  310  -750282 0.999939 0 -1 -0 0
h  311  -756059 0.999939 0 -1 -0 0
h  312  -750898 0.999939 0 -1 -0 0
h  313  -751851 0.999939 0 -1 -0 0
h  314  -756756 0.999939 0 -1 -0 0
h  315  -756411 0.999939 0 -1 -0 0
h  316  -757111 0.999939 0 -1 -0 0
h  317  -750231 0.999939 0 -1 -0 0
h  318  -752941 0.999939 0 -1 -0 0
h  319  -754974 0.999939 0 -1 -0 0
E_DATA
B_MESH_DATA
Dim 2 
NumPts 236 
NumElems 407 
1   0.00046194   -0.000191342    0
2   0   0    0
3   0.0005   0    0
4   0   -0.0005    0
5   -0.000191342   -0.00046194    0
6   0.000191342   -0.00046194    0
7   0   0.0005    0
8   0.000191342   0.00046194    0
9   -0.00046194   0.000191342    0
10   -0.0005   0    0
11   -0.000353553   0.000353553    0
12   -0.000353553   -0.000353553    0
13   -0.00046194   -0.000191342    0
14   0.00046194   0.000191342    0
15   0.000353553   0.000353553    0
16   -0.000191342   0.00046194    0
17   0.000353553   -0.000353553    0
18   -0.0191913   0.00253806    0
19   -0.0193536   0.00264645    0
20   -0.019   0.003    0
21   -0.0185381   0.00319134    0
22   -0.0186464   0.00335355    0
23   -0.0185381   0.00280866    0
24   -0.0185   0.003    0
25   -0.0195   0.003    0
26   -0.0194619   0.00319134    0
27   -0.0193536   0.00335355    0
28   -0.0186464   0.00264645    0
29   -0.019   0.0025    0
30   -0.0188087   0.00253806    0
31   -0.0194619   0.00280866    0
32   -0.0188087   0.00346194    0
33   -0.019   0.0035    0
34   -0.0191913   0.00346194    0
35   0.0188087   -0.00346194    0
36   0.0186464   -0.00335355    0
37   0.019   -0.003    0
38   0.0194619   -0.00280866    0
39   0.0193536   -0.00264645    0
40   0.0195   -0.003    0
41   0.0194619   -0.00319134    0
42   0.0185381   -0.00280866    0
43   0.0185   -0.003    0
44   0.0193536   -0.00335355    0
45   0.0186464   -0.00264645    0
46   0.0185381   -0.00319134    0
47   0.0191913   -0.00253806    0
48   0.019   -0.0025    0
49   0.0188087   -0.00253806    0
50   0.0191913   -0.00346194    0
51   0.019   -0.0035    0
52   0.00625879   -0.000314318    0
53   0.00809979   0.00227818    0
54   0.00932781   -0.000361583    0
55   -0.00625878   0.000314308    0
56   -0.00809977   -0.0022782    0
57   -0.0093277   0.000361471    0
58   0.0122872   -9.9324e-05    0
59   0.0136695   0.00209724    0
60   0.0156146   -1.77949e-05    0
61   -0.0122866   9.84594e-05    0
62   -0.0136685   -0.00209833    0
63   -0.0156109   1.22478e-05    0
64   -0.0136654   0.00216612    0
65   0.0136661   -0.00216702    0
66   0.0108434   0.00204768    0
67   -0.0108432   -0.00204787    0
68   0.0152937   0.004    0
69   0.0118537   0.004    0
70   -0.0152937   -0.004    0
71   -0.0118537   -0.004    0
72   0.0108137   -0.00242839    0
73   -0.0108135   0.00242822    0
74   0.00213698   0.00167564    0
75   0.00172475   0.004    0
76   0.00445878   0.004    0
77   -0.00213698   -0.00167564    0
78   -0.00172475   -0.004    0
79   -0.00445878   -0.004    0
80   -0.00213698   0.00168472    0
81   -0.00445878   0.004    0
82   -0.00172475   0.004    0
83   0.00213698   -0.00168472    0
84   0.00445878   -0.004    0
85   0.00172475   -0.004    0
86   -0.0118537   0.004    0
87   -0.0152937   0.004    0
88   0.0118537   -0.004    0
89   0.0152937   -0.004    0
90   0.0162659   0.00236746    0
91   -0.0162618   0.00237855    0
92   -0.0162621   -0.00237057    0
93   0.0162628   -0.00238025    0
94   0.01   0.004    0
95   -0.01   -0.004    0
96   0.0175053   0.00136899    0
97   -0.0174857   -0.00138262    0
98   -0.0174857   0.00138499    0
99   0.0174884   -0.00139223    0
100   0.00346513   -4.13823e-05    0
101   0.00139798   -3.72798e-06    0
102   -0.00346513   4.13817e-05    0
103   -0.00139798   3.72795e-06    0
104   0.0180153   -2.701e-05    0
105   -0.0180056   9.89457e-07    0
106   0.000774773   0.00154661    0
107   -0.000774773   -0.00154661    0
108   0.000774773   -0.00154726    0
109   -0.000774773   0.00154726    0
110   0   0.00267957    0
111   0   -0.00267957    0
112   -0.0188095   -0.00120225    0
113   -0.02   0    0
114   -0.0188095   0.00120247    0
115   0.02   -5.58436e-05    0
116   0.0188118   -0.00121841    0
117   0.0188534   0.00113319    0
118   0   0.004    0
119   0   -0.004    0
120   -0.02   0.0016728    0
121   -0.02   -0.0016728    0
122   0.0179395   0.00261664    0
123   -0.0179285   0.00261737    0
124   -0.0179285   -0.00261682    0
125   0.0179291   -0.00261862    0
126   0.02   -0.001681    0
127   0.02   0.00134084    0
128   0.0185377   0.00211314    0
129   0   0.00117155    0
130   0   -0.00117155    0
131   0.00102345   0.000725765    0
132   -0.00102345   -0.000725765    0
133   0.00102345   -0.000727271    0
134   -0.00102345   0.000727271    0
135   -0.0184405   -0.002078    0
136   -0.0184405   0.00207815    0
137   0.0184415   -0.00208189    0
138   0.0192478   0.00208059    0
139   -0.0190348   -0.00208625    0
140   -0.0190348   0.00208626    0
141   0.0190354   -0.00209027    0
142   0.02   0.00234087    0
143   -0.0186464   0.004    0
144   -0.017684   0.004    0
145   0.0186464   -0.004    0
146   0.017684   -0.004    0
147   -0.0191913   -0.00346194    0
148   -0.019   -0.004    0
149   -0.02   -0.004    0
150   0.0191913   0.00346194    0
151   0.019   0.004    0
152   0.02   0.004    0
153   -0.02   0.003    0
154   -0.02   0.004    0
155   0.02   -0.003    0
156   0.02   -0.004    0
157   0.0195   0.003    0
158   0.02   0.00340176    0
159   -0.0192442   0.00366996    0
160   0.0192442   -0.00366996    0
161   -0.0186464   -0.00264645    0
162   0.0193536   0.00264645    0
163   0.0193536   0.00335355    0
164   -0.02   -0.00340903    0
165   -0.0193536   -0.00335355    0
166   0.0186464   0.00264645    0
167   -0.02   -0.00280866    0
168   -0.0195   -0.003    0
169   0.019   0.0025    0
170   -0.0188087   -0.00253806    0
171   0.0194619   0.00280866    0
172   -0.0185381   -0.00280866    0
173   -0.0185   -0.003    0
174   0.0185381   0.00280866    0
175   0.0185   0.003    0
176   -0.0194619   -0.00319134    0
177   0.0194619   0.00319134    0
178   -0.0194619   -0.00280866    0
179   0.0188087   0.00253806    0
180   -0.019   -0.0035    0
181   0.019   0.0035    0
182   0.0188087   0.00346194    0
183   -0.0188087   -0.00346194    0
184   0.0191913   0.00253806    0
185   -0.0191913   -0.00253806    0
186   -0.019   -0.0025    0
187   0.00535878   -0.00215716    0
188   0.00787303   -0.004    0
189   0.00706591   -0.00215716    0
190   -0.00535878   0.00215715    0
191   -0.00787303   0.004    0
192   -0.0070659   0.00215715    0
193   0.00893978   -0.00229278    0
194   0.01   -0.004    0
195   -0.00893971   0.00229269    0
196   -0.01   0.004    0
197   0.00535878   0.00184284    0
198   0.00787303   0.004    0
199   -0.00535878   -0.00184285    0
200   -0.00787303   -0.004    0
201   0.00893652   0.004    0
202   0.0122565   0.00207246    0
203   -0.0122559   -0.0020731    0
204   -0.00893652   -0.004    0
205   0.0113486   0.00302384    0
206   -0.0122395   0.00229717    0
207   0.0122399   -0.00229771    0
208   -0.0113485   -0.00302394    0
209   -0.0109269   0.004    0
210   0.0109269   -0.004    0
211   -0.0164888   0.004    0
212   -0.0172087   0.00330868    0
213   -0.0164888   -0.004    0
214   -0.0172087   -0.00330841    0
215   -0.017684   -0.004    0
216   -0.0185381   -0.00319134    0
217   0.0164888   -0.004    0
218   0.017209   -0.00330931    0
219   0.0164889   0.004    0
220   0.0172142   0.00330832    0
221   0.0176841   0.004    0
222   0.0185381   0.00319134    0
223   -0.02   -0.00224073    0
224   -0.0193536   -0.00264645    0
225   -0.02   0.0023364    0
226   0.02   -0.0023405    0
227   -0.018342   -0.004    0
228   -0.0186464   -0.00335355    0
229   0.0183421   0.004    0
230   0.0186464   0.00335355    0
231   0.000564163   -0.000950405    0
232   -0.000564163   0.000950405    0
233   -0.000564163   -0.000950081    0
234   0.000564163   0.000950081    0
235   -0.019   -0.003    0
236   0.019   0.003    0
545  29  1  2  3 
546  29  4  5  2 
547  29  4  2  6 
548  29  7  8  2 
549  29  9  2  10 
550  29  9  11  2 
551  29  12  13  2 
552  29  14  3  2 
553  29  15  14  2 
554  29  15  2  8 
555  29  11  16  2 
556  29  7  2  16 
557  29  13  10  2 
558  29  1  17  2 
559  29  17  6  2 
560  29  12  2  5 
320  35  18  19  20 
321  35  21  20  22 
322  35  23  20  24 
323  35  25  26  20 
324  35  26  27  20 
325  35  23  28  20 
326  35  21  24  20 
327  35  29  20  30 
328  35  18  20  29 
329  35  31  25  20 
330  35  31  20  19 
331  35  32  20  33 
332  35  34  33  20 
333  35  28  30  20 
334  35  34  20  27 
335  35  32  22  20 
304  53  35  36  37 
305  53  38  37  39 
306  53  40  41  37 
307  53  42  37  43 
308  53  41  44  37 
309  53  42  45  37 
310  53  38  40  37 
311  53  46  43  37 
312  53  47  37  48 
313  53  48  37  49 
314  53  46  37  36 
315  53  50  51  37 
316  53  35  37  51 
317  53  47  39  37 
318  53  45  49  37 
319  53  50  37  44 
114  6  52  53  54 
115  6  55  56  57 
116  6  58  59  60 
117  6  61  62  63 
118  6  61  63  64 
119  6  58  60  65 
120  6  66  54  53 
121  6  67  57  56 
122  6  58  54  66 
123  6  61  57  67 
124  6  68  59  69 
125  6  70  62  71 
126  6  58  72  54 
127  6  61  73  57 
128  6  74  75  76 
129  6  77  78  79 
130  6  80  81  82 
131  6  83  84  85 
132  6  86  64  87 
133  6  88  65  89 
134  6  60  59  90 
135  6  64  63  91 
136  6  63  62  92 
137  6  65  60  93 
138  6  94  66  53 
139  6  95  67  56 
140  6  68  90  59 
141  6  70  92  62 
142  6  87  64  91 
143  6  89  65  93 
144  6  96  60  90 
145  6  97  63  92 
146  6  98  91  63 
147  6  99  93  60 
148  6  100  101  74 
149  6  102  103  77 
150  6  100  83  101 
151  6  102  80  103 
152  6  104  60  96 
153  6  105  63  97 
154  6  98  63  105 
155  6  99  60  104 
156  6  75  74  106 
157  6  78  77  107 
158  6  85  108  83 
159  6  82  109  80 
160  6  75  106  110 
161  6  78  107  111 
162  6  82  110  109 
163  6  85  111  108 
164  6  105  112  113 
165  6  105  113  114 
166  6  104  115  116 
167  6  104  117  115 
168  6  118  110  82 
169  6  118  75  110 
170  6  119  78  111 
171  6  119  111  85 
172  6  114  113  120 
173  6  113  112  121 
174  6  90  122  96 
175  6  91  98  123 
176  6  92  124  97 
177  6  93  99  125 
178  6  116  115  126 
179  6  104  96  117 
180  6  105  97  112 
181  6  105  114  98 
182  6  104  116  99 
183  6  115  117  127 
184  6  117  96  128 
185  6  129  110  106 
186  6  130  108  111 
187  6  129  109  110 
188  6  130  111  107 
189  6  131  74  101 
190  6  132  77  103 
191  6  133  101  83 
192  6  134  103  80 
193  6  133  83  108 
194  6  134  80  109 
195  6  131  106  74 
196  6  132  107  77 
197  6  112  97  135 
198  6  136  98  114 
199  6  137  99  116 
200  6  138  127  117 
201  6  128  96  122 
202  6  139  121  112 
203  6  140  114  120 
204  6  141  116  126 
205  6  135  97  124 
206  6  98  136  123 
207  6  99  137  125 
208  6  142  127  138 
209  6  117  128  138 
210  6  22  143  144 
211  6  36  145  146 
212  6  14  131  101 
213  6  13  132  103 
214  6  1  101  133 
215  6  9  103  134 
216  6  147  148  149 
217  6  150  151  152 
218  6  26  153  154 
219  6  41  155  156 
220  6  142  157  158 
221  6  112  135  139 
222  6  114  140  136 
223  6  116  141  137 
224  6  154  143  159 
225  6  156  145  160 
226  6  28  123  136 
227  6  161  135  124 
228  6  45  125  137 
229  6  162  142  138 
230  6  152  158  163 
231  6  149  164  165 
232  6  166  128  122 
233  6  167  168  164 
234  6  169  138  128 
235  6  156  160  44 
236  6  154  159  27 
237  6  170  139  135 
238  6  140  30  136 
239  6  141  49  137 
240  6  21  22  144 
241  6  46  36  146 
242  6  51  160  145 
243  6  33  159  143 
244  6  149  165  147 
245  6  156  44  41 
246  6  154  27  26 
247  6  152  163  150 
248  6  1  3  101 
249  6  9  10  103 
250  6  14  101  3 
251  6  13  103  10 
252  6  1  133  17 
253  6  9  134  11 
254  6  15  131  14 
255  6  12  132  13 
256  6  171  142  162 
257  6  4  6  130 
258  6  4  130  5 
259  6  7  129  8 
260  6  7  16  129 
261  6  172  124  173 
262  6  23  24  123 
263  6  42  43  125 
264  6  174  122  175 
265  6  142  171  157 
266  6  161  124  172 
267  6  23  123  28 
268  6  42  125  45 
269  6  166  122  174 
270  6  161  170  135 
271  6  28  136  30 
272  6  45  137  49 
273  6  168  176  164 
274  6  157  177  158 
275  6  176  165  164 
276  6  163  158  177 
277  6  35  51  145 
278  6  32  33  143 
279  6  35  145  36 
280  6  32  143  22 
281  6  167  178  168 
282  6  166  179  128 
283  6  147  180  148 
284  6  150  181  151 
285  6  182  151  181 
286  6  183  148  180 
287  6  41  40  155 
288  6  26  25  153 
289  6  153  25  31 
290  6  155  40  38 
291  6  169  128  179 
292  6  169  184  138 
293  6  185  139  186 
294  6  18  29  140 
295  6  162  138  184 
296  6  47  48  141 
297  6  186  139  170 
298  6  29  30  140 
299  6  48  49  141 
300  6  50  160  51 
301  6  34  159  33 
302  6  50  44  160 
303  6  34  27  159 
752  6  84  187  188 
753  6  52  187  100 
754  6  187  84  83 
755  6  83  100  187 
756  6  189  52  54 
757  6  52  189  187 
758  6  189  188  187 
759  6  81  190  191 
760  6  55  190  102 
761  6  190  81  80 
762  6  80  102  190 
763  6  192  55  57 
764  6  55  192  190 
765  6  192  191  190 
839  6  72  193  54 
840  6  193  189  54 
841  6  189  193  188 
842  6  193  72  194 
843  6  194  188  193 
844  6  73  195  57 
845  6  195  192  57 
846  6  192  195  191 
847  6  195  73  196 
848  6  196  191  195 
853  6  52  197  53 
854  6  197  52  100 
855  6  197  76  198 
856  6  198  53  197 
857  6  197  100  74 
858  6  74  76  197 
859  6  55  199  56 
860  6  199  55  102 
861  6  199  79  200 
862  6  200  56  199 
863  6  199  102  77 
864  6  77  79  199 
898  6  198  201  53 
899  6  201  94  53 
903  6  66  202  58 
904  6  202  59  58 
905  6  59  202  69 
906  6  67  203  61 
907  6  203  62  61 
908  6  62  203  71 
909  6  200  204  56 
910  6  204  95  56 
914  6  205  66  94 
915  6  69  205  94 
916  6  66  205  202 
917  6  205  69  202 
918  6  64  206  61 
919  6  206  73  61 
920  6  206  64  86 
921  6  73  206  86 
922  6  65  207  58 
923  6  207  72  58 
924  6  207  65  88 
925  6  72  207  88 
926  6  208  67  95 
927  6  71  208  95 
928  6  67  208  203 
929  6  208  71  203 
934  6  86  209  73 
935  6  209  196  73 
939  6  88  210  72 
940  6  210  194  72 
1030  6  211  87  91 
1033  6  123  212  91 
1034  6  212  211  91 
1035  6  211  212  144 
1036  6  21  144  212 
1037  6  123  24  21 
1038  6  21  212  123 
1042  6  70  213  92 
1046  6  214  213  215 
1047  6  214  124  92 
1048  6  213  214  92 
1049  6  214  215  216 
1050  6  216  173  124 
1051  6  124  214  216 
1056  6  217  89  93 
1059  6  125  218  93 
1060  6  218  217  93 
1061  6  217  218  146 
1062  6  46  146  218 
1063  6  125  43  46 
1064  6  46  218  125 
1068  6  68  219  90 
1072  6  220  219  221 
1073  6  220  122  90 
1074  6  219  220  90 
1075  6  220  221  222 
1076  6  222  175  122 
1077  6  122  220  222 
1078  6  167  223  178 
1081  6  224  178  223 
1082  6  185  224  223 
1083  6  139  185  223 
1084  6  223  121  139 
1094  6  225  153  31 
1097  6  225  31  19 
1098  6  225  19  18 
1099  6  140  120  225 
1100  6  225  18  140 
1110  6  226  155  38 
1113  6  226  38  39 
1114  6  226  39  47 
1115  6  141  126  226 
1116  6  226  47  141 
1117  6  227  148  183 
1120  6  227  183  228 
1121  6  216  215  227 
1122  6  227  228  216 
1123  6  229  151  182 
1126  6  229  182  230 
1127  6  222  221  229 
1128  6  229  230  222 
1129  6  108  231  133 
1130  6  231  17  133 
1131  6  17  231  6 
1132  6  130  6  231 
1133  6  231  108  130 
1134  6  109  232  134 
1135  6  232  11  134 
1136  6  11  232  16 
1137  6  129  16  232 
1138  6  232  109  129 
1139  6  12  233  132 
1140  6  233  107  132 
1141  6  233  12  5 
1142  6  130  107  233 
1143  6  233  5  130 
1144  6  15  234  131 
1145  6  234  106  131 
1146  6  234  15  8 
1147  6  129  106  234 
1148  6  234  8  129 
82  41  147  165  235 
83  41  161  172  235 
84  41  216  235  173 
85  41  178  235  168 
86  41  178  224  235 
87  41  216  228  235 
88  41  185  186  235 
89  41  186  170  235 
90  41  172  173  235 
91  41  168  235  176 
92  41  176  235  165 
93  41  183  180  235 
94  41  147  235  180 
95  41  228  183  235 
96  41  161  235  170 
97  41  185  235  224 
98  47  166  236  179 
99  47  163  177  236 
100  47  222  236  175 
101  47  171  236  157 
102  47  171  162  236 
103  47  222  230  236 
104  47  169  236  184 
105  47  169  179  236 
106  47  174  175  236 
107  47  157  236  177 
108  47  166  174  236 
109  47  182  181  236 
110  47  150  236  181 
111  47  230  182  236 
112  47  150  163  236 
113  47  162  184  236 
E_MESH_DATA
