407
16 114   0.00789546 0.000534092 1.33151
16 115   -0.00789542 -0.000534141 1.33149
16 116   0.0138571 0.000660041 1.34376
16 117   -0.0138553 -0.000662542 1.34376
16 118   -0.0138543 0.000758943 1.34282
16 119   0.013856 -0.000761381 1.34278
16 120   0.00942367 0.00132142 1.37163
16 121   -0.00942356 -0.00132153 1.37161
16 122   0.0108195 0.000528924 1.42618
16 123   -0.0108192 -0.000529314 1.42616
16 124   0.0136057 0.00336575 1.27916
16 125   -0.0136053 -0.00336611 1.27907
16 126   0.0108096 -0.000963099 1.41103
16 127   -0.0108093 0.000962716 1.41104
16 128   0.0027735 0.00322521 1.19086
16 129   -0.0027735 -0.00322521 1.19091
16 130   -0.0027735 0.00322824 1.19081
16 131   0.0027735 -0.00322824 1.19083
16 132   -0.0136043 0.00338871 1.2782
16 133   0.0136045 -0.00338901 1.27819
16 134   0.0151834 0.0014823 1.31229
16 135   -0.0151794 0.00151897 1.31175
16 136   -0.0151805 -0.00148555 1.31226
16 137   0.0151812 -0.00152169 1.31171
16 138   0.00964773 0.00277529 1.29867
16 139   -0.00964766 -0.00277536 1.29866
16 140   0.0150764 0.00282157 1.28726
16 141   -0.0150748 -0.00282297 1.28722
16 142   -0.0150736 0.00284822 1.28659
16 143   0.0150742 -0.00284909 1.28658
16 144   0.0164619 0.00123955 1.30675
16 145   -0.0164529 -0.00124698 1.30666
16 146   -0.0164528 0.0012586 1.30653
16 147   0.0164553 -0.00126343 1.3065
16 148   0.00233337 0.00054351 1.20672
16 149   -0.00233337 -0.000543511 1.20671
16 150   0.00233337 -0.000576611 1.20666
16 151   -0.00233337 0.000576611 1.20665
16 152   0.0170451 0.000441395 1.31446
16 153   -0.0170341 -0.00045646 1.31432
16 154   -0.0170341 0.000466077 1.31428
16 155   0.0170394 -0.000479013 1.31427
16 156   0.0015455 0.00240742 1.19265
16 157   -0.0015455 -0.00240742 1.19254
16 158   0.0015455 -0.00241066 1.19267
16 159   -0.0015455 0.00241066 1.19264
16 160   0.000833174 0.00274206 1.18839
16 161   -0.000833174 -0.00274206 1.1883
16 162   -0.000833174 0.00274228 1.1884
16 163   0.000833174 -0.00274228 1.18844
16 164   -0.0189384 -0.00040042 1.33532
16 165   -0.0189384 0.000401153 1.33534
16 166   0.0189424 -0.000433754 1.33533
16 167   0.0189562 0.000350112 1.33585
16 168   -0.000574916 0.00355986 1.1821
16 169   0.000574916 0.00355986 1.18208
16 170   -0.000574916 -0.00355986 1.18203
16 171   0.000574916 -0.00355986 1.18218
16 172   -0.0196032 0.000958423 1.34554
16 173   -0.0196032 -0.00095835 1.34552
16 174   0.0172369 0.0021177 1.2956
16 175   -0.0172253 0.00212697 1.29535
16 176   -0.0172254 -0.00212334 1.29544
16 177   0.0172267 -0.00213037 1.29531
16 178   0.0196039 -0.000985083 1.34539
16 179   0.0181246 0.000825056 1.32025
16 180   -0.0181003 -0.000861292 1.31965
16 181   -0.0181003 0.000862817 1.31964
16 182   0.0181052 -0.000879217 1.3196
16 183   0.0196178 0.000806063 1.34699
16 184   0.0182988 0.00153844 1.31466
16 185   0.000258258 0.00179924 1.19387
16 186   0.000258258 -0.00179946 1.19387
16 187   -0.000258258 0.00179946 1.19387
16 188   -0.000258258 -0.00179924 1.19385
16 189   0.00151947 0.000799226 1.20078
16 190   -0.00151947 -0.000799226 1.20077
16 191   0.00151947 -0.000805241 1.20077
16 192   -0.00151947 0.000805241 1.20076
16 193   0.00131173 -0.00131975 1.19832
16 194   -0.00131173 0.00131975 1.1983
16 195   0.00131173 0.001316 1.19833
16 196   -0.00131173 -0.001316 1.1983
16 197   -0.0182453 -0.00155429 1.31372
16 198   -0.0182452 0.0015552 1.31368
16 199   0.0182472 -0.00156418 1.3136
16 200   0.019367 0.00151821 1.33421
16 201   0.0179942 0.00203292 1.30164
16 202   -0.0192814 -0.00165377 1.33031
16 203   -0.0192814 0.00165384 1.33028
16 204   0.0192824 -0.00166323 1.33019
16 205   -0.0179516 -0.00202581 1.30136
16 206   -0.0179516 0.00202684 1.30131
16 207   0.017953 -0.00203091 1.30127
16 208   0.0197493 0.00192077 1.3372
16 209   0.0188796 0.00177564 1.31967
16 210   -0.0183256 0.00378452 1.24615
16 211   0.0183256 -0.00378452 1.24619
16 212   0.000961123 0.00030446 1.19972
16 213   -0.000961123 -0.00030446 1.19971
16 214   0.000961123 -0.000307447 1.19973
16 215   -0.000961123 0.000307447 1.19972
16 216   -0.0193971 -0.00382065 1.22171
16 217   0.0193971 0.00382065 1.22166
16 218   -0.0198206 0.00339711 1.28149
16 219   0.0198206 -0.00339711 1.28156
16 220   0.0198333 0.00291421 1.31016
16 221   -0.0187616 -0.00178883 1.31734
16 222   -0.0187616 0.00178896 1.3173
16 223   0.0187629 -0.00179686 1.31721
16 224   -0.0192969 0.00388999 1.21616
16 225   0.0192969 -0.00388999 1.21622
16 226   -0.0183385 0.00244732 1.29567
16 227   -0.0183385 -0.00244709 1.29574
16 228   0.018339 -0.00244899 1.29567
16 229   0.0195338 0.00235597 1.32107
16 230   0.0197845 0.0035851 1.26189
16 231   -0.0197845 -0.00358753 1.26192
16 232   0.0183745 0.00245874 1.29592
16 233   -0.0198333 -0.00307256 1.30273
16 234   0.0189285 0.00223124 1.31058
16 235   0.0195326 -0.0036745 1.24227
16 236   -0.0195326 0.0036745 1.24221
16 237   -0.0187613 -0.0022341 1.3074
16 238   -0.0187613 0.00223416 1.30734
16 239   0.0187618 -0.00223674 1.30732
16 240   -0.0182895 0.00351497 1.25796
16 241   0.0182895 -0.00351497 1.258
16 242   0.0189635 -0.00372332 1.24098
16 243   -0.0189635 0.00372332 1.24093
16 244   -0.019515 -0.00360516 1.24625
16 245   0.0196052 -0.00351497 1.26215
16 246   -0.0196052 0.00351497 1.26208
16 247   0.019515 0.00360516 1.24616
16 248   0.000786641 -6.50232e-05 1.19949
16 249   -0.000786641 6.50232e-05 1.19948
16 250   0.000786641 6.25379e-05 1.19949
16 251   -0.000786641 -6.25379e-05 1.19948
16 252   0.00061298 -0.000424055 1.19876
16 253   -0.00061298 0.000424055 1.19875
16 254   0.00061298 0.000423554 1.19875
16 255   -0.00061298 -0.000423554 1.19875
16 256   0.0196052 0.00259866 1.31513
16 257   6.37806e-05 -0.000711163 1.19768
16 258   -6.37806e-05 -0.000711163 1.19768
16 259   6.37806e-05 0.000711163 1.19769
16 260   -6.37806e-05 0.000711163 1.19769
16 261   -0.0183222 -0.00280849 1.28467
16 262   -0.0183222 0.00280868 1.28458
16 263   0.0183224 -0.00280909 1.2846
16 264   0.0183259 0.00280843 1.28472
16 265   0.019654 0.00271651 1.31187
16 266   -0.018371 -0.00269064 1.28901
16 267   -0.018371 0.00269082 1.28892
16 268   0.0183712 -0.00269124 1.28894
16 269   0.0183747 0.00269058 1.28906
16 270   -0.0186319 -0.00242084 1.30008
16 271   -0.0186319 0.00242088 1.3
16 272   0.0186322 -0.00242213 1.30001
16 273   -0.019654 -0.00320013 1.28829
16 274   0.019654 0.0031977 1.2882
16 275   -0.0196052 -0.00331798 1.27833
16 276   0.0196052 0.00331555 1.2783
16 277   0.0188184 -0.00365398 1.24836
16 278   -0.0188184 0.00365398 1.24831
16 279   0.0187005 -0.00360516 1.25213
16 280   -0.0187005 0.00360516 1.25208
16 281   -0.019654 -0.00287244 1.30613
16 282   0.0186643 0.00243255 1.30027
16 283   -0.0190638 -0.00365398 1.24573
16 284   0.0190638 0.00365398 1.24573
16 285   0.0189362 0.00365398 1.246
16 286   -0.0189362 -0.00365398 1.24599
16 287   0.019654 -0.00306378 1.2972
16 288   -0.019654 0.00306378 1.29714
16 289   -0.019654 0.00293622 1.30371
16 290   0.019654 -0.00293622 1.30377
16 291   0.0187821 0.00238373 1.30361
16 292   0.0191464 0.00237288 1.31096
16 293   -0.0190754 -0.00237477 1.30944
16 294   -0.0190754 0.00237477 1.3094
16 295   0.0192642 0.0024217 1.31212
16 296   0.0190756 -0.00237611 1.3094
16 297   -0.0189478 -0.00237477 1.30684
16 298   -0.0189478 0.00237477 1.30678
16 299   0.018948 -0.00237611 1.30678
16 300   0.0191452 -0.00354397 1.25059
16 301   -0.0191452 0.00354397 1.25053
16 302   0.019263 -0.00349515 1.25457
16 303   -0.019263 0.00349515 1.25451
16 752   0.00589686 -0.00338572 1.21175
16 753   0.00502757 -0.00083762 1.24306
16 754   0.00398485 -0.00261396 1.20702
16 755   0.00365363 -0.00129442 1.21694
16 756   0.00755083 -0.000944353 1.31422
16 757   0.00622783 -0.00154288 1.2625
16 758   0.00676591 -0.00277144 1.24316
16 759   -0.00589686 0.00338572 1.21173
16 760   -0.00502756 0.000837614 1.24304
16 761   -0.00398485 0.00261396 1.207
16 762   -0.00365363 0.00129442 1.21693
16 763   -0.00755079 0.000944311 1.31421
16 764   -0.00622782 0.00154287 1.26249
16 765   -0.0067659 0.00277144 1.24314
16 839   0.00969375 -0.00169425 1.36337
16 840   0.0084445 -0.00160384 1.33015
16 841   0.00795958 -0.00281664 1.26462
16 842   0.00991781 -0.00290706 1.29379
16 843   0.00893761 -0.00343093 1.23782
16 844   -0.00969364 0.00169413 1.36336
16 845   -0.00844444 0.00160377 1.33014
16 846   -0.00795955 0.00281661 1.26461
16 847   -0.00991774 0.00290697 1.29379
16 848   -0.00893758 0.0034309 1.23781
16 853   0.00657245 0.0012689 1.27591
16 854   0.00502757 0.000495714 1.24495
16 855   0.00589686 0.00328095 1.21453
16 856   0.00711054 0.00270701 1.2518
16 857   0.00365363 0.00115903 1.21789
16 858   0.00398485 0.00250616 1.20872
16 859   -0.00657244 -0.00126891 1.2759
16 860   -0.00502756 -0.000495719 1.24494
16 861   -0.00589686 -0.00328095 1.21453
16 862   -0.00711053 -0.00270702 1.25178
16 863   -0.00365363 -0.00115904 1.21789
16 864   -0.00398485 -0.00250616 1.20871
16 898   0.00830311 0.00342606 1.23422
16 899   0.0090121 0.00342606 1.23384
16 903   0.0117957 0.00134027 1.38164
16 904   0.0127378 0.00135679 1.35945
16 905   0.0125932 0.00272323 1.31307
16 906   -0.0117952 -0.00134084 1.38162
16 907   -0.012737 -0.00135766 1.35942
16 908   -0.0125927 -0.00272381 1.31297
16 909   -0.00830311 -0.00342607 1.23417
16 910   -0.00901209 -0.00342607 1.23375
16 914   0.0107307 0.00302384 1.29432
16 915   0.0110674 0.00367461 1.24714
16 916   0.0114828 0.00238133 1.34001
16 917   0.0118196 0.0030321 1.30112
16 918   -0.0127305 0.00152058 1.35527
16 919   -0.0117798 0.00160795 1.37142
16 920   -0.0125862 0.0028211 1.30906
16 921   -0.0116356 0.00290846 1.30909
16 922   0.0127311 -0.00152135 1.35524
16 923   0.0117803 -0.00160847 1.3714
16 924   0.0125866 -0.00282158 1.30904
16 925   0.0116358 -0.0029087 1.30909
16 926   -0.0107306 -0.00302394 1.29436
16 927   -0.0110674 -0.00367465 1.24713
16 928   -0.0114825 -0.00238164 1.33996
16 929   -0.0118194 -0.00303235 1.30099
16 934   -0.011198 0.00347607 1.26782
16 935   -0.0105801 0.00347607 1.25406
16 939   0.0111981 -0.00347613 1.26782
16 940   0.0105802 -0.00347613 1.25406
16 1030   -0.0160148 0.00345952 1.26534
16 1033   -0.017133 0.0027682 1.28085
16 1034   -0.0166531 0.00322908 1.26911
16 1035   -0.0171272 0.00376956 1.25234
16 1036   -0.0178103 0.00350001 1.25921
16 1037   -0.0183222 0.00293624 1.28004
16 1038   -0.0178917 0.00303913 1.27475
16 1042   -0.0160149 -0.00345686 1.26536
16 1046   -0.0171272 -0.00376947 1.25231
16 1047   -0.0171331 -0.00276527 1.28091
16 1048   -0.0166532 -0.00322633 1.26913
16 1049   -0.0178103 -0.00349992 1.25917
16 1050   -0.0183222 -0.00293606 1.28014
16 1051   -0.0178917 -0.00303886 1.27476
16 1056   0.0160151 -0.00346008 1.26534
16 1059   0.0171336 -0.00276939 1.28084
16 1060   0.0166535 -0.00322985 1.2691
16 1061   0.0171273 -0.00376977 1.25235
16 1062   0.0178103 -0.00350022 1.25923
16 1063   0.0183224 -0.00293665 1.28006
16 1064   0.017892 -0.00303976 1.27476
16 1068   0.0160162 0.00345582 1.26539
16 1072   0.0171291 0.00376944 1.25231
16 1073   0.0171399 0.00276414 1.28095
16 1074   0.0166564 0.00322526 1.26916
16 1075   0.0178121 0.00349989 1.25918
16 1076   0.0183259 0.00293599 1.28018
16 1077   0.0178973 0.00303877 1.27479
16 1078   -0.0198206 -0.00261935 1.32154
16 1081   -0.0196052 -0.00256528 1.3165
16 1082   -0.019515 -0.00247508 1.31701
16 1083   -0.0194087 -0.00228835 1.31987
16 1084   -0.0196783 -0.00199993 1.33398
16 1094   -0.0198206 0.00271502 1.31845
16 1097   -0.0196052 0.00259717 1.31556
16 1098   -0.019515 0.00250697 1.31607
16 1099   -0.0196783 0.00203182 1.33323
16 1100   -0.0194087 0.00232024 1.319
16 1110   0.0198206 -0.00271639 1.31845
16 1113   0.0196052 -0.00259853 1.31556
16 1114   0.019515 -0.00250834 1.31607
16 1115   0.0196785 -0.00203726 1.33317
16 1116   0.0194089 -0.00232294 1.31897
16 1117   -0.0187169 -0.00382065 1.23894
16 1120   -0.018599 -0.00360516 1.252
16 1121   -0.018188 -0.00373045 1.24882
16 1122   -0.0185088 -0.00351497 1.25654
16 1123   0.0187169 0.00382065 1.23895
16 1126   0.0185991 0.00360516 1.25202
16 1127   0.0181881 0.00373045 1.24883
16 1128   0.0185089 0.00351497 1.25656
16 1129   0.000787461 -0.00107498 1.19761
16 1130   0.000647054 -0.000677076 1.1984
16 1131   0.000369686 -0.000588633 1.19814
16 1132   0.000251835 -0.000861298 1.19745
16 1133   0.000446312 -0.00122307 1.19656
16 1134   -0.000787461 0.00107498 1.19761
16 1135   -0.000647054 0.000677076 1.1984
16 1136   -0.000369686 0.000588633 1.19814
16 1137   -0.000251835 0.000861298 1.19745
16 1138   -0.000446312 0.00122307 1.19655
16 1139   -0.000647054 -0.000676466 1.19839
16 1140   -0.000787461 -0.00107415 1.19759
16 1141   -0.000369686 -0.000588525 1.19813
16 1142   -0.000446312 -0.00122275 1.19654
16 1143   -0.000251835 -0.00086119 1.19744
16 1144   0.000647054 0.000676466 1.1984
16 1145   0.000787461 0.00107415 1.19761
16 1146   0.000369686 0.000588525 1.19814
16 1147   0.000446312 0.00122275 1.19656
16 1148   0.000251835 0.00086119 1.19745
39 320   -0.0191816 0.00272817 1.29935
39 321   -0.0187282 0.00318163 1.27265
39 322   -0.0186794 0.00293622 1.28304
39 323   -0.0193206 0.00306378 1.28693
39 324   -0.0192718 0.00318163 1.27853
39 325   -0.0187282 0.00281837 1.28817
39 326   -0.0186794 0.00306378 1.27761
39 327   -0.0189362 0.00267935 1.29641
39 328   -0.0190638 0.00267935 1.2988
39 329   -0.0193206 0.00293622 1.29364
39 330   -0.0192718 0.00281837 1.29772
39 331   -0.0189362 0.00332065 1.26611
39 332   -0.0190638 0.00332065 1.26655
39 333   -0.0188184 0.00272817 1.29269
39 334   -0.0191816 0.00327183 1.27098
39 335   -0.0188184 0.00327183 1.26849
45 82   -0.0191816 -0.00327183 1.27204
45 83   -0.0187282 -0.00281837 1.28835
45 84   -0.0186794 -0.00306378 1.27785
45 85   -0.0193206 -0.00293622 1.2936
45 86   -0.0192718 -0.00281837 1.29778
45 87   -0.0187282 -0.00318163 1.27291
45 88   -0.0190638 -0.00267935 1.29892
45 89   -0.0189362 -0.00267935 1.29655
45 90   -0.0186794 -0.00293622 1.28325
45 91   -0.0193206 -0.00306378 1.28706
45 92   -0.0192718 -0.00318163 1.2789
45 93   -0.0189362 -0.00332065 1.26716
45 94   -0.0190638 -0.00332065 1.26804
45 95   -0.0188184 -0.00327183 1.26907
45 96   -0.0188184 -0.00272817 1.29285
45 97   -0.0191816 -0.00272817 1.29945
51 98   0.0188184 0.00272817 1.29285
51 99   0.0192718 0.00318163 1.27902
51 100   0.0186794 0.00306378 1.27789
51 101   0.0193206 0.00293622 1.29382
51 102   0.0192718 0.00281837 1.29781
51 103   0.0187282 0.00318163 1.27295
51 104   0.0190638 0.00267935 1.29893
51 105   0.0189362 0.00267935 1.29653
51 106   0.0186794 0.00293622 1.28328
51 107   0.0193206 0.00306378 1.28747
51 108   0.0187282 0.00281837 1.28838
51 109   0.0189362 0.00332065 1.26721
51 110   0.0190638 0.00332065 1.2681
51 111   0.0188184 0.00327183 1.26911
51 112   0.0191816 0.00327183 1.27211
51 113   0.0191816 0.00272817 1.29949
57 304   0.0188184 -0.00327183 1.26854
57 305   0.0192718 -0.00281837 1.29776
57 306   0.0193206 -0.00306378 1.28699
57 307   0.0186794 -0.00293622 1.28308
57 308   0.0192718 -0.00318163 1.27858
57 309   0.0187282 -0.00281837 1.28821
57 310   0.0193206 -0.00293622 1.29369
57 311   0.0186794 -0.00306378 1.27766
57 312   0.0190638 -0.00267935 1.29884
57 313   0.0189362 -0.00267935 1.29645
57 314   0.0187282 -0.00318163 1.2727
57 315   0.0190638 -0.00332065 1.2666
57 316   0.0189362 -0.00332065 1.26616
57 317   0.0191816 -0.00272817 1.29939
57 318   0.0188184 -0.00272817 1.29273
57 319   0.0191816 -0.00327183 1.27104
33 545   0.000320647 -6.37806e-05 1.19862
33 546   -6.37806e-05 -0.000320647 1.19829
33 547   6.37806e-05 -0.000320647 1.1983
33 548   6.37806e-05 0.000320647 1.1983
33 549   -0.000320647 6.37806e-05 1.19862
33 550   -0.000271831 0.000181632 1.19852
33 551   -0.000271831 -0.000181632 1.19852
33 552   0.000320647 6.37806e-05 1.19862
33 553   0.000271831 0.000181632 1.19852
33 554   0.000181632 0.000271831 1.19839
33 555   -0.000181632 0.000271831 1.19838
33 556   -6.37806e-05 0.000320647 1.1983
33 557   -0.000320647 -6.37806e-05 1.19862
33 558   0.000271831 -0.000181632 1.19852
33 559   0.000181632 -0.000271831 1.19838
33 560   -0.000181632 -0.000271831 1.19838
end
