SolidID  6   150 
h 167   -741443  0.999939  0.251356  1  0  0.0283319
h 168   -741441  0.999939  0.251346  1  0  0.0283338
h 169   -743401  0.999939  0.264969  1  0  0.0258709
h 170   -743400  0.999939  0.264961  1  0  0.0258724
h 171   -683652  0.999939  -0.0193695  1  0  0.100949
h 172   -683669  0.999939  -0.0193179  1  0  0.100928
h 173   -190309  0.999939  -0.812796  1  0  0.720866
h 174   -190248  0.999939  -0.812878  1  0  0.720941
h 175   -190914  0.999939  -0.811966  1  0  0.720105
h 176   -190712  0.999939  -0.812243  1  0  0.720359
h 177   -629630  0.999939  -0.154906  1  0  0.168831
h 178   -629602  0.999939  -0.154965  1  0  0.168867
h 179   -340848  0.999939  -0.606438  1  0  0.531703
h 180   -340800  0.999939  -0.606505  1  0  0.531765
h 181   -339364  0.999939  -0.608473  1  0  0.533568
h 182   -339035  0.999939  -0.608923  1  0  0.533982
h 183   -606786  0.999939  -0.198657  1  0  0.197536
h 184   -606527  0.999939  -0.199112  1  0  0.197862
h 185   -12871.8  0.999939  -1.049  1  0  0.943826
h 186   -12825.7  0.999939  -1.04906  1  0  0.943884
h 187   -13771.1  0.999939  -1.04781  1  0  0.942696
h 188   -12784.7  0.999939  -1.04911  1  0  0.943935
h 189   -0  0.999939  -1.23135  1  0  0.96
h 190   -0  0.999939  -1.23136  1  0  0.96
h 191   -0  0.999939  -1.22949  1  0  0.96
h 192   -0  0.999939  -1.2314  1  0  0.96
h 193   -0  0.999939  -1.10396  1  0  0.96
h 194   -0  0.999939  -1.10404  1  0  0.96
h 195   -0  0.999939  -1.10365  1  0  0.96
h 196   -0  0.999939  -1.10402  1  0  0.96
h 197   -0  0.999939  -1.31225  1  0  0.96
h 198   -0  0.999939  -1.31225  1  0  0.96
h 199   -0  0.999939  -1.31492  1  0  0.96
h 200   -0  0.999939  -1.31188  1  0  0.96
h 201   -0  0.999939  -1.25741  1  0  0.96
h 202   -0  0.999939  -1.25741  1  0  0.96
h 203   -0  0.999939  -1.25846  1  0  0.96
h 204   -0  0.999939  -1.2572  1  0  0.96
h 205   -0  0.999939  -1.2938  1  0  0.96
h 206   -0  0.999939  -1.29381  1  0  0.96
h 207   -0  0.999939  -1.29405  1  0  0.96
h 208   -0  0.999939  -1.29479  1  0  0.96
h 209   -0  0.999939  -1.18211  1  0  0.96
h 210   -0  0.999939  -1.18211  1  0  0.96
h 211   -0  0.999939  -1.18206  1  0  0.96
h 212   -0  0.999939  -1.18208  1  0  0.96
h 213   -0  0.999939  -1.22398  1  0  0.96
h 214   -0  0.999939  -1.22397  1  0  0.96
h 215   -0  0.999939  -1.22449  1  0  0.96
h 216   -0  0.999939  -1.22392  1  0  0.96
h 217   -0  0.999939  -1.20097  1  0  0.96
h 218   -0  0.999939  -1.20093  1  0  0.96
h 219   -0  0.999939  -1.20093  1  0  0.96
h 220   -0  0.999939  -1.20103  1  0  0.96
h 221   -0  0.999939  -1.26234  1  0  0.96
h 222   -0  0.999939  -1.26293  1  0  0.96
h 223   -0  0.999939  -1.26217  1  0  0.96
h 224   -0  0.999939  -1.26218  1  0  0.96
h 225   -0  0.999939  -1.24348  1  0  0.96
h 226   -0  0.999939  -1.2435  1  0  0.96
h 227   -0  0.999939  -1.24351  1  0  0.96
h 228   -0  0.999939  -1.24415  1  0  0.96
h 229   -0  0.999939  -1.22344  1  0  0.96
h 230   -0  0.999939  -1.2235  1  0  0.96
h 231   -0  0.999939  -1.22365  1  0  0.96
h 232   -0  0.999939  -1.22345  1  0  0.96
h 233   -0  0.999939  -1.23413  1  0  0.96
h 234   -0  0.999939  -1.23383  1  0  0.96
h 235   -0  0.999939  -1.23378  1  0  0.96
h 236   -0  0.999939  -1.23381  1  0  0.96
h 237   -0  0.999939  -1.25461  1  0  0.96
h 238   -0  0.999939  -1.25475  1  0  0.96
h 239   -0  0.999939  -1.25433  1  0  0.96
h 240   -0  0.999939  -1.25434  1  0  0.96
h 241   -0  0.999939  -1.22877  1  0  0.96
h 242   -0  0.999939  -1.22869  1  0  0.96
h 243   -0  0.999939  -1.2287  1  0  0.96
h 244   -0  0.999939  -1.22883  1  0  0.96
h 245   -0  0.999939  -1.24505  1  0  0.96
h 246   -0  0.999939  -1.24492  1  0  0.96
h 247   -0  0.999939  -1.24476  1  0  0.96
h 248   -0  0.999939  -1.24478  1  0  0.96
h 249   -0  0.999939  -1.23966  1  0  0.96
h 250   -0  0.999939  -1.23985  1  0  0.96
h 251   -0  0.999939  -1.23957  1  0  0.96
h 252   -0  0.999939  -1.2396  1  0  0.96
h 253   -0  0.999939  -1.23445  1  0  0.96
h 254   -0  0.999939  -1.23456  1  0  0.96
h 255   -0  0.999939  -1.23442  1  0  0.96
h 256   -0  0.999939  -1.23448  1  0  0.96
h 257   -0  0.999939  -1.23699  1  0  0.96
h 258   -0  0.999939  -1.2371  1  0  0.96
h 259   -0  0.999939  -1.23693  1  0  0.96
h 260   -0  0.999939  -1.23697  1  0  0.96
h 261   -0  0.999939  -1.24236  1  0  0.96
h 262   -0  0.999939  -1.2424  1  0  0.96
h 263   -0  0.999939  -1.24222  1  0  0.96
h 264   -0  0.999939  -1.24222  1  0  0.96
h 265   -0  0.999939  -1.23597  1  0  0.96
h 266   -0  0.999939  -1.23602  1  0  0.96
h 267   -0  0.999939  -1.23598  1  0  0.96
h 268   -0  0.999939  -1.23604  1  0  0.96
h 269   -0  0.999939  -1.23964  1  0  0.96
h 270   -0  0.999939  -1.2396  1  0  0.96
h 271   -0  0.999939  -1.23951  1  0  0.96
h 272   -0  0.999939  -1.23952  1  0  0.96
h 273   -0  0.999939  -1.23838  1  0  0.96
h 274   -0  0.999939  -1.23844  1  0  0.96
h 275   -0  0.999939  -1.23832  1  0  0.96
h 276   -0  0.999939  -1.23834  1  0  0.96
h 277   -0  0.999939  -1.23889  1  0  0.96
h 278   -0  0.999939  -1.23889  1  0  0.96
h 279   -0  0.999939  -1.23882  1  0  0.96
h 280   -0  0.999939  -1.23882  1  0  0.96
h 281   -0  0.999939  -1.23774  1  0  0.96
h 282   -0  0.999939  -1.23778  1  0  0.96
h 283   -0  0.999939  -1.2377  1  0  0.96
h 284   -0  0.999939  -1.23773  1  0  0.96
h 285   -0  0.999939  -1.2373  1  0  0.96
h 286   -0  0.999939  -1.23734  1  0  0.96
h 287   -0  0.999939  -1.23728  1  0  0.96
h 288   -0  0.999939  -1.23731  1  0  0.96
h 289   -0  0.999939  -1.23799  1  0  0.96
h 290   -0  0.999939  -1.23801  1  0  0.96
h 291   -0  0.999939  -1.23796  1  0  0.96
h 292   -0  0.999939  -1.23798  1  0  0.96
h 293   -0  0.999939  -1.23825  1  0  0.96
h 294   -0  0.999939  -1.23825  1  0  0.96
h 295   -0  0.999939  -1.23821  1  0  0.96
h 296   -0  0.999939  -1.23821  1  0  0.96
h 297   -0  0.999939  -1.23766  1  0  0.96
h 298   -0  0.999939  -1.23769  1  0  0.96
h 299   -0  0.999939  -1.23767  1  0  0.96
h 300   -0  0.999939  -1.2377  1  0  0.96
h 301   -0  0.999939  -1.23808  1  0  0.96
h 302   -0  0.999939  -1.2381  1  0  0.96
h 303   -0  0.999939  -1.23805  1  0  0.96
h 304   -0  0.999939  -1.23806  1  0  0.96
h 305   -0  0.999939  -1.23774  1  0  0.96
h 306   -0  0.999939  -1.23776  1  0  0.96
h 307   -0  0.999939  -1.23774  1  0  0.96
h 308   -0  0.999939  -1.23775  1  0  0.96
h 309   -0  0.999939  -1.23789  1  0  0.96
h 310   -0  0.999939  -1.2379  1  0  0.96
h 311   -0  0.999939  -1.23787  1  0  0.96
h 312   -0  0.999939  -1.23789  1  0  0.96
h 313   -0  0.999939  -1.23812  1  0  0.96
h 314   -0  0.999939  -1.23813  1  0  0.96
h 315   -0  0.999939  -1.2381  1  0  0.96
h 316   -0  0.999939  -1.2381  1  0  0.96
SolidID  18   16 
h 329   -0  0.999939  -1.23794  1  0  0.96
h 330   -0  0.999939  -1.23799  1  0  0.96
h 331   -0  0.999939  -1.238  1  0  0.96
h 332   -0  0.999939  -1.23793  1  0  0.96
h 333   -0  0.999939  -1.23798  1  0  0.96
h 334   -0  0.999939  -1.23795  1  0  0.96
h 335   -0  0.999939  -1.23795  1  0  0.96
h 336   -0  0.999939  -1.23796  1  0  0.96
h 337   -0  0.999939  -1.23793  1  0  0.96
h 338   -0  0.999939  -1.23794  1  0  0.96
h 339   -0  0.999939  -1.23797  1  0  0.96
h 340   -0  0.999939  -1.23798  1  0  0.96
h 341   -0  0.999939  -1.23793  1  0  0.96
h 342   -0  0.999939  -1.23796  1  0  0.96
h 343   -0  0.999939  -1.23798  1  0  0.96
h 344   -0  0.999939  -1.23798  1  0  0.96
E_DATA
B_MESH_DATA
Dim 2 
NumPts 95 
NumElems 166 
1   -0.0128101   -0.004    0
2   -0.02   -0.004    0
3   -0.0136091   0.004    0
4   0.0128101   -0.004    0
5   0.0136091   0.004    0
6   0.02   -0.004    0
7   -0.02   0.004    0
8   0.02   0.004    0
9   0.00942406   -6.37141e-06    0
10   -0.00942406   -6.37141e-06    0
11   0.00560514   -5.59275e-06    0
12   0.00697882   0.004    0
13   -0.00697882   0.004    0
14   -0.00560514   -5.59275e-06    0
15   0.00697725   -0.004    0
16   -0.00697725   -0.004    0
17   0.01   0.004    0
18   -0.01   0.004    0
19   -0.01   -0.004    0
20   0.01   -0.004    0
21   0.00364386   0.00192134    0
22   -0.00364386   0.00192134    0
23   0.00364352   -0.00192619    0
24   -0.00364352   -0.00192619    0
25   0.00290199   0.004    0
26   -0.00290199   0.004    0
27   0.00290164   -0.004    0
28   -0.00290164   -0.004    0
29   0.00302341   -2.96121e-06    0
30   -0.00302341   -2.96121e-06    0
31   0   0.004    0
32   -0.00152947   0.00241274    0
33   0.00152947   0.00241274    0
34   0   -0.004    0
35   0.00152935   -0.00241408    0
36   -0.00152935   -0.00241408    0
37   0   0.00210236    0
38   0   -0.00210285    0
39   0.00190054   0.0010428    0
40   -0.00190054   0.0010428    0
41   0.00190047   -0.00104522    0
42   -0.00190047   -0.00104522    0
43   0.00156721   -8.94194e-07    0
44   -0.00156721   -8.94194e-07    0
45   -0.000786938   -0.00131752    0
46   0.000786938   -0.00131752    0
47   -0.000786961   0.00131689    0
48   0.000786961   0.00131689    0
49   -0.000964539   0.000549062    0
50   0.000964539   0.000549062    0
51   0.000964528   -0.000549695    0
52   -0.000964528   -0.000549695    0
53   0   -0.00109833    0
54   0   0.00109813    0
55   0.000772759   -1.7327e-07    0
56   -0.000772759   -1.7327e-07    0
57   0.000389577   -0.000669621    0
58   -0.000389577   -0.000669621    0
59   -0.00038958   0.000669472    0
60   0.00038958   0.000669472    0
61   -0.000459983   -0.00026893    0
62   0.000459983   -0.00026893    0
63   -0.000459984   0.000268825    0
64   0.000459984   0.000268825    0
65   0   -0.000532137    0
66   0   0.000532096    0
67   -0.000297084   -1.73918e-08    0
68   0.000297084   -1.73918e-08    0
69   0.000165378   -0.000281348    0
70   -0.000165378   -0.000281348    0
71   -0.000165378   0.000281329    0
72   0.000165378   0.000281329    0
73   0   -0.000227732    0
74   0   0.000227727    0
75   -0.000214778   -0.000130461    0
76   0.000214778   -0.000130461    0
77   -0.000214778   0.000130448    0
78   0.000214778   0.000130448    0
79   -7.07107e-05   -7.07107e-05    0
80   7.07107e-05   -7.07107e-05    0
81   -7.07107e-05   7.07107e-05    0
82   7.07107e-05   7.07107e-05    0
83   -3.82683e-05   -9.2388e-05    0
84   3.82683e-05   -9.2388e-05    0
85   -3.82683e-05   9.2388e-05    0
86   3.82683e-05   9.2388e-05    0
87   -9.2388e-05   3.82683e-05    0
88   9.2388e-05   3.82683e-05    0
89   -9.2388e-05   -3.82683e-05    0
90   9.2388e-05   -3.82683e-05    0
91   -0.0001   0    0
92   0.0001   0    0
93   0   -0.0001    0
94   0   0.0001    0
95   0   0    0
167  6  1  2  3 
168  6  4  5  6 
169  6  7  3  2 
170  6  8  6  5 
171  6  4  9  5 
172  6  1  3  10 
173  6  9  11  12 
174  6  10  13  14 
175  6  9  15  11 
176  6  10  14  16 
177  6  17  5  9 
178  6  18  10  3 
179  6  17  9  12 
180  6  18  13  10 
181  6  19  10  16 
182  6  20  15  9 
183  6  19  1  10 
184  6  20  9  4 
185  6  21  12  11 
186  6  22  14  13 
187  6  23  11  15 
188  6  24  16  14 
189  6  21  25  12 
190  6  22  13  26 
191  6  23  15  27 
192  6  24  28  16 
193  6  11  29  21 
194  6  14  22  30 
195  6  11  23  29 
196  6  14  30  24 
197  6  26  31  32 
198  6  25  33  31 
199  6  27  34  35 
200  6  28  36  34 
201  6  25  21  33 
202  6  26  32  22 
203  6  27  35  23 
204  6  28  24  36 
205  6  37  32  31 
206  6  37  31  33 
207  6  38  34  36 
208  6  38  35  34 
209  6  39  21  29 
210  6  40  30  22 
211  6  41  29  23 
212  6  42  24  30 
213  6  39  33  21 
214  6  40  22  32 
215  6  41  23  35 
216  6  42  36  24 
217  6  29  43  39 
218  6  30  40  44 
219  6  30  44  42 
220  6  29  41  43 
221  6  36  45  38 
222  6  35  38  46 
223  6  32  37  47 
224  6  33  48  37 
225  6  32  47  40 
226  6  33  39  48 
227  6  36  42  45 
228  6  35  46  41 
229  6  49  44  40 
230  6  50  39  43 
231  6  51  43  41 
232  6  52  42  44 
233  6  51  41  46 
234  6  52  45  42 
235  6  49  40  47 
236  6  50  48  39 
237  6  53  38  45 
238  6  53  46  38 
239  6  54  47  37 
240  6  54  37  48 
241  6  43  55  50 
242  6  44  49  56 
243  6  44  56  52 
244  6  43  51  55 
245  6  46  53  57 
246  6  45  58  53 
247  6  47  54  59 
248  6  48  60  54 
249  6  45  52  58 
250  6  46  57  51 
251  6  47  59  49 
252  6  48  50  60 
253  6  61  52  56 
254  6  62  55  51 
255  6  63  56  49 
256  6  64  50  55 
257  6  61  58  52 
258  6  62  51  57 
259  6  63  49  59 
260  6  64  60  50 
261  6  65  53  58 
262  6  65  57  53 
263  6  66  59  54 
264  6  66  54  60 
265  6  56  63  67 
266  6  55  68  64 
267  6  56  67  61 
268  6  55  62  68 
269  6  57  65  69 
270  6  58  70  65 
271  6  59  66  71 
272  6  60  72  66 
273  6  58  61  70 
274  6  57  69  62 
275  6  59  71  63 
276  6  60  64  72 
277  6  73  65  70 
278  6  73  69  65 
279  6  74  71  66 
280  6  74  66  72 
281  6  75  70  61 
282  6  76  62  69 
283  6  77  63  71 
284  6  78  72  64 
285  6  75  61  67 
286  6  76  68  62 
287  6  77  67  63 
288  6  78  64  68 
289  6  79  70  75 
290  6  80  76  69 
291  6  81  77  71 
292  6  82  72  78 
293  6  70  83  73 
294  6  69  73  84 
295  6  71  74  85 
296  6  72  86  74 
297  6  87  67  77 
298  6  88  78  68 
299  6  89  75  67 
300  6  90  68  76 
301  6  79  83  70 
302  6  80  69  84 
303  6  81  71  85 
304  6  82  86  72 
305  6  89  67  91 
306  6  90  92  68 
307  6  87  91  67 
308  6  88  68  92 
309  6  79  75  89 
310  6  90  76  80 
311  6  87  77  81 
312  6  82  78  88 
313  6  93  73  83 
314  6  93  84  73 
315  6  94  85  74 
316  6  94  74  86 
329  18  90  95  92 
330  18  93  83  95 
331  18  93  95  84 
332  18  87  95  91 
333  18  94  86  95 
334  18  82  88  95 
335  18  79  89  95 
336  18  81  85  95 
337  18  88  92  95 
338  18  87  81  95 
339  18  82  95  86 
340  18  94  95  85 
341  18  89  91  95 
342  18  90  80  95 
343  18  80  84  95 
344  18  79  95  83 
E_MESH_DATA
