SolidID  2745   14 
h 320   -195350  1.09419  -0.708137  0.921461  0.388471  0.831394
h 321   -195555  1.09419  -0.707778  0.921461  0.388471  0.831112
h 322   -195697  1.09419  -0.70753  0.921461  0.388471  0.830917
h 323   -196424  1.09419  -0.706259  0.921461  0.388471  0.829918
h 324   -196422  1.09419  -0.706262  0.921461  0.388471  0.829921
h 325   -195470  1.09419  -0.707927  0.921461  0.388471  0.831229
h 326   -194694  1.09419  -0.709285  0.921461  0.388471  0.832296
h 327   -197290  1.09419  -0.704743  0.921461  0.388471  0.828727
h 328   -197787  1.09419  -0.703873  0.921461  0.388471  0.828044
h 329   -194027  1.09419  -0.710453  0.921461  0.388471  0.833214
h 330   -197747  1.09419  -0.703942  0.921461  0.388471  0.828098
h 331   -194379  1.09419  -0.709836  0.921461  0.388471  0.832729
h 332   -196891  1.09419  -0.70544  0.921461  0.388471  0.829275
h 333   -194766  1.09419  -0.70916  0.921461  0.388471  0.832198
SolidID  2373   318 
h 318   -191339  1.09419  -0.715157  0.921461  0.388471  0.83691
h 319   -191261  1.09419  -0.715294  0.921461  0.388471  0.837017
h 335   -198694  1.09419  -0.702285  0.921461  0.388471  0.826796
h 339   -203354  1.09419  -0.694131  0.921461  0.388471  0.820389
h 347   -456142  1.09419  -0.251752  0.921461  0.388471  0.472806
h 348   -185906  1.09419  -0.724664  0.921461  0.388471  0.84438
h 349   -186067  1.09419  -0.724383  0.921461  0.388471  0.844159
h 652   -229485  1.09419  -0.648401  0.921461  0.388471  0.784459
h 653   -197495  1.09419  -0.704383  0.921461  0.388471  0.828445
h 654   -197993  1.09419  -0.703513  0.921461  0.388471  0.827761
h 655   -203077  1.09419  -0.694616  0.921461  0.388471  0.82077
h 659   -314570  1.09419  -0.499502  0.921461  0.388471  0.667466
h 698   -193371  1.09419  -0.711601  0.921461  0.388471  0.834116
h 699   -191122  1.09419  -0.715536  0.921461  0.388471  0.837208
h 702   -708717  1.09419  0.197305  0.921461  0.388471  0.125515
h 703   -234683  1.09419  -0.639305  0.921461  0.388471  0.777312
h 704   -297196  1.09419  -0.529907  0.921461  0.388471  0.691356
h 705   -379873  1.09419  -0.385223  0.921461  0.388471  0.577676
h 706   -297058  1.09419  -0.530148  0.921461  0.388471  0.691546
h 720   -190538  1.09419  -0.716558  0.921461  0.388471  0.838011
h 721   -191865  1.09419  -0.714237  0.921461  0.388471  0.836187
h 734   -196837  1.09419  -0.705535  0.921461  0.388471  0.829349
h 735   -196080  1.09419  -0.706859  0.921461  0.388471  0.83039
h 736   -195681  1.09419  -0.707558  0.921461  0.388471  0.830939
h 737   -193983  1.09419  -0.71053  0.921461  0.388471  0.833274
h 738   -284839  1.09419  -0.551532  0.921461  0.388471  0.708347
h 739   -238284  1.09419  -0.633003  0.921461  0.388471  0.77236
h 740   -230440  1.09419  -0.646731  0.921461  0.388471  0.783146
h 763   -185728  1.09419  -0.724976  0.921461  0.388471  0.844625
h 764   -187771  1.09419  -0.721401  0.921461  0.388471  0.841816
h 765   -186990  1.09419  -0.722768  0.921461  0.388471  0.84289
h 766   -187975  1.09419  -0.721043  0.921461  0.388471  0.841535
h 767   -188833  1.09419  -0.719543  0.921461  0.388471  0.840356
h 768   -187083  1.09419  -0.722605  0.921461  0.388471  0.842761
h 769   -188234  1.09419  -0.720591  0.921461  0.388471  0.84118
h 774   -191239  1.09419  -0.715332  0.921461  0.388471  0.837047
h 775   -192580  1.09419  -0.712986  0.921461  0.388471  0.835204
h 776   -195343  1.09419  -0.70815  0.921461  0.388471  0.831404
h 777   -189366  1.09419  -0.71861  0.921461  0.388471  0.839623
h 799   -147013  1.09419  -0.792727  0.921461  0.388471  0.897857
h 800   -106338  1.09419  -0.863909  0.921461  0.388471  0.953786
h 806   -162925  1.09419  -0.764882  0.921461  0.388471  0.875979
h 810   -800000  1.09419  0.518517  0.921461  0.388471  2.44249e-15
h 811   -800000  1.09419  0.605557  0.921461  0.388471  2.22045e-15
h 831   -750971  1.09419  0.281315  0.921461  0.388471  0.0674152
h 832   -782314  1.09419  0.353235  0.921461  0.388471  0.0243191
h 833   -769584  1.09419  0.32213  0.921461  0.388471  0.0418231
h 849   -185437  1.09419  -0.725485  0.921461  0.388471  0.845024
h 850   -210514  1.09419  -0.6816  0.921461  0.388471  0.810544
h 851   -282006  1.09419  -0.556489  0.921461  0.388471  0.712242
h 852   -232300  1.09419  -0.643474  0.921461  0.388471  0.780588
h 853   -284221  1.09419  -0.552614  0.921461  0.388471  0.709197
h 854   -275763  1.09419  -0.567415  0.921461  0.388471  0.720827
h 855   -396622  1.09419  -0.355911  0.921461  0.388471  0.554645
h 856   -315660  1.09419  -0.497594  0.921461  0.388471  0.665968
h 867   -258257  1.09419  -0.598051  0.921461  0.388471  0.744898
h 869   -196040  1.09419  -0.706929  0.921461  0.388471  0.830445
h 870   -195230  1.09419  -0.708347  0.921461  0.388471  0.831559
h 871   -194925  1.09419  -0.708881  0.921461  0.388471  0.831978
h 872   -194485  1.09419  -0.709651  0.921461  0.388471  0.832583
h 873   -191243  1.09419  -0.715324  0.921461  0.388471  0.837041
h 875   -212281  1.09419  -0.678509  0.921461  0.388471  0.808115
h 876   -203424  1.09419  -0.694007  0.921461  0.388471  0.820292
h 877   -196044  1.09419  -0.706924  0.921461  0.388471  0.830441
h 878   -199922  1.09419  -0.700136  0.921461  0.388471  0.825108
h 889   -0  1.09419  -1.10912  0.921461  0.388471  1.1
h 890   -0  1.09419  -1.05219  0.921461  0.388471  1.1
h 910   -490420  1.09419  -0.191765  0.921461  0.388471  0.425673
h 911   -732242  1.09419  0.24345  0.921461  0.388471  0.0931683
h 912   -613290  1.09419  0.0232847  0.921461  0.388471  0.256727
h 913   -767012  1.09419  0.316292  0.921461  0.388471  0.0453593
h 914   -663157  1.09419  0.112345  0.921461  0.388471  0.188159
h 915   -288818  1.09419  -0.544569  0.921461  0.388471  0.702876
h 916   -480430  1.09419  -0.209248  0.921461  0.388471  0.43941
h 917   -375903  1.09419  -0.392169  0.921461  0.388471  0.583133
h 918   -380997  1.09419  -0.383255  0.921461  0.388471  0.57613
h 919   -314906  1.09419  -0.498914  0.921461  0.388471  0.667004
h 920   -314403  1.09419  -0.499794  0.921461  0.388471  0.667696
h 979   -185206  1.09419  -0.725889  0.921461  0.388471  0.845342
h 980   -185355  1.09419  -0.725628  0.921461  0.388471  0.845137
h 1006   -186739  1.09419  -0.723207  0.921461  0.388471  0.843235
h 1031   -185463  1.09419  -0.72544  0.921461  0.388471  0.844989
h 1032   -185603  1.09419  -0.725195  0.921461  0.388471  0.844797
h 1033   -185555  1.09419  -0.725279  0.921461  0.388471  0.844863
h 1046   -186677  1.09419  -0.723315  0.921461  0.388471  0.84332
h 1047   -189424  1.09419  -0.718509  0.921461  0.388471  0.839543
h 1048   -186549  1.09419  -0.723538  0.921461  0.388471  0.843495
h 1073   -800000  1.09419  0.91715  0.921461  0.388471  6.66134e-16
h 1074   -800000  1.09419  0.75847  0.921461  0.388471  1.33227e-15
h 1080   -799452  1.09419  0.413109  0.921461  0.388471  0.000754448
h 1081   -800000  1.09419  0.534928  0.921461  0.388471  2.44249e-15
h 1082   -799498  1.09419  0.413586  0.921461  0.388471  0.000690626
h 1091   -800000  1.09419  0.582097  0.921461  0.388471  2.22045e-15
h 1092   -800000  1.09419  0.492559  0.921461  0.388471  2.66454e-15
h 1100   -347462  1.09419  -0.441942  0.921461  0.388471  0.622241
h 1103   -194608  1.09419  -0.709435  0.921461  0.388471  0.832414
h 1104   -195067  1.09419  -0.708633  0.921461  0.388471  0.831784
h 1107   -190535  1.09419  -0.716565  0.921461  0.388471  0.838016
h 1108   -191944  1.09419  -0.714098  0.921461  0.388471  0.836078
h 1109   -225181  1.09419  -0.655934  0.921461  0.388471  0.790377
h 1118   -194141  1.09419  -0.710253  0.921461  0.388471  0.833056
h 1119   -193790  1.09419  -0.710867  0.921461  0.388471  0.833539
h 1122   -206792  1.09419  -0.688114  0.921461  0.388471  0.815662
h 1123   -210214  1.09419  -0.682125  0.921461  0.388471  0.810956
h 1124   -203763  1.09419  -0.693414  0.921461  0.388471  0.819826
h 1125   -196663  1.09419  -0.70584  0.921461  0.388471  0.829589
h 1126   -199714  1.09419  -0.7005  0.921461  0.388471  0.825393
h 1136   -684173  1.09419  0.150976  0.921461  0.388471  0.159263
h 1137   -742263  1.09419  0.263848  0.921461  0.388471  0.0793889
h 1138   -548999  1.09419  -0.089251  0.921461  0.388471  0.345126
h 1139   -562494  1.09419  -0.065636  0.921461  0.388471  0.326572
h 1143   -368339  1.09419  -0.405407  0.921461  0.388471  0.593535
h 1144   -328412  1.09419  -0.475278  0.921461  0.388471  0.648433
h 1147   -487023  1.09419  -0.197709  0.921461  0.388471  0.430343
h 1148   -406091  1.09419  -0.33934  0.921461  0.388471  0.541625
h 1149   -396706  1.09419  -0.355764  0.921461  0.388471  0.554529
h 1153   -287274  1.09419  -0.54727  0.921461  0.388471  0.704999
h 1158   -500302  1.09419  -0.174472  0.921461  0.388471  0.412085
h 1159   -439425  1.09419  -0.281006  0.921461  0.388471  0.495791
h 1208   -185243  1.09419  -0.725825  0.921461  0.388471  0.845292
h 1209   -185769  1.09419  -0.724904  0.921461  0.388471  0.844568
h 1210   -185596  1.09419  -0.725207  0.921461  0.388471  0.844806
h 1221   -186658  1.09419  -0.723348  0.921461  0.388471  0.843346
h 1222   -185887  1.09419  -0.724698  0.921461  0.388471  0.844406
h 1223   -508271  1.09419  -0.160525  0.921461  0.388471  0.401128
h 1224   -502334  1.09419  -0.170916  0.921461  0.388471  0.409292
h 1225   -549299  1.09419  -0.0887276  0.921461  0.388471  0.344715
h 1227   -800000  1.09419  0.52092  0.921461  0.388471  2.44249e-15
h 1228   -800000  1.09419  0.693229  0.921461  0.388471  1.77636e-15
h 1254   -800000  1.09419  0.773483  0.921461  0.388471  1.33227e-15
h 1255   -800000  1.09419  0.967037  0.921461  0.388471  6.66134e-16
h 1298   -193959  1.09419  -0.710572  0.921461  0.388471  0.833307
h 1312   -189554  1.09419  -0.718281  0.921461  0.388471  0.839364
h 1313   -191217  1.09419  -0.715371  0.921461  0.388471  0.837078
h 1314   -191167  1.09419  -0.715458  0.921461  0.388471  0.837146
h 1315   -187561  1.09419  -0.721768  0.921461  0.388471  0.842104
h 1316   -187636  1.09419  -0.721638  0.921461  0.388471  0.842002
h 1317   -185300  1.09419  -0.725726  0.921461  0.388471  0.845214
h 1318   -185611  1.09419  -0.725181  0.921461  0.388471  0.844786
h 1319   -185452  1.09419  -0.725458  0.921461  0.388471  0.845003
h 1322   -185049  1.09419  -0.726164  0.921461  0.388471  0.845558
h 1323   -184576  1.09419  -0.726992  0.921461  0.388471  0.846209
h 1344   -186710  1.09419  -0.723258  0.921461  0.388471  0.843275
h 1345   -185611  1.09419  -0.725181  0.921461  0.388471  0.844786
h 1359   -270580  1.09419  -0.576486  0.921461  0.388471  0.727954
h 1360   -232833  1.09419  -0.642542  0.921461  0.388471  0.779855
h 1361   -249115  1.09419  -0.614048  0.921461  0.388471  0.757467
h 1362   -266429  1.09419  -0.583749  0.921461  0.388471  0.733661
h 1363   -617247  1.09419  0.030218  0.921461  0.388471  0.251286
h 1364   -527812  1.09419  -0.126328  0.921461  0.388471  0.374259
h 1365   -580127  1.09419  -0.0347775  0.921461  0.388471  0.302326
h 1366   -667048  1.09419  0.119407  0.921461  0.388471  0.18281
h 1367   -559383  1.09419  -0.0710806  0.921461  0.388471  0.33085
h 1368   -495396  1.09419  -0.183058  0.921461  0.388471  0.418832
h 1370   -688678  1.09419  0.159405  0.921461  0.388471  0.153068
h 1373   -614502  1.09419  0.0254095  0.921461  0.388471  0.25506
h 1374   -638996  1.09419  0.0687896  0.921461  0.388471  0.221381
h 1375   -531049  1.09419  -0.120664  0.921461  0.388471  0.369808
h 1376   -482290  1.09419  -0.205992  0.921461  0.388471  0.436851
h 1377   -552163  1.09419  -0.0837144  0.921461  0.388471  0.340776
h 1378   -515166  1.09419  -0.14846  0.921461  0.388471  0.391648
h 1387   -353824  1.09419  -0.430809  0.921461  0.388471  0.613493
h 1388   -452055  1.09419  -0.258903  0.921461  0.388471  0.478424
h 1389   -435665  1.09419  -0.287585  0.921461  0.388471  0.500961
h 1390   -406897  1.09419  -0.33793  0.921461  0.388471  0.540517
h 1410   -185244  1.09419  -0.725823  0.921461  0.388471  0.84529
h 1411   -184933  1.09419  -0.726367  0.921461  0.388471  0.845717
h 1412   -184731  1.09419  -0.72672  0.921461  0.388471  0.845995
h 1413   -205979  1.09419  -0.689536  0.921461  0.388471  0.816779
h 1414   -221087  1.09419  -0.663098  0.921461  0.388471  0.796007
h 1415   -233940  1.09419  -0.640605  0.921461  0.388471  0.778333
h 1416   -220025  1.09419  -0.664956  0.921461  0.388471  0.797466
h 1417   -205841  1.09419  -0.689779  0.921461  0.388471  0.81697
h 1418   -223361  1.09419  -0.659118  0.921461  0.388471  0.792879
h 1419   -219371  1.09419  -0.666102  0.921461  0.388471  0.798366
h 1420   -203307  1.09419  -0.694212  0.921461  0.388471  0.820453
h 1421   -207237  1.09419  -0.687336  0.921461  0.388471  0.81505
h 1431   -192222  1.09419  -0.713612  0.921461  0.388471  0.835696
h 1432   -188062  1.09419  -0.720891  0.921461  0.388471  0.841415
h 1435   -187260  1.09419  -0.722295  0.921461  0.388471  0.842518
h 1436   -185557  1.09419  -0.725275  0.921461  0.388471  0.84486
h 1437   -185242  1.09419  -0.725827  0.921461  0.388471  0.845293
h 1444   -187913  1.09419  -0.721152  0.921461  0.388471  0.84162
h 1445   -186086  1.09419  -0.72435  0.921461  0.388471  0.844133
h 1454   -190381  1.09419  -0.716834  0.921461  0.388471  0.838227
h 1455   -190508  1.09419  -0.71661  0.921461  0.388471  0.838052
h 1456   -191358  1.09419  -0.715124  0.921461  0.388471  0.836884
h 1470   -184926  1.09419  -0.72638  0.921461  0.388471  0.845728
h 1471   -184439  1.09419  -0.727232  0.921461  0.388471  0.846397
h 1472   -184706  1.09419  -0.726765  0.921461  0.388471  0.84603
h 1539   -200864  1.09419  -0.698488  0.921461  0.388471  0.823813
h 1540   -209635  1.09419  -0.683139  0.921461  0.388471  0.811753
h 1541   -204997  1.09419  -0.691256  0.921461  0.388471  0.81813
h 1542   -200945  1.09419  -0.698346  0.921461  0.388471  0.823701
h 1543   -200683  1.09419  -0.698806  0.921461  0.388471  0.824062
h 1544   -207835  1.09419  -0.686289  0.921461  0.388471  0.814228
h 1545   -202169  1.09419  -0.696205  0.921461  0.388471  0.822019
h 1546   -200344  1.09419  -0.699397  0.921461  0.388471  0.824527
h 1547   -200835  1.09419  -0.698538  0.921461  0.388471  0.823852
h 1548   -196383  1.09419  -0.706329  0.921461  0.388471  0.829973
h 1549   -196409  1.09419  -0.706284  0.921461  0.388471  0.829938
h 1550   -235395  1.09419  -0.638059  0.921461  0.388471  0.776333
h 1551   -256885  1.09419  -0.600451  0.921461  0.388471  0.746783
h 1552   -259380  1.09419  -0.596085  0.921461  0.388471  0.743353
h 1553   -253770  1.09419  -0.605903  0.921461  0.388471  0.751067
h 1562   -229022  1.09419  -0.649211  0.921461  0.388471  0.785095
h 1563   -231294  1.09419  -0.645236  0.921461  0.388471  0.781972
h 1595   -201994  1.09419  -0.696511  0.921461  0.388471  0.822259
h 1598   -223640  1.09419  -0.65863  0.921461  0.388471  0.792496
h 1599   -221280  1.09419  -0.66276  0.921461  0.388471  0.795741
h 1603   -192863  1.09419  -0.712491  0.921461  0.388471  0.834815
h 1604   -194262  1.09419  -0.710041  0.921461  0.388471  0.83289
h 1607   -726100  1.09419  0.231251  0.921461  0.388471  0.101614
h 1608   -607971  1.09419  0.0139658  0.921461  0.388471  0.26404
h 1615   -184801  1.09419  -0.726598  0.921461  0.388471  0.845899
h 1616   -184274  1.09419  -0.727521  0.921461  0.388471  0.846624
h 1652   -194624  1.09419  -0.709408  0.921461  0.388471  0.832392
h 1653   -192012  1.09419  -0.713979  0.921461  0.388471  0.835984
h 1660   -189913  1.09419  -0.717652  0.921461  0.388471  0.83887
h 1661   -188098  1.09419  -0.720828  0.921461  0.388471  0.841365
h 1664   -447461  1.09419  -0.266943  0.921461  0.388471  0.484742
h 1665   -466596  1.09419  -0.233457  0.921461  0.388471  0.458431
h 1668   -494298  1.09419  -0.184978  0.921461  0.388471  0.420341
h 1669   -508845  1.09419  -0.159522  0.921461  0.388471  0.400339
h 1672   -463767  1.09419  -0.238407  0.921461  0.388471  0.46232
h 1673   -448847  1.09419  -0.264517  0.921461  0.388471  0.482836
h 1674   -422394  1.09419  -0.310811  0.921461  0.388471  0.519209
h 1675   -402690  1.09419  -0.345293  0.921461  0.388471  0.546302
h 1680   -243834  1.09419  -0.623291  0.921461  0.388471  0.764729
h 1681   -263908  1.09419  -0.58816  0.921461  0.388471  0.737127
h 1688   -398164  1.09419  -0.353214  0.921461  0.388471  0.552526
h 1689   -419120  1.09419  -0.31654  0.921461  0.388471  0.52371
h 1696   -352560  1.09419  -0.43302  0.921461  0.388471  0.615231
h 1697   -374464  1.09419  -0.394688  0.921461  0.388471  0.585113
h 1700   -335206  1.09419  -0.463389  0.921461  0.388471  0.639092
h 1701   -297393  1.09419  -0.529562  0.921461  0.388471  0.691085
h 1702   -285979  1.09419  -0.549538  0.921461  0.388471  0.70678
h 1703   -349035  1.09419  -0.439189  0.921461  0.388471  0.620078
h 1704   -363674  1.09419  -0.41357  0.921461  0.388471  0.599948
h 1707   -292999  1.09419  -0.537251  0.921461  0.388471  0.697127
h 1708   -321216  1.09419  -0.487871  0.921461  0.388471  0.658328
h 1725   -196418  1.09419  -0.706268  0.921461  0.388471  0.829926
h 1726   -203175  1.09419  -0.694444  0.921461  0.388471  0.820635
h 1729   -184509  1.09419  -0.72711  0.921461  0.388471  0.846301
h 1730   -184597  1.09419  -0.726955  0.921461  0.388471  0.846179
h 1733   -192119  1.09419  -0.713791  0.921461  0.388471  0.835836
h 1734   -195841  1.09419  -0.707279  0.921461  0.388471  0.83072
h 1735   -195009  1.09419  -0.708734  0.921461  0.388471  0.831863
h 1736   -187754  1.09419  -0.72143  0.921461  0.388471  0.841839
h 1737   -188262  1.09419  -0.720541  0.921461  0.388471  0.84114
h 1743   -185278  1.09419  -0.725763  0.921461  0.388471  0.845243
h 1744   -186188  1.09419  -0.724171  0.921461  0.388471  0.843992
h 1757   -185593  1.09419  -0.725213  0.921461  0.388471  0.844811
h 1758   -184929  1.09419  -0.726374  0.921461  0.388471  0.845723
h 1759   -184647  1.09419  -0.726868  0.921461  0.388471  0.846111
h 1760   -187466  1.09419  -0.721934  0.921461  0.388471  0.842235
h 1761   -188111  1.09419  -0.720806  0.921461  0.388471  0.841348
h 1762   -187669  1.09419  -0.721579  0.921461  0.388471  0.841956
h 1763   -185771  1.09419  -0.724902  0.921461  0.388471  0.844566
h 1764   -186064  1.09419  -0.724387  0.921461  0.388471  0.844162
h 1770   -184485  1.09419  -0.727151  0.921461  0.388471  0.846334
h 1771   -185048  1.09419  -0.726167  0.921461  0.388471  0.84556
h 1776   -185790  1.09419  -0.724868  0.921461  0.388471  0.84454
h 1777   -186684  1.09419  -0.723303  0.921461  0.388471  0.84331
h 1782   -187643  1.09419  -0.721624  0.921461  0.388471  0.841991
h 1783   -188723  1.09419  -0.719735  0.921461  0.388471  0.840506
h 1791   -184027  1.09419  -0.727952  0.921461  0.388471  0.846963
h 1792   -184209  1.09419  -0.727635  0.921461  0.388471  0.846714
h 1874   -242134  1.09419  -0.626266  0.921461  0.388471  0.767067
h 1875   -234177  1.09419  -0.64019  0.921461  0.388471  0.778007
h 1878   -201046  1.09419  -0.69817  0.921461  0.388471  0.823563
h 1879   -197739  1.09419  -0.703956  0.921461  0.388471  0.828109
h 1882   -203964  1.09419  -0.693063  0.921461  0.388471  0.81955
h 1883   -203891  1.09419  -0.693191  0.921461  0.388471  0.819651
h 1884   -208266  1.09419  -0.685534  0.921461  0.388471  0.813635
h 1885   -208778  1.09419  -0.684639  0.921461  0.388471  0.812931
h 1886   -215989  1.09419  -0.672019  0.921461  0.388471  0.803015
h 1887   -211830  1.09419  -0.679298  0.921461  0.388471  0.808735
h 1888   -217104  1.09419  -0.670067  0.921461  0.388471  0.801482
h 1889   -211308  1.09419  -0.680211  0.921461  0.388471  0.809452
h 1890   -224921  1.09419  -0.656389  0.921461  0.388471  0.790735
h 1892   -216474  1.09419  -0.67117  0.921461  0.388471  0.802348
h 1893   -219207  1.09419  -0.666388  0.921461  0.388471  0.798591
h 1962   -188043  1.09419  -0.720924  0.921461  0.388471  0.841441
h 1963   -190845  1.09419  -0.716022  0.921461  0.388471  0.837589
h 1966   -209556  1.09419  -0.683277  0.921461  0.388471  0.811861
h 1967   -205467  1.09419  -0.690434  0.921461  0.388471  0.817484
h 1997   -187075  1.09419  -0.722618  0.921461  0.388471  0.842772
h 1998   -185762  1.09419  -0.724917  0.921461  0.388471  0.844578
h 2004   -182129  1.09419  -0.731275  0.921461  0.388471  0.849574
h 2005   -166118  1.09419  -0.759293  0.921461  0.388471  0.871588
h 2006   -158905  1.09419  -0.771916  0.921461  0.388471  0.881506
h 2007   -187144  1.09419  -0.722497  0.921461  0.388471  0.842677
h 2008   -187592  1.09419  -0.721715  0.921461  0.388471  0.842062
h 2009   -187019  1.09419  -0.722717  0.921461  0.388471  0.84285
h 2010   -187462  1.09419  -0.721941  0.921461  0.388471  0.84224
h 2011   -187271  1.09419  -0.722275  0.921461  0.388471  0.842502
h 2015   -48476.6  1.09419  -0.965166  0.921461  0.388471  1.03335
h 2016   -91547.2  1.09419  -0.889792  0.921461  0.388471  0.974123
h 2017   -136186  1.09419  -0.811674  0.921461  0.388471  0.912744
h 2018   -131608  1.09419  -0.819686  0.921461  0.388471  0.919039
h 2019   -119917  1.09419  -0.840146  0.921461  0.388471  0.935115
h 2020   -88648.8  1.09419  -0.894865  0.921461  0.388471  0.978109
h 2043   -186513  1.09419  -0.723603  0.921461  0.388471  0.843546
h 2044   -187064  1.09419  -0.722638  0.921461  0.388471  0.842787
h 2045   -186906  1.09419  -0.722915  0.921461  0.388471  0.843006
h 2048   -183025  1.09419  -0.729707  0.921461  0.388471  0.848341
h 2049   -185732  1.09419  -0.72497  0.921461  0.388471  0.84462
h 2054   -186959  1.09419  -0.722822  0.921461  0.388471  0.842932
h 2055   -187179  1.09419  -0.722438  0.921461  0.388471  0.84263
h 2058   -180737  1.09419  -0.733711  0.921461  0.388471  0.851488
h 2059   -167688  1.09419  -0.756546  0.921461  0.388471  0.86943
h 2060   -182015  1.09419  -0.731474  0.921461  0.388471  0.84973
h 2061   -182857  1.09419  -0.73  0.921461  0.388471  0.848572
h 2063   -165771  1.09419  -0.7599  0.921461  0.388471  0.872065
h 2064   -174300  1.09419  -0.744974  0.921461  0.388471  0.860338
h 2067   -88260.4  1.09419  -0.895544  0.921461  0.388471  0.978643
h 2068   -127995  1.09419  -0.826009  0.921461  0.388471  0.924008
SolidID  2424   304 
h 334   -339831  1.09419  -0.455296  0.388471  0.921461  0.632733
h 337   -420513  1.09419  -0.314103  0.388471  0.921461  0.521796
h 338   -444145  1.09419  -0.272746  0.388471  0.921461  0.489301
h 340   -412216  1.09419  -0.328622  0.388471  0.921461  0.533204
h 341   -342704  1.09419  -0.450268  0.388471  0.921461  0.628783
h 342   -389207  1.09419  -0.368887  0.388471  0.921461  0.564841
h 343   -325944  1.09419  -0.479597  0.388471  0.921461  0.651827
h 346   -369683  1.09419  -0.403054  0.388471  0.921461  0.591686
h 657   -536239  1.09419  -0.111582  0.388471  0.921461  0.362672
h 691   -454868  1.09419  -0.253982  0.388471  0.921461  0.474558
h 694   -413787  1.09419  -0.325873  0.388471  0.921461  0.531044
h 697   -369802  1.09419  -0.402847  0.388471  0.921461  0.591523
h 701   -390053  1.09419  -0.367407  0.388471  0.921461  0.563677
h 713   -366715  1.09419  -0.408249  0.388471  0.921461  0.595768
h 728   -343230  1.09419  -0.449347  0.388471  0.921461  0.628059
h 730   -342541  1.09419  -0.450554  0.388471  0.921461  0.629007
h 743   -332777  1.09419  -0.467639  0.388471  0.921461  0.642432
h 744   -336183  1.09419  -0.46168  0.388471  0.921461  0.637749
h 745   -337390  1.09419  -0.459568  0.388471  0.921461  0.63609
h 746   -337092  1.09419  -0.460089  0.388471  0.921461  0.636499
h 747   -337614  1.09419  -0.459176  0.388471  0.921461  0.635782
h 748   -331856  1.09419  -0.469252  0.388471  0.921461  0.643699
h 749   -336137  1.09419  -0.46176  0.388471  0.921461  0.637812
h 750   -336822  1.09419  -0.460562  0.388471  0.921461  0.63687
h 751   -330819  1.09419  -0.471067  0.388471  0.921461  0.645124
h 752   -366516  1.09419  -0.408598  0.388471  0.921461  0.596042
h 753   -357834  1.09419  -0.423791  0.388471  0.921461  0.60798
h 754   -353270  1.09419  -0.431778  0.388471  0.921461  0.614255
h 755   -347006  1.09419  -0.44274  0.388471  0.921461  0.622868
h 758   -329165  1.09419  -0.473962  0.388471  0.921461  0.647399
h 762   -318523  1.09419  -0.492586  0.388471  0.921461  0.662032
h 801   -347945  1.09419  -0.441096  0.388471  0.921461  0.621576
h 803   -349803  1.09419  -0.437845  0.388471  0.921461  0.619022
h 804   -347017  1.09419  -0.442719  0.388471  0.921461  0.622852
h 805   -337529  1.09419  -0.459325  0.388471  0.921461  0.635899
h 808   -358135  1.09419  -0.423263  0.388471  0.921461  0.607565
h 893   -580921  1.09419  -0.0333875  0.388471  0.921461  0.301234
h 896   -541183  1.09419  -0.102931  0.388471  0.921461  0.355875
h 897   -624906  1.09419  0.043763  0.388471  0.921461  0.240756
h 898   -589039  1.09419  -0.0191816  0.388471  0.921461  0.290072
h 903   -367504  1.09419  -0.406868  0.388471  0.921461  0.594683
h 904   -459358  1.09419  -0.246124  0.388471  0.921461  0.468384
h 905   -407308  1.09419  -0.33721  0.388471  0.921461  0.539952
h 907   -424969  1.09419  -0.306304  0.388471  0.921461  0.515668
h 908   -458253  1.09419  -0.248057  0.388471  0.921461  0.469902
h 909   -482346  1.09419  -0.205895  0.388471  0.921461  0.436775
h 949   -400493  1.09419  -0.349137  0.388471  0.921461  0.549322
h 965   -383922  1.09419  -0.378136  0.388471  0.921461  0.572108
h 966   -385207  1.09419  -0.375888  0.388471  0.921461  0.570341
h 967   -291558  1.09419  -0.539773  0.388471  0.921461  0.699108
h 968   -210259  1.09419  -0.682046  0.388471  0.921461  0.810894
h 969   -299687  1.09419  -0.525548  0.388471  0.921461  0.687931
h 970   -260903  1.09419  -0.593421  0.388471  0.921461  0.74126
h 971   -415377  1.09419  -0.323091  0.388471  0.921461  0.528858
h 972   -425858  1.09419  -0.304748  0.388471  0.921461  0.514445
h 977   -402604  1.09419  -0.345444  0.388471  0.921461  0.546421
h 978   -393114  1.09419  -0.36205  0.388471  0.921461  0.559469
h 1005   -412331  1.09419  -0.328421  0.388471  0.921461  0.533046
h 1007   -610826  1.09419  0.0189683  0.388471  0.921461  0.260115
h 1021   -443099  1.09419  -0.274577  0.388471  0.921461  0.490739
h 1022   -420451  1.09419  -0.314212  0.388471  0.921461  0.521881
h 1026   -476848  1.09419  -0.215516  0.388471  0.921461  0.444335
h 1027   -527768  1.09419  -0.126405  0.388471  0.921461  0.374319
h 1028   -407155  1.09419  -0.337479  0.388471  0.921461  0.540162
h 1029   -395965  1.09419  -0.357061  0.388471  0.921461  0.555549
h 1030   -395667  1.09419  -0.357584  0.388471  0.921461  0.555959
h 1041   -376928  1.09419  -0.390376  0.388471  0.921461  0.581724
h 1042   -385955  1.09419  -0.374578  0.388471  0.921461  0.569312
h 1043   -386954  1.09419  -0.37283  0.388471  0.921461  0.567938
h 1044   -391181  1.09419  -0.365433  0.388471  0.921461  0.562126
h 1045   -391254  1.09419  -0.365305  0.388471  0.921461  0.562026
h 1065   -362826  1.09419  -0.415054  0.388471  0.921461  0.601114
h 1066   -358198  1.09419  -0.423154  0.388471  0.921461  0.607479
h 1071   -421500  1.09419  -0.312376  0.388471  0.921461  0.520439
h 1072   -469517  1.09419  -0.228345  0.388471  0.921461  0.454414
h 1077   -335125  1.09419  -0.46353  0.388471  0.921461  0.639203
h 1078   -394114  1.09419  -0.3603  0.388471  0.921461  0.558094
h 1079   -388302  1.09419  -0.370472  0.388471  0.921461  0.566086
h 1083   -362473  1.09419  -0.415672  0.388471  0.921461  0.6016
h 1084   -400525  1.09419  -0.349082  0.388471  0.921461  0.549279
h 1085   -418930  1.09419  -0.316873  0.388471  0.921461  0.523972
h 1088   -290369  1.09419  -0.541853  0.388471  0.921461  0.700743
h 1089   -325927  1.09419  -0.479627  0.388471  0.921461  0.65185
h 1132   -598188  1.09419  -0.00317166  0.388471  0.921461  0.277493
h 1133   -534506  1.09419  -0.114614  0.388471  0.921461  0.365055
h 1175   -407457  1.09419  -0.33695  0.388471  0.921461  0.539747
h 1176   -393193  1.09419  -0.361913  0.388471  0.921461  0.55936
h 1183   -359677  1.09419  -0.420565  0.388471  0.921461  0.605444
h 1184   -292564  1.09419  -0.538013  0.388471  0.921461  0.697725
h 1187   -421423  1.09419  -0.31251  0.388471  0.921461  0.520544
h 1188   -414822  1.09419  -0.324062  0.388471  0.921461  0.52962
h 1189   -413420  1.09419  -0.326514  0.388471  0.921461  0.531548
h 1190   -417092  1.09419  -0.320088  0.388471  0.921461  0.526499
h 1191   -412940  1.09419  -0.327354  0.388471  0.921461  0.532208
h 1196   -168598  1.09419  -0.754954  0.388471  0.921461  0.868179
h 1197   -33945.2  1.09419  -0.990596  0.388471  0.921461  1.05333
h 1201   -413399  1.09419  -0.326551  0.388471  0.921461  0.531577
h 1202   -412811  1.09419  -0.32758  0.388471  0.921461  0.532385
h 1205   -402064  1.09419  -0.346387  0.388471  0.921461  0.547162
h 1206   -405927  1.09419  -0.339628  0.388471  0.921461  0.541851
h 1207   -405055  1.09419  -0.341154  0.388471  0.921461  0.54305
h 1217   -406371  1.09419  -0.338851  0.388471  0.921461  0.54124
h 1218   -409817  1.09419  -0.332821  0.388471  0.921461  0.536503
h 1229   -405229  1.09419  -0.340848  0.388471  0.921461  0.54281
h 1230   -376204  1.09419  -0.391644  0.388471  0.921461  0.582721
h 1231   -463462  1.09419  -0.238941  0.388471  0.921461  0.46274
h 1232   -426240  1.09419  -0.30408  0.388471  0.921461  0.513921
h 1233   -439116  1.09419  -0.281547  0.388471  0.921461  0.496216
h 1234   -516158  1.09419  -0.146723  0.388471  0.921461  0.390283
h 1235   -560503  1.09419  -0.0691203  0.388471  0.921461  0.329309
h 1236   -682313  1.09419  0.147499  0.388471  0.921461  0.161821
h 1237   -631341  1.09419  0.0551602  0.388471  0.921461  0.231907
h 1238   -578033  1.09419  -0.0384422  0.388471  0.921461  0.305205
h 1239   -714025  1.09419  0.207593  0.388471  0.921461  0.118216
h 1240   -799250  1.09419  0.411036  0.388471  0.921461  0.00103176
h 1242   -800000  1.09419  0.676876  0.388471  0.921461  1.77636e-15
h 1243   -800000  1.09419  0.894363  0.388471  0.921461  8.88178e-16
h 1244   -696540  1.09419  0.17412  0.388471  0.921461  0.142258
h 1245   -800000  1.09419  0.419018  0.388471  0.921461  2.88658e-15
h 1258   -436832  1.09419  -0.285543  0.388471  0.921461  0.499356
h 1259   -445872  1.09419  -0.269725  0.388471  0.921461  0.486927
h 1260   -419888  1.09419  -0.315196  0.388471  0.921461  0.522654
h 1261   -424600  1.09419  -0.30695  0.388471  0.921461  0.516176
h 1266   -478326  1.09419  -0.21293  0.388471  0.921461  0.442303
h 1267   -457239  1.09419  -0.249832  0.388471  0.921461  0.471297
h 1268   -457665  1.09419  -0.249086  0.388471  0.921461  0.470711
h 1269   -640985  1.09419  0.0723529  0.388471  0.921461  0.218647
h 1270   -545474  1.09419  -0.0954201  0.388471  0.921461  0.349974
h 1271   -517978  1.09419  -0.143539  0.388471  0.921461  0.387781
h 1272   -512072  1.09419  -0.153875  0.388471  0.921461  0.395902
h 1276   -503507  1.09419  -0.168862  0.388471  0.921461  0.407678
h 1277   -469971  1.09419  -0.227551  0.388471  0.921461  0.453791
h 1288   -408099  1.09419  -0.335827  0.388471  0.921461  0.538864
h 1289   -401707  1.09419  -0.347014  0.388471  0.921461  0.547654
h 1290   -401724  1.09419  -0.346984  0.388471  0.921461  0.547631
h 1291   -413757  1.09419  -0.325926  0.388471  0.921461  0.531085
h 1292   -413896  1.09419  -0.325682  0.388471  0.921461  0.530894
h 1295   -367932  1.09419  -0.406119  0.388471  0.921461  0.594094
h 1296   -364166  1.09419  -0.41271  0.388471  0.921461  0.599272
h 1297   -364542  1.09419  -0.412052  0.388471  0.921461  0.598755
h 1303   -376880  1.09419  -0.390461  0.388471  0.921461  0.581791
h 1304   -382479  1.09419  -0.380662  0.388471  0.921461  0.574093
h 1305   -382445  1.09419  -0.380721  0.388471  0.921461  0.574139
h 1306   -373034  1.09419  -0.39719  0.388471  0.921461  0.587079
h 1307   -373282  1.09419  -0.396757  0.388471  0.921461  0.586739
h 1308   -398778  1.09419  -0.352139  0.388471  0.921461  0.551681
h 1309   -393544  1.09419  -0.361298  0.388471  0.921461  0.558878
h 1335   -389111  1.09419  -0.369055  0.388471  0.921461  0.564973
h 1336   -384803  1.09419  -0.376595  0.388471  0.921461  0.570897
h 1395   -353406  1.09419  -0.431539  0.388471  0.921461  0.614067
h 1396   -351753  1.09419  -0.434432  0.388471  0.921461  0.61634
h 1397   -358834  1.09419  -0.42204  0.388471  0.921461  0.606604
h 1398   -353897  1.09419  -0.430681  0.388471  0.921461  0.613393
h 1399   -358912  1.09419  -0.421905  0.388471  0.921461  0.606497
h 1404   -368230  1.09419  -0.405597  0.388471  0.921461  0.593684
h 1405   -367289  1.09419  -0.407244  0.388471  0.921461  0.594978
h 1406   -366857  1.09419  -0.408  0.388471  0.921461  0.595572
h 1441   -383549  1.09419  -0.378788  0.388471  0.921461  0.57262
h 1442   -376472  1.09419  -0.391174  0.388471  0.921461  0.582352
h 1443   -383863  1.09419  -0.378239  0.388471  0.921461  0.572189
h 1465   -391729  1.09419  -0.364474  0.388471  0.921461  0.561373
h 1466   -387527  1.09419  -0.371829  0.388471  0.921461  0.567152
h 1467   -387380  1.09419  -0.372084  0.388471  0.921461  0.567353
h 1468   -395261  1.09419  -0.358293  0.388471  0.921461  0.556516
h 1469   -395695  1.09419  -0.357534  0.388471  0.921461  0.55592
h 1506   -342184  1.09419  -0.451178  0.388471  0.921461  0.629498
h 1507   -339578  1.09419  -0.455738  0.388471  0.921461  0.63308
h 1508   -343052  1.09419  -0.449659  0.388471  0.921461  0.628304
h 1511   -348008  1.09419  -0.440986  0.388471  0.921461  0.621489
h 1512   -346341  1.09419  -0.443903  0.388471  0.921461  0.623782
h 1513   -346679  1.09419  -0.443311  0.388471  0.921461  0.623316
h 1514   -338043  1.09419  -0.458425  0.388471  0.921461  0.635192
h 1515   -338343  1.09419  -0.4579  0.388471  0.921461  0.634779
h 1516   -338136  1.09419  -0.458262  0.388471  0.921461  0.635063
h 1524   -368957  1.09419  -0.404326  0.388471  0.921461  0.592685
h 1525   -392306  1.09419  -0.363465  0.388471  0.921461  0.56058
h 1531   -340140  1.09419  -0.454755  0.388471  0.921461  0.632308
h 1532   -347892  1.09419  -0.44119  0.388471  0.921461  0.62165
h 1533   -350980  1.09419  -0.435785  0.388471  0.921461  0.617403
h 1534   -362818  1.09419  -0.415069  0.388471  0.921461  0.601126
h 1535   -365230  1.09419  -0.410848  0.388471  0.921461  0.59781
h 1568   -350298  1.09419  -0.436978  0.388471  0.921461  0.618341
h 1569   -355590  1.09419  -0.427718  0.388471  0.921461  0.611064
h 1570   -356054  1.09419  -0.426905  0.388471  0.921461  0.610426
h 1574   -340289  1.09419  -0.454495  0.388471  0.921461  0.632104
h 1575   -344628  1.09419  -0.446901  0.388471  0.921461  0.626137
h 1576   -346829  1.09419  -0.44305  0.388471  0.921461  0.623111
h 1577   -345007  1.09419  -0.446238  0.388471  0.921461  0.625616
h 1578   -330090  1.09419  -0.472342  0.388471  0.921461  0.646127
h 1579   -334906  1.09419  -0.463915  0.388471  0.921461  0.639505
h 1580   -339955  1.09419  -0.455079  0.388471  0.921461  0.632563
h 1581   -342504  1.09419  -0.450617  0.388471  0.921461  0.629057
h 1582   -342600  1.09419  -0.45045  0.388471  0.921461  0.628926
h 1590   -328775  1.09419  -0.474644  0.388471  0.921461  0.647935
h 1591   -306832  1.09419  -0.513044  0.388471  0.921461  0.678106
h 1592   -320061  1.09419  -0.489893  0.388471  0.921461  0.659917
h 1593   -318274  1.09419  -0.49302  0.388471  0.921461  0.662373
h 1594   -299965  1.09419  -0.525061  0.388471  0.921461  0.687548
h 1611   -397046  1.09419  -0.355169  0.388471  0.921461  0.554062
h 1612   -401464  1.09419  -0.347438  0.388471  0.921461  0.547987
h 1623   -422977  1.09419  -0.309791  0.388471  0.921461  0.518408
h 1624   -416832  1.09419  -0.320544  0.388471  0.921461  0.526857
h 1627   -450213  1.09419  -0.262127  0.388471  0.921461  0.480957
h 1628   -437868  1.09419  -0.283731  0.388471  0.921461  0.497932
h 1632   -658423  1.09419  0.103751  0.388471  0.921461  0.194669
h 1633   -576341  1.09419  -0.0414028  0.388471  0.921461  0.307531
h 1640   -800000  1.09419  0.751624  0.388471  0.921461  1.55431e-15
h 1641   -800000  1.09419  0.525542  0.388471  0.921461  2.44249e-15
h 1644   -410843  1.09419  -0.331025  0.388471  0.921461  0.535091
h 1645   -404673  1.09419  -0.341823  0.388471  0.921461  0.543576
h 1648   -371511  1.09419  -0.399856  0.388471  0.921461  0.589173
h 1649   -367726  1.09419  -0.40648  0.388471  0.921461  0.594378
h 1656   -380224  1.09419  -0.384607  0.388471  0.921461  0.577192
h 1657   -375711  1.09419  -0.392505  0.388471  0.921461  0.583398
h 1709   -353894  1.09419  -0.430686  0.388471  0.921461  0.613397
h 1710   -352345  1.09419  -0.433396  0.388471  0.921461  0.615526
h 1711   -352064  1.09419  -0.433888  0.388471  0.921461  0.615913
h 1714   -354966  1.09419  -0.428809  0.388471  0.921461  0.611922
h 1715   -357591  1.09419  -0.424215  0.388471  0.921461  0.608312
h 1716   -362951  1.09419  -0.414836  0.388471  0.921461  0.600943
h 1717   -360075  1.09419  -0.419869  0.388471  0.921461  0.604898
h 1718   -358690  1.09419  -0.422292  0.388471  0.921461  0.606801
h 1719   -357489  1.09419  -0.424395  0.388471  0.921461  0.608454
h 1720   -365257  1.09419  -0.4108  0.388471  0.921461  0.597772
h 1723   -361626  1.09419  -0.417155  0.388471  0.921461  0.602765
h 1724   -362941  1.09419  -0.414854  0.388471  0.921461  0.600957
h 1747   -382222  1.09419  -0.381111  0.388471  0.921461  0.574445
h 1748   -385455  1.09419  -0.375454  0.388471  0.921461  0.57
h 1752   -376014  1.09419  -0.391976  0.388471  0.921461  0.582982
h 1753   -372660  1.09419  -0.397845  0.388471  0.921461  0.587593
h 1754   -372728  1.09419  -0.397727  0.388471  0.921461  0.5875
h 1755   -380106  1.09419  -0.384815  0.388471  0.921461  0.577355
h 1756   -380162  1.09419  -0.384716  0.388471  0.921461  0.577278
h 1767   -374894  1.09419  -0.393935  0.388471  0.921461  0.584521
h 1768   -378191  1.09419  -0.388165  0.388471  0.921461  0.579988
h 1778   -368526  1.09419  -0.405079  0.388471  0.921461  0.593277
h 1779   -371135  1.09419  -0.400515  0.388471  0.921461  0.589691
h 1786   -389299  1.09419  -0.368727  0.388471  0.921461  0.564715
h 1787   -392561  1.09419  -0.363017  0.388471  0.921461  0.560229
h 1823   -344129  1.09419  -0.447775  0.388471  0.921461  0.626824
h 1824   -345907  1.09419  -0.444662  0.388471  0.921461  0.624378
h 1829   -349208  1.09419  -0.438885  0.388471  0.921461  0.619839
h 1830   -351403  1.09419  -0.435046  0.388471  0.921461  0.616822
h 1831   -338538  1.09419  -0.457558  0.388471  0.921461  0.63451
h 1832   -338962  1.09419  -0.456816  0.388471  0.921461  0.633927
h 1835   -339793  1.09419  -0.455362  0.388471  0.921461  0.632785
h 1836   -339022  1.09419  -0.456712  0.388471  0.921461  0.633845
h 1837   -339263  1.09419  -0.45629  0.388471  0.921461  0.633514
h 1838   -342255  1.09419  -0.451053  0.388471  0.921461  0.629399
h 1839   -342037  1.09419  -0.451436  0.388471  0.921461  0.6297
h 1842   -340466  1.09419  -0.454185  0.388471  0.921461  0.63186
h 1843   -341700  1.09419  -0.452024  0.388471  0.921461  0.630162
h 1844   -394445  1.09419  -0.359722  0.388471  0.921461  0.557639
h 1845   -376624  1.09419  -0.390908  0.388471  0.921461  0.582143
h 1852   -339643  1.09419  -0.455625  0.388471  0.921461  0.632992
h 1853   -338684  1.09419  -0.457303  0.388471  0.921461  0.63431
h 1861   -361145  1.09419  -0.417996  0.388471  0.921461  0.603426
h 1862   -353191  1.09419  -0.431916  0.388471  0.921461  0.614364
h 1865   -341437  1.09419  -0.452485  0.388471  0.921461  0.630525
h 1866   -347824  1.09419  -0.441308  0.388471  0.921461  0.621743
h 1867   -346868  1.09419  -0.442981  0.388471  0.921461  0.623057
h 1868   -339748  1.09419  -0.455441  0.388471  0.921461  0.632847
h 1869   -340261  1.09419  -0.454543  0.388471  0.921461  0.632141
h 1872   -346008  1.09419  -0.444486  0.388471  0.921461  0.62424
h 1873   -342343  1.09419  -0.450899  0.388471  0.921461  0.629279
h 1899   -352769  1.09419  -0.432653  0.388471  0.921461  0.614943
h 1900   -350270  1.09419  -0.437028  0.388471  0.921461  0.61838
h 1901   -349234  1.09419  -0.43884  0.388471  0.921461  0.619804
h 1911   -340714  1.09419  -0.45375  0.388471  0.921461  0.631519
h 1912   -337557  1.09419  -0.459274  0.388471  0.921461  0.635859
h 1915   -334609  1.09419  -0.464435  0.388471  0.921461  0.639914
h 1916   -336936  1.09419  -0.460362  0.388471  0.921461  0.636714
h 1917   -336514  1.09419  -0.461101  0.388471  0.921461  0.637294
h 1918   -329968  1.09419  -0.472555  0.388471  0.921461  0.646294
h 1919   -330690  1.09419  -0.471292  0.388471  0.921461  0.645302
h 1922   -333870  1.09419  -0.465728  0.388471  0.921461  0.64093
h 1923   -330704  1.09419  -0.471268  0.388471  0.921461  0.645283
h 1924   -346685  1.09419  -0.443301  0.388471  0.921461  0.623309
h 1925   -344124  1.09419  -0.447782  0.388471  0.921461  0.62683
h 1928   -283310  1.09419  -0.554208  0.388471  0.921461  0.71045
h 1929   -299262  1.09419  -0.526291  0.388471  0.921461  0.688515
h 1932   -326148  1.09419  -0.47924  0.388471  0.921461  0.651547
h 1933   -322491  1.09419  -0.48564  0.388471  0.921461  0.656575
h 1939   -316243  1.09419  -0.496575  0.388471  0.921461  0.665166
h 1940   -322951  1.09419  -0.484836  0.388471  0.921461  0.655943
h 1948   -311223  1.09419  -0.50536  0.388471  0.921461  0.672069
h 1949   -298961  1.09419  -0.526818  0.388471  0.921461  0.688929
h 1950   -293022  1.09419  -0.537212  0.388471  0.921461  0.697096
h 1951   -538472  1.09419  -0.107675  0.388471  0.921461  0.359602
h 1953   -591874  1.09419  -0.0142198  0.388471  0.921461  0.286173
h 1954   -530557  1.09419  -0.121525  0.388471  0.921461  0.370484
h 1970   -352741  1.09419  -0.432704  0.388471  0.921461  0.614982
h 1971   -350471  1.09419  -0.436676  0.388471  0.921461  0.618103
h 1974   -276253  1.09419  -0.566557  0.388471  0.921461  0.720152
h 1975   -272112  1.09419  -0.573804  0.388471  0.921461  0.725847
h 1978   -320778  1.09419  -0.488638  0.388471  0.921461  0.658931
h 1979   -323136  1.09419  -0.484513  0.388471  0.921461  0.655689
h 1980   -321682  1.09419  -0.487056  0.388471  0.921461  0.657687
h 1981   -310396  1.09419  -0.506806  0.388471  0.921461  0.673206
h 1982   -312737  1.09419  -0.502711  0.388471  0.921461  0.669988
h 1985   -315886  1.09419  -0.497199  0.388471  0.921461  0.665657
h 1986   -310892  1.09419  -0.50594  0.388471  0.921461  0.672525
h 1989   -301407  1.09419  -0.522537  0.388471  0.921461  0.685566
h 1990   -292453  1.09419  -0.538207  0.388471  0.921461  0.697878
E_DATA
B_MESH_DATA
Dim 2 
NumPts 416 
NumElems 636 
1   0.00734561   0.0237364    0
2   0.00736845   0.0236216    0
3   0.00679129   0.0235068    0
4   0.00728058   0.0238337    0
5   0.00685632   0.0234094    0
6   0.00718325   0.0238987    0
7   0.00706845   0.0239216    0
8   0.00695364   0.0233444    0
9   0.00706845   0.0233216    0
10   0.00695364   0.0238987    0
11   0.00685632   0.0238337    0
12   0.00718325   0.0233444    0
13   0.00679129   0.0237364    0
14   0.00728058   0.0234094    0
15   0.00676845   0.0236216    0
16   0.00734561   0.0235068    0
17   0.00762088   0.0217792    0
18   0.0123354   0.0149897    0
19   0.0114139   0.0146012    0
20   0.0115888   0.0159506    0
21   0.00635328   0.0254679    0
22   0.00459291   0.0281897    0
23   0.0035477   0.0293651    0
24   0.005173   0.0293375    0
25   0.00939184   0.0213282    0
26   0.00859557   0.0199992    0
27   0.00710703   0.0203123    0
28   0.00563812   0.0270143    0
29   0.00711162   0.0267369    0
30   0.00793285   0.0251466    0
31   0.00421266   0.0271778    0
32   0.00624844   0.0220829    0
33   0.00364447   0.0330304    0
34   0.00492206   0.0325741    0
35   0.00370489   0.0316    0
36   0.00663116   0.0278766    0
37   0.0063986   0.0290382    0
38   0.00876686   0.023082    0
39   0.00582223   0.0230041    0
40   0.00464507   0.0261521    0
41   0.00525417   0.0245618    0
42   0.00877324   0.0187832    0
43   0.0101078   0.01963    0
44   0.0089509   0.0175671    0
45   0.00765594   0.0182157    0
46   0.00967686   0.0182486    0
47   0.0103441   0.018672    0
48   0.0105805   0.0177141    0
49   0.0111002   0.0184874    0
50   0.00969034   0.0166078    0
51   0.00831974   0.0166411    0
52   0.0110846   0.0168323    0
53   0.0125678   0.0157255    0
54   0.0132568   0.0153781    0
55   0.0119424   0.0166468    0
56   0.00160139   0.0314411    0
57   0.00180155   0.0322535    0
58   0.00255306   0.0311144    0
59   0.00140124   0.0306288    0
60   0.00272301   0.0326419    0
61   0.0100914   0.0154102    0
62   0.0104924   0.0142127    0
63   0.0088002   0.0155015    0
64   0.00918559   0.0146629    0
65   0.00816904   0.0145755    0
66   0.00957097   0.0138242    0
67   0.00792881   0.0151453    0
68   0.00834986   0.0241143    0
69   0.00752224   0.0259417    0
70   0.00825899   0.025803    0
71   0.00906558   0.0253198    0
72   0.0130285   0.0159197    0
73   0.0128002   0.0164613    0
74   0.00461701   0.0300464    0
75   0.00362629   0.0304825    0
76   0.00277434   0.0299376    0
77   0.00393235   0.0262338    0
78   0.00347385   0.0282783    0
79   0.00349994   0.0272595    0
80   0.00321962   0.0263156    0
81   0.00974981   0.0204791    0
82   0.0108639   0.0194454    0
83   0.00738148   0.019264    0
84   0.00667774   0.0211976    0
85   0.00636276   0.0204689    0
86   0.00114066   0.0312469    0
87   0.000880084   0.031865    0
88   0.00208779   0.0302832    0
89   0.00192239   0.0293926    0
90   0.00166182   0.0300107    0
91   0.00840928   0.0140056    0
92   0.00870772   0.024717    0
93   0.00930581   0.02475    0
94   0.00954604   0.0241802    0
95   0.00736791   0.0277378    0
96   0.00882535   0.0258896    0
97   0.00858512   0.0264595    0
98   0.00784837   0.0265982    0
99   0.00810467   0.0275991    0
100   0.00256457   0.0291523    0
101   0.0023548   0.0283669    0
102   0.00300341   0.0268284    0
103   0.00278721   0.0273413    0
104   0.00313053   0.0278098    0
105   0.00343582   0.0258027    0
106   0.00257101   0.0278541    0
107   0.0104874   0.0203383    0
108   0.0112251   0.0201975    0
109   0.0114225   0.0197291    0
110   0.01162   0.0192607    0
111   0.00899012   0.0139149    0
112   0.00864951   0.0134358    0
113   0.00911024   0.01363    0
114   0.00134081   0.0320592    0
115   0.00556222   0.0222348    0
116   0.00596249   0.0213518    0
117   0.00524725   0.021506    0
118   0.00561849   0.0206254    0
119   0.00668561   0.0195044    0
120   0.00598973   0.0197448    0
121   0.00617535   0.0193045    0
122   0.00636098   0.0188642    0
123   0.00580411   0.0201851    0
124   0.00712769   0.0283077    0
125   0.00701141   0.0288885    0
126   0.00762421   0.0287388    0
127   0.00469561   0.0311638    0
128   0.00568633   0.0307277    0
129   0.00544764   0.0316408    0
130   0.00456593   0.0334189    0
131   0.00548739   0.0338074    0
132   0.00520473   0.0331907    0
133   0.00556086   0.032346    0
134   0.00619966   0.0321178    0
135   0.00584353   0.0329626    0
136   0.00604247   0.0298829    0
137   0.00629913   0.030578    0
138   0.00703718   0.0186705    0
139   0.00924527   0.0160546    0
140   0.00855997   0.0160713    0
141   0.00768858   0.0157151    0
142   0.00800416   0.0161781    0
143   0.00798784   0.0174284    0
144   0.00734036   0.0177527    0
145   0.00669288   0.0180769    0
146   0.00907935   0.0222051    0
147   0.00915645   0.0236311    0
148   0.010111   0.0212312    0
149   0.0108302   0.0211342    0
150   0.00605524   0.0241977    0
151   0.0055382   0.0237829    0
152   0.00519612   0.0230583    0
153   0.00487601   0.0223866    0
154   0.00430155   0.0253581    0
155   0.00365203   0.0252899    0
156   0.0046061   0.0245629    0
157   0.00395802   0.0245641    0
158   0.00786444   0.0281689    0
159   0.00834489   0.0270293    0
160   0.0021386   0.0288798    0
161   0.0110276   0.0206658    0
162   0.00506163   0.0219463    0
163   0.00543287   0.0210657    0
164   0.00602159   0.0325402    0
165   0.00566546   0.033385    0
166   0.00600172   0.0314569    0
167   0.0065558   0.0312731    0
168   0.00744614   0.0291612    0
169   0.00726807   0.0295835    0
170   0.00637773   0.0316954    0
171   0.00673387   0.0308507    0
172   0.00691194   0.0304283    0
173   0.00665527   0.0297332    0
174   0.00709   0.0300059    0
175   0.00752263   0.0161088    0
176   0.00735668   0.0165024    0
177   0.00652693   0.0184706    0
178   0.00767226   0.0169654    0
179   0.00702478   0.0172897    0
180   0.00685883   0.0176833    0
181   0.00979424   0.0220504    0
182   0.0105091   0.0218957    0
183   0.00947321   0.0228119    0
184   0.00986707   0.0234187    0
185   0.0101881   0.0226572    0
186   0.0103486   0.0222764    0
187   0.0100276   0.0230379    0
188   0.00970656   0.0237994    0
189   0.0106697   0.0215149    0
190   0.00380503   0.024927    0
191   0.00472301   0.0227495    0
192   0.00457001   0.0231124    0
193   0.00490111   0.0238106    0
194   0.00507764   0.0241862    0
195   0.0047536   0.0241868    0
196   0.00426402   0.0238382    0
197   0.00411102   0.0242012    0
198   0.00719073   0.016896    0
199   0.00441701   0.0234753    0
200   0.0113953   0.0177876    0
201   0.0116688   0.0172172    0
202   0.0125051   0.0171612    0
203   0.0109821   0.0189664    0
204   0.0113601   0.0188741    0
205   0.0122551   0.0161862    0
206   0.0123713   0.0165541    0
207   0.0116552   0.0181742    0
208   0.011915   0.0185609    0
209   0.0120625   0.018211    0
210   0.0122101   0.017861    0
211   0.0117675   0.0189108    0
212   0.0119395   0.0175391    0
213   0.0123576   0.0175111    0
214   0.0126526   0.0168112    0
215   0.0146012   0.0114139    0
216   0.0149897   0.0123354    0
217   0.0159506   0.0115888    0
218   0.0158899   0.00972167    0
219   0.0174433   0.0106946    0
220   0.0175671   0.0089509    0
221   0.019467   0.00995293    0
222   0.0196732   0.00828589    0
223   0.0257115   0.00663038    0
224   0.0273315   0.00639043    0
225   0.0259242   0.00515665    0
226   0.0214567   0.00922553    0
227   0.0217792   0.00762088    0
228   0.0293375   0.005173    0
229   0.0293651   0.0035477    0
230   0.0279345   0.00415079    0
231   0.0229797   0.00858346    0
232   0.0240915   0.00687033    0
233   0.0316   0.00370489    0
234   0.0327037   0.00459614    0
235   0.0330304   0.00364447    0
236   0.0164062   0.00841878    0
237   0.018364   0.00770486    0
238   0.0220829   0.00624844    0
239   0.0201493   0.00695219    0
240   0.0241358   0.00820819    0
241   0.0264895   0.00743741    0
242   0.0304688   0.00443895    0
243   0.0283345   0.00578171    0
244   0.0290382   0.0063986    0
245   0.0280351   0.00700732    0
246   0.027633   0.00527061    0
247   0.0269294   0.00465372    0
248   0.023239   0.00587317    0
249   0.0245816   0.00551491    0
250   0.027233   0.00363968    0
251   0.0286636   0.00303659    0
252   0.0257539   0.00774752    0
253   0.0303351   0.00572325    0
254   0.0248406   0.00462357    0
255   0.0260145   0.00419297    0
256   0.0234534   0.00510453    0
257   0.0334189   0.00456593    0
258   0.0332555   0.00504176    0
259   0.0327358   0.00593914    0
260   0.0338074   0.00548739    0
261   0.0310665   0.00541492    0
262   0.0316642   0.00639089    0
263   0.0322   0.00616502    0
264   0.0173814   0.0115665    0
265   0.016635   0.0120136    0
266   0.0173194   0.0124384    0
267   0.0156692   0.0125915    0
268   0.0153781   0.0132568    0
269   0.0163488   0.0128476    0
270   0.0184551   0.0103238    0
271   0.0204618   0.00958923    0
272   0.0193639   0.0107865    0
273   0.0322535   0.00180155    0
274   0.0314411   0.00160139    0
275   0.0311144   0.00255306    0
276   0.0173109   0.00803736    0
277   0.0157607   0.00870683    0
278   0.0151152   0.00899488    0
279   0.0192566   0.00732852    0
280   0.0195068   0.00665658    0
281   0.0211161   0.00660032    0
282   0.0203874   0.00628534    0
283   0.0197448   0.00598973    0
284   0.0230272   0.00460595    0
285   0.0223866   0.00487601    0
286   0.0236678   0.00433588    0
287   0.0312469   0.00114066    0
288   0.0306288   0.00140124    0
289   0.031865   0.000880084    0
290   0.0302397   0.00305038    0
291   0.0304343   0.00222581    0
292   0.0300107   0.00166182    0
293   0.0293926   0.00192239    0
294   0.0332716   0.00571326    0
295   0.0178048   0.0122338    0
296   0.0182901   0.0120292    0
297   0.0168341   0.012643    0
298   0.0183726   0.0111765    0
299   0.0192607   0.01162    0
300   0.0158635   0.0130522    0
301   0.0187754   0.0118246    0
302   0.0203296   0.0104072    0
303   0.0201975   0.0112251    0
304   0.0197291   0.0114225    0
305   0.0152456   0.0105678    0
306   0.0142127   0.0104924    0
307   0.014664   0.00974365    0
308   0.0138242   0.00957097    0
309   0.0144697   0.00928292    0
310   0.0143405   0.00826809    0
311   0.0139528   0.00896622    0
312   0.01363   0.00911024    0
313   0.0134358   0.00864951    0
314   0.0320592   0.00134081    0
315   0.0167305   0.0077713    0
316   0.0170547   0.00712382    0
317   0.0177094   0.00741434    0
318   0.0159554   0.00810604    0
319   0.01615   0.00750524    0
320   0.0151802   0.00844077    0
321   0.0152453   0.00788666    0
322   0.0156976   0.00769595    0
323   0.0186081   0.00703546    0
324   0.0188642   0.00636098    0
325   0.0179595   0.0067424    0
326   0.0222348   0.00556222    0
327   0.0213111   0.00592378    0
328   0.0206254   0.00561849    0
329   0.021506   0.00524725    0
330   0.0193045   0.00617535    0
331   0.0201851   0.00580411    0
332   0.0249227   0.00730893    0
333   0.0249449   0.00797785    0
334   0.0235799   0.00906475    0
335   0.0241802   0.00954604    0
336   0.024158   0.00887711    0
337   0.0222182   0.00890449    0
338   0.0220569   0.00970682    0
339   0.0212954   0.0100278    0
340   0.0218957   0.0105091    0
341   0.0211342   0.0108302    0
342   0.0272623   0.00722236    0
343   0.0268786   0.00784092    0
344   0.026143   0.00815104    0
345   0.026532   0.00855455    0
346   0.0288885   0.00701141    0
347   0.028387   0.00731576    0
348   0.0287388   0.00762421    0
349   0.0309997   0.00605707    0
350   0.0296866   0.00606093    0
351   0.0302683   0.0063654    0
352   0.0309329   0.00669922    0
353   0.024147   0.00486405    0
354   0.0254276   0.00440827    0
355   0.0249701   0.0041779    0
356   0.0243837   0.00403406    0
357   0.0266238   0.00391633    0
358   0.0255571   0.0039626    0
359   0.0250997   0.00373223    0
360   0.0268823   0.00338413    0
361   0.0293789   0.00273504    0
362   0.0206658   0.0110276    0
363   0.0175071   0.00693311    0
364   0.0166024   0.00731453    0
365   0.0147929   0.00807738    0
366   0.0138881   0.0084588    0
367   0.0184119   0.00655169    0
368   0.0219463   0.00506163    0
369   0.0210657   0.00543287    0
370   0.0253706   0.00842126    0
371   0.0257964   0.00886466    0
372   0.0253923   0.00903501    0
373   0.0247643   0.00864919    0
374   0.0249883   0.00920535    0
375   0.0245842   0.0093757    0
376   0.0222764   0.0103486    0
377   0.0226572   0.0101881    0
378   0.0228184   0.00938578    0
379   0.0234187   0.00986707    0
380   0.0230379   0.0100276    0
381   0.0237994   0.00970656    0
382   0.0215149   0.0106697    0
383   0.0268998   0.00839949    0
384   0.0272676   0.00824444    0
385   0.0261642   0.00870961    0
386   0.028371   0.00777927    0
387   0.0280032   0.00793432    0
388   0.0276328   0.00757834    0
389   0.0276354   0.00808938    0
390   0.0312985   0.00654506    0
391   0.0291045   0.00747004    0
392   0.0294701   0.00731588    0
393   0.0305672   0.00685339    0
394   0.0302015   0.00700755    0
395   0.0295784   0.0066884    0
396   0.0298358   0.00716171    0
397   0.0242654   0.00444905    0
398   0.0254576   0.00358132    0
399   0.0258156   0.0034304    0
400   0.0262197   0.00367336    0
401   0.0265315   0.00312857    0
402   0.0261736   0.00327949    0
403   0.0247417   0.00388314    0
404   0.0290281   0.00247949    0
405   0.0268892   0.0029778    0
406   0.0272468   0.00282703    0
407   0.0279483   0.00333813    0
408   0.0283128   0.00278104    0
409   0.0286774   0.00222394    0
410   0.0326419   0.00272301    0
411   0.0240257   0.00418497    0
412   0.029035   0.00207316    0
413   0.0275976   0.00308258    0
414   0.0279621   0.00252548    0
415   0.0276044   0.00267626    0
416   0.0283197   0.00237471    0
320  2745  1  2  3 
321  2745  4  1  3 
322  2745  5  3  2 
323  2745  4  3  6 
324  2745  7  6  3 
325  2745  8  5  2 
326  2745  8  2  9 
327  2745  7  3  10 
328  2745  10  3  11 
329  2745  12  9  2 
330  2745  13  11  3 
331  2745  14  12  2 
332  2745  15  13  3 
333  2745  16  14  2 
318  2373  12  17  9 
319  2373  14  17  12 
335  2373  18  19  20 
339  2373  21  7  10 
347  2373  22  23  24 
348  2373  25  26  17 
349  2373  26  27  17 
652  2373  28  29  21 
653  2373  30  4  6 
654  2373  30  6  7 
655  2373  7  21  30 
659  2373  28  31  22 
698  2373  32  8  9 
699  2373  9  17  32 
702  2373  33  34  35 
703  2373  28  36  29 
704  2373  36  28  22 
705  2373  22  24  37 
706  2373  37  36  22 
720  2373  38  17  14 
721  2373  14  16  38 
734  2373  39  15  3 
735  2373  39  3  5 
736  2373  39  5  8 
737  2373  8  32  39 
738  2373  28  40  31 
739  2373  40  28  21 
740  2373  21  41  40 
763  2373  42  26  43 
764  2373  42  44  45 
765  2373  46  42  43 
766  2373  42  46  44 
767  2373  47  48  46 
768  2373  43  47  46 
769  2373  49  48  47 
774  2373  46  48  50 
775  2373  50  44  46 
776  2373  51  44  50 
777  2373  48  52  50 
799  2373  53  18  20 
800  2373  18  53  54 
806  2373  52  55  20 
810  2373  56  57  58 
811  2373  59  56  58 
831  2373  60  33  35 
832  2373  58  57  60 
833  2373  60  35  58 
849  2373  52  20  61 
850  2373  61  50  52 
851  2373  19  62  61 
852  2373  61  20  19 
853  2373  63  64  65 
854  2373  64  63  61 
855  2373  62  66  64 
856  2373  64  61  62 
867  2373  65  67  63 
869  2373  4  30  68 
870  2373  68  1  4 
871  2373  2  1  68 
872  2373  16  2  68 
873  2373  68  38  16 
875  2373  29  69  21 
876  2373  69  30  21 
877  2373  30  70  71 
878  2373  70  30  69 
889  2373  72  54  53 
890  2373  73  72  53 
910  2373  23  74  24 
911  2373  35  75  58 
912  2373  23  75  74 
913  2373  75  76  58 
914  2373  76  75  23 
915  2373  40  77  31 
916  2373  22  78  23 
917  2373  78  22  31 
918  2373  31  79  78 
919  2373  79  31  77 
920  2373  77  80  79 
979  2373  25  81  26 
980  2373  81  43  26 
1006  2373  43  82  47 
1031  2373  83  27  26 
1032  2373  42  45  83 
1033  2373  83  26  42 
1046  2373  27  84  17 
1047  2373  84  32  17 
1048  2373  27  85  84 
1073  2373  86  87  56 
1074  2373  59  86  56 
1080  2373  76  88  58 
1081  2373  88  59  58 
1082  2373  88  76  89 
1091  2373  90  59  88 
1092  2373  89  90  88 
1100  2373  91  65  64 
1103  2373  71  92  30 
1104  2373  92  68  30 
1107  2373  93  94  92 
1108  2373  71  93  92 
1109  2373  36  95  29 
1118  2373  96  71  70 
1119  2373  97  96  70 
1122  2373  29  98  69 
1123  2373  98  29  95 
1124  2373  95  99  98 
1125  2373  98  97  70 
1126  2373  70  69  98 
1136  2373  100  76  23 
1137  2373  76  100  89 
1138  2373  100  23  78 
1139  2373  78  101  100 
1143  2373  102  103  79 
1144  2373  80  102  79 
1147  2373  78  104  101 
1148  2373  104  78  79 
1149  2373  103  104  79 
1153  2373  105  80  77 
1158  2373  106  101  104 
1159  2373  103  106  104 
1208  2373  81  107  43 
1209  2373  82  43  107 
1210  2373  107  108  82 
1221  2373  109  110  82 
1222  2373  108  109  82 
1223  2373  91  111  112 
1224  2373  111  91  64 
1225  2373  66  111  64 
1227  2373  113  112  111 
1228  2373  66  113  111 
1254  2373  114  57  56 
1255  2373  87  114  56 
1298  2373  32  115  39 
1312  2373  84  116  32 
1313  2373  115  32  116 
1314  2373  116  117  115 
1315  2373  85  118  116 
1316  2373  116  84  85 
1317  2373  83  119  27 
1318  2373  85  27  119 
1319  2373  119  120  85 
1322  2373  121  120  119 
1323  2373  122  121  119 
1344  2373  123  118  85 
1345  2373  120  123  85 
1359  2373  124  36  37 
1360  2373  36  124  95 
1361  2373  125  126  124 
1362  2373  37  125  124 
1363  2373  127  35  34 
1364  2373  127  128  74 
1365  2373  127  74  75 
1366  2373  75  35  127 
1367  2373  129  127  34 
1368  2373  127  129  128 
1370  2373  33  130  34 
1373  2373  131  132  130 
1374  2373  132  34  130 
1375  2373  34  133  129 
1376  2373  133  134  129 
1377  2373  133  34  132 
1378  2373  132  135  133 
1387  2373  136  37  24 
1388  2373  136  24  74 
1389  2373  74  128  136 
1390  2373  128  137  136 
1410  2373  138  83  45 
1411  2373  119  83  138 
1412  2373  138  122  119 
1413  2373  50  139  51 
1414  2373  139  50  61 
1415  2373  63  139  61 
1416  2373  63  140  139 
1417  2373  140  51  139 
1418  2373  140  63  67 
1419  2373  67  141  140 
1420  2373  142  51  140 
1421  2373  141  142  140 
1431  2373  51  143  44 
1432  2373  143  45  44 
1435  2373  144  45  143 
1436  2373  138  45  144 
1437  2373  144  145  138 
1444  2373  38  146  17 
1445  2373  146  25  17 
1454  2373  147  38  68 
1455  2373  92  94  147 
1456  2373  147  68  92 
1470  2373  25  148  81 
1471  2373  148  149  107 
1472  2373  107  81  148 
1539  2373  150  11  13 
1540  2373  150  41  21 
1541  2373  150  21  10 
1542  2373  10  11  150 
1543  2373  150  13  15 
1544  2373  151  41  150 
1545  2373  151  150  15 
1546  2373  15  39  151 
1547  2373  39  152  151 
1548  2373  115  153  152 
1549  2373  152  39  115 
1550  2373  154  40  41 
1551  2373  77  40  154 
1552  2373  105  77  154 
1553  2373  154  155  105 
1562  2373  41  156  154 
1563  2373  156  157  154 
1595  2373  158  99  95 
1598  2373  158  95  124 
1599  2373  124  126  158 
1603  2373  159  97  98 
1604  2373  99  159  98 
1607  2373  160  89  100 
1608  2373  101  160  100 
1615  2373  161  108  107 
1616  2373  149  161  107 
1652  2373  162  153  115 
1653  2373  117  162  115 
1660  2373  163  117  116 
1661  2373  118  163  116 
1664  2373  164  134  133 
1665  2373  135  164  133 
1668  2373  165  135  132 
1669  2373  131  165  132 
1672  2373  129  166  128 
1673  2373  166  129  134 
1674  2373  137  128  166 
1675  2373  166  167  137 
1680  2373  168  126  125 
1681  2373  169  168  125 
1688  2373  170  167  166 
1689  2373  134  170  166 
1696  2373  171  172  137 
1697  2373  167  171  137 
1700  2373  136  173  37 
1701  2373  125  37  173 
1702  2373  173  169  125 
1703  2373  137  172  173 
1704  2373  173  136  137 
1707  2373  174  169  173 
1708  2373  172  174  173 
1725  2373  175  176  142 
1726  2373  141  175  142 
1729  2373  177  122  138 
1730  2373  145  177  138 
1733  2373  178  143  51 
1734  2373  178  51  142 
1735  2373  142  176  178 
1736  2373  178  179  144 
1737  2373  144  143  178 
1743  2373  180  145  144 
1744  2373  179  180  144 
1757  2373  146  181  25 
1758  2373  148  25  181 
1759  2373  181  182  148 
1760  2373  183  146  38 
1761  2373  183  38  147 
1762  2373  147  184  183 
1763  2373  183  185  181 
1764  2373  181  146  183 
1770  2373  186  182  181 
1771  2373  185  186  181 
1776  2373  187  185  183 
1777  2373  184  187  183 
1782  2373  188  184  147 
1783  2373  94  188  147 
1791  2373  189  149  148 
1792  2373  182  189  148 
1874  2373  190  155  154 
1875  2373  157  190  154 
1878  2373  191  192  152 
1879  2373  153  191  152 
1882  2373  193  151  152 
1883  2373  152  192  193 
1884  2373  193  194  151 
1885  2373  194  41  151 
1886  2373  41  194  156 
1887  2373  195  193  196 
1888  2373  195  156  194 
1889  2373  193  195  194 
1890  2373  197  157  156 
1892  2373  195  196  197 
1893  2373  197  156  195 
1962  2373  198  179  178 
1963  2373  176  198  178 
1966  2373  199  196  193 
1967  2373  192  199  193 
1997  2373  200  48  49 
1998  2373  48  200  52 
2004  2373  200  201  52 
2005  2373  201  55  52 
2006  2373  202  55  201 
2007  2373  82  203  47 
2008  2373  203  49  47 
2009  2373  203  82  110 
2010  2373  204  49  203 
2011  2373  110  204  203 
2015  2373  53  205  73 
2016  2373  205  53  20 
2017  2373  55  205  20 
2018  2373  206  55  202 
2019  2373  55  206  205 
2020  2373  206  73  205 
2043  2373  207  200  49 
2044  2373  207  49  204 
2045  2373  204  208  207 
2048  2373  209  210  207 
2049  2373  208  209  207 
2054  2373  211  208  204 
2055  2373  110  211  204 
2058  2373  212  201  200 
2059  2373  201  212  202 
2060  2373  207  210  212 
2061  2373  212  200  207 
2063  2373  213  202  212 
2064  2373  210  213  212 
2067  2373  214  73  206 
2068  2373  202  214  206 
334  2424  215  216  217 
337  2424  218  217  219 
338  2424  219  220  218 
340  2424  221  222  220 
341  2424  223  224  225 
342  2424  226  227  222 
343  2424  228  229  230 
346  2424  227  231  232 
657  2424  233  234  235 
691  2424  220  236  218 
694  2424  222  237  220 
697  2424  238  227  232 
701  2424  239  222  227 
713  2424  240  232  231 
728  2424  223  241  224 
730  2424  228  242  229 
743  2424  243  228  230 
744  2424  228  243  244 
745  2424  245  244  243 
746  2424  243  224  245 
747  2424  224  246  225 
748  2424  230  246  243 
749  2424  246  224  243 
750  2424  247  225  246 
751  2424  230  247  246 
752  2424  232  248  238 
753  2424  249  248  232 
754  2424  249  232  223 
755  2424  223  225  249 
758  2424  230  250  247 
762  2424  229  251  230 
801  2424  223  252  241 
803  2424  253  242  228 
804  2424  254  249  225 
805  2424  247  255  225 
808  2424  256  248  249 
893  2424  257  235  234 
896  2424  258  234  259 
897  2424  258  260  257 
898  2424  234  258  257 
903  2424  261  242  253 
904  2424  261  234  233 
905  2424  233  242  261 
907  2424  262  263  261 
908  2424  234  261  263 
909  2424  263  259  234 
949  2424  264  219  217 
965  2424  217  265  264 
966  2424  265  266  264 
967  2424  216  267  217 
968  2424  267  216  268 
969  2424  265  217  267 
970  2424  267  269  265 
971  2424  270  221  220 
972  2424  219  270  220 
977  2424  221  271  222 
978  2424  271  226  222 
1005  2424  272  221  270 
1007  2424  273  274  275 
1021  2424  220  276  236 
1022  2424  276  220  237 
1026  2424  236  277  218 
1027  2424  277  278  218 
1028  2424  279  237  222 
1029  2424  239  279  222 
1030  2424  239  280  279 
1041  2424  238  281  227 
1042  2424  281  239  227 
1043  2424  282  239  281 
1044  2424  280  239  282 
1045  2424  282  283  280 
1065  2424  284  285  256 
1066  2424  286  284  256 
1071  2424  287  288  274 
1072  2424  289  287  274 
1077  2424  290  229  242 
1078  2424  290  242  233 
1079  2424  233  275  290 
1083  2424  291  290  275 
1084  2424  274  288  291 
1085  2424  291  275  274 
1088  2424  292  293  291 
1089  2424  288  292  291 
1132  2424  294  260  258 
1133  2424  259  294  258 
1175  2424  295  296  264 
1176  2424  266  295  264 
1183  2424  297  266  265 
1184  2424  269  297  265 
1187  2424  298  270  219 
1188  2424  272  270  298 
1189  2424  298  299  272 
1190  2424  298  219  264 
1191  2424  264  296  298 
1196  2424  300  269  267 
1197  2424  268  300  267 
1201  2424  301  299  298 
1202  2424  296  301  298 
1205  2424  302  271  221 
1206  2424  302  221  272 
1207  2424  272  303  302 
1217  2424  304  303  272 
1218  2424  299  304  272 
1229  2424  215  305  306 
1230  2424  305  215  217 
1231  2424  218  305  217 
1232  2424  306  307  308 
1233  2424  307  306  305 
1234  2424  307  305  218 
1235  2424  218  278  307 
1236  2424  309  278  310 
1237  2424  278  309  307 
1238  2424  309  308  307 
1239  2424  309  311  308 
1240  2424  311  309  310 
1242  2424  312  308  311 
1243  2424  313  312  311 
1244  2424  314  289  274 
1245  2424  273  314  274 
1258  2424  315  276  316 
1259  2424  276  315  236 
1260  2424  237  317  276 
1261  2424  317  316  276 
1266  2424  318  277  236 
1267  2424  318  236  315 
1268  2424  315  319  318 
1269  2424  278  320  310 
1270  2424  320  278  277 
1271  2424  318  321  320 
1272  2424  320  277  318 
1276  2424  322  321  318 
1277  2424  319  322  318 
1288  2424  279  323  237 
1289  2424  323  279  280 
1290  2424  280  324  323 
1291  2424  317  237  323 
1292  2424  323  325  317 
1295  2424  326  238  248 
1296  2424  326  248  256 
1297  2424  256  285  326 
1303  2424  327  281  238 
1304  2424  327  328  282 
1305  2424  282  281  327 
1306  2424  327  238  326 
1307  2424  326  329  327 
1308  2424  330  324  280 
1309  2424  283  330  280 
1335  2424  331  283  282 
1336  2424  328  331  282 
1395  2424  232  332  223 
1396  2424  332  252  223 
1397  2424  332  232  240 
1398  2424  333  252  332 
1399  2424  240  333  332 
1404  2424  231  334  240 
1405  2424  335  336  334 
1406  2424  336  240  334 
1441  2424  226  337  227 
1442  2424  337  231  227 
1443  2424  226  338  337 
1465  2424  339  226  271 
1466  2424  338  226  339 
1467  2424  339  340  338 
1468  2424  302  341  339 
1469  2424  339  271  302 
1506  2424  241  342  224 
1507  2424  342  245  224 
1508  2424  241  343  342 
1511  2424  252  344  241 
1512  2424  343  241  344 
1513  2424  344  345  343 
1514  2424  346  244  245 
1515  2424  347  348  346 
1516  2424  245  347  346 
1524  2424  349  261  253 
1525  2424  261  349  262 
1531  2424  244  350  228 
1532  2424  350  253  228 
1533  2424  351  253  350 
1534  2424  349  253  351 
1535  2424  351  352  349 
1568  2424  254  353  249 
1569  2424  353  256  249 
1570  2424  256  353  286 
1574  2424  255  354  225 
1575  2424  354  254  225 
1576  2424  254  355  356 
1577  2424  355  254  354 
1578  2424  250  357  247 
1579  2424  357  255  247 
1580  2424  255  358  354 
1581  2424  358  359  355 
1582  2424  355  354  358 
1590  2424  250  360  357 
1591  2424  229  361  251 
1592  2424  361  229  290 
1593  2424  361  290  291 
1594  2424  291  293  361 
1611  2424  362  341  302 
1612  2424  303  362  302 
1623  2424  363  316  317 
1624  2424  325  363  317 
1627  2424  364  319  315 
1628  2424  316  364  315 
1632  2424  365  310  320 
1633  2424  321  365  320 
1640  2424  366  313  311 
1641  2424  310  366  311 
1644  2424  367  325  323 
1645  2424  324  367  323 
1648  2424  368  329  326 
1649  2424  285  368  326 
1656  2424  369  328  327 
1657  2424  329  369  327 
1709  2424  333  370  252 
1710  2424  370  371  344 
1711  2424  344  252  370 
1714  2424  372  371  370 
1715  2424  373  370  333 
1716  2424  240  336  373 
1717  2424  373  333  240 
1718  2424  373  374  372 
1719  2424  372  370  373 
1720  2424  335  375  336 
1723  2424  375  374  373 
1724  2424  373  336  375 
1747  2424  376  377  338 
1748  2424  340  376  338 
1752  2424  337  378  231 
1753  2424  334  231  378 
1754  2424  378  379  334 
1755  2424  338  377  378 
1756  2424  378  337  338 
1767  2424  380  379  378 
1768  2424  377  380  378 
1778  2424  381  335  334 
1779  2424  379  381  334 
1786  2424  382  340  339 
1787  2424  341  382  339 
1823  2424  383  384  343 
1824  2424  345  383  343 
1829  2424  385  345  344 
1830  2424  371  385  344 
1831  2424  386  348  347 
1832  2424  387  386  347 
1835  2424  342  388  245 
1836  2424  347  245  388 
1837  2424  388  387  347 
1838  2424  343  384  388 
1839  2424  388  342  343 
1842  2424  389  387  388 
1843  2424  384  389  388 
1844  2424  390  262  349 
1845  2424  352  390  349 
1852  2424  391  392  346 
1853  2424  348  391  346 
1861  2424  393  352  351 
1862  2424  394  393  351 
1865  2424  395  350  244 
1866  2424  395  394  351 
1867  2424  351  350  395 
1868  2424  395  244  346 
1869  2424  346  392  395 
1872  2424  396  394  395 
1873  2424  392  396  395 
1899  2424  353  397  286 
1900  2424  397  353  254 
1901  2424  356  397  254 
1911  2424  398  359  358 
1912  2424  399  398  358 
1915  2424  357  400  255 
1916  2424  358  255  400 
1917  2424  400  399  358 
1918  2424  360  401  400 
1919  2424  400  357  360 
1922  2424  402  399  400 
1923  2424  401  402  400 
1924  2424  403  356  355 
1925  2424  359  403  355 
1928  2424  404  361  293 
1929  2424  361  404  251 
1932  2424  405  401  360 
1933  2424  406  405  360 
1939  2424  251  407  230 
1940  2424  407  250  230 
1948  2424  251  408  407 
1949  2424  408  251  404 
1950  2424  404  409  408 
1951  2424  235  410  233 
1953  2424  410  273  275 
1954  2424  275  233  410 
1970  2424  411  286  397 
1971  2424  356  411  397 
1974  2424  412  409  404 
1975  2424  293  412  404 
1978  2424  407  413  250 
1979  2424  360  250  413 
1980  2424  413  406  360 
1981  2424  408  414  413 
1982  2424  413  407  408 
1985  2424  415  406  413 
1986  2424  414  415  413 
1989  2424  416  414  408 
1990  2424  409  416  408 
E_MESH_DATA
