SolidID  6   285 
h  123  -763982 0.999939 0 -1 -0 0
h  124  -763982 0.999939 0 -1 -0 0
h  125  -763982 0.999939 0 -1 -0 0
h  126  -763982 0.999939 0 -1 -0 0
h  127  -763982 0.999939 0 -1 -0 0
h  128  -763982 0.999939 0 -1 -0 0
h  129  -763982 0.999939 0 -1 -0 0
h  130  -763982 0.999939 0 -1 -0 0
h  131  -763982 0.999939 0 -1 -0 0
h  132  -763982 0.999939 0 -1 -0 0
h  133  -763981 0.999939 0 -1 -0 0
h  134  -763981 0.999939 0 -1 -0 0
h  135  -763981 0.999939 0 -1 -0 0
h  136  -763981 0.999939 0 -1 -0 0
h  137  -763978 0.999939 0 -1 -0 0
h  138  -763978 0.999939 0 -1 -0 0
h  139  -763982 0.999939 0 -1 -0 0
h  140  -763982 0.999939 0 -1 -0 0
h  141  -763978 0.999939 0 -1 -0 0
h  142  -763978 0.999939 0 -1 -0 0
h  143  -763981 0.999939 0 -1 -0 0
h  144  -763981 0.999939 0 -1 -0 0
h  145  -763982 0.999939 0 -1 -0 0
h  146  -763982 0.999939 0 -1 -0 0
h  147  -763980 0.999939 0 -1 -0 0
h  148  -763980 0.999939 0 -1 -0 0
h  149  -763980 0.999939 0 -1 -0 0
h  150  -763980 0.999939 0 -1 -0 0
h  151  -763980 0.999939 0 -1 -0 0
h  152  -763980 0.999939 0 -1 -0 0
h  153  -763982 0.999939 0 -1 -0 0
h  154  -763982 0.999939 0 -1 -0 0
h  155  -763982 0.999939 0 -1 -0 0
h  156  -763982 0.999939 0 -1 -0 0
h  157  -763980 0.999939 0 -1 -0 0
h  158  -763980 0.999939 0 -1 -0 0
h  159  -763980 0.999939 0 -1 -0 0
h  160  -763980 0.999939 0 -1 -0 0
h  161  -763980 0.999939 0 -1 -0 0
h  162  -763980 0.999939 0 -1 -0 0
h  163  -763977 0.999939 0 -1 -0 0
h  164  -763977 0.999939 0 -1 -0 0
h  165  -763977 0.999939 0 -1 -0 0
h  166  -763977 0.999939 0 -1 -0 0
h  167  -763982 0.999939 0 -1 -0 0
h  168  -763982 0.999939 0 -1 -0 0
h  169  -763980 0.999939 0 -1 -0 0
h  170  -763980 0.999939 0 -1 -0 0
h  171  -763981 0.999939 0 -1 -0 0
h  172  -763981 0.999939 0 -1 -0 0
h  173  -763980 0.999939 0 -1 -0 0
h  174  -763980 0.999939 0 -1 -0 0
h  175  -763978 0.999939 0 -1 -0 0
h  176  -763978 0.999939 0 -1 -0 0
h  177  -763978 0.999939 0 -1 -0 0
h  178  -763978 0.999939 0 -1 -0 0
h  179  -763982 0.999939 0 -1 -0 0
h  180  -763982 0.999939 0 -1 -0 0
h  181  -763981 0.999939 0 -1 -0 0
h  182  -763981 0.999939 0 -1 -0 0
h  183  -763975 0.999939 0 -1 -0 0
h  184  -763975 0.999939 0 -1 -0 0
h  185  -763976 0.999939 0 -1 -0 0
h  186  -763976 0.999939 0 -1 -0 0
h  187  -763982 0.999939 0 -1 -0 0
h  188  -763982 0.999939 0 -1 -0 0
h  189  -763982 0.999939 0 -1 -0 0
h  190  -763982 0.999939 0 -1 -0 0
h  191  -763972 0.999939 0 -1 -0 0
h  192  -763981 0.999939 0 -1 -0 0
h  193  -763981 0.999939 0 -1 -0 0
h  194  -763972 0.999939 0 -1 -0 0
h  195  -763972 0.999939 0 -1 -0 0
h  196  -763972 0.999939 0 -1 -0 0
h  197  -763982 0.999939 0 -1 -0 0
h  198  -763982 0.999939 0 -1 -0 0
h  199  -763982 0.999939 0 -1 -0 0
h  200  -763982 0.999939 0 -1 -0 0
h  201  -763982 0.999939 0 -1 -0 0
h  202  -763982 0.999939 0 -1 -0 0
h  203  -763982 0.999939 0 -1 -0 0
h  204  -763982 0.999939 0 -1 -0 0
h  205  -763981 0.999939 0 -1 -0 0
h  206  -763981 0.999939 0 -1 -0 0
h  207  -762771 0.999939 0 -1 -0 0
h  208  -762769 0.999939 0 -1 -0 0
h  209  -762764 0.999939 0 -1 -0 0
h  210  -762726 0.999939 0 -1 -0 0
h  211  -763982 0.999939 0 -1 -0 0
h  212  -763982 0.999939 0 -1 -0 0
h  213  -763982 0.999939 0 -1 -0 0
h  214  -763982 0.999939 0 -1 -0 0
h  215  -760808 0.999939 0 -1 -0 0
h  216  -760810 0.999939 0 -1 -0 0
h  217  -763975 0.999939 0 -1 -0 0
h  218  -763975 0.999939 0 -1 -0 0
h  219  -763975 0.999939 0 -1 -0 0
h  220  -763975 0.999939 0 -1 -0 0
h  221  -760810 0.999939 0 -1 -0 0
h  222  -763779 0.999939 0 -1 -0 0
h  223  -763794 0.999939 0 -1 -0 0
h  224  -763794 0.999939 0 -1 -0 0
h  225  -763793 0.999939 0 -1 -0 0
h  226  -760721 0.999939 0 -1 -0 0
h  227  -763776 0.999939 0 -1 -0 0
h  228  -763982 0.999939 0 -1 -0 0
h  229  -763982 0.999939 0 -1 -0 0
h  230  -763982 0.999939 0 -1 -0 0
h  231  -763982 0.999939 0 -1 -0 0
h  232  -763982 0.999939 0 -1 -0 0
h  233  -763982 0.999939 0 -1 -0 0
h  234  -763982 0.999939 0 -1 -0 0
h  235  -763982 0.999939 0 -1 -0 0
h  236  -763982 0.999939 0 -1 -0 0
h  237  -763982 0.999939 0 -1 -0 0
h  238  -763982 0.999939 0 -1 -0 0
h  239  -763982 0.999939 0 -1 -0 0
h  240  -763806 0.999939 0 -1 -0 0
h  241  -763806 0.999939 0 -1 -0 0
h  242  -763806 0.999939 0 -1 -0 0
h  243  -761918 0.999939 0 -1 -0 0
h  244  -763942 0.999939 0 -1 -0 0
h  245  -762264 0.999939 0 -1 -0 0
h  246  -762263 0.999939 0 -1 -0 0
h  247  -762265 0.999939 0 -1 -0 0
h  248  -763947 0.999939 0 -1 -0 0
h  249  -763948 0.999939 0 -1 -0 0
h  250  -763948 0.999939 0 -1 -0 0
h  251  -760416 0.999939 0 -1 -0 0
h  252  -763977 0.999939 0 -1 -0 0
h  253  -763977 0.999939 0 -1 -0 0
h  254  -763282 0.999939 0 -1 -0 0
h  255  -763982 0.999939 0 -1 -0 0
h  256  -763982 0.999939 0 -1 -0 0
h  257  -763982 0.999939 0 -1 -0 0
h  258  -763982 0.999939 0 -1 -0 0
h  259  -763977 0.999939 0 -1 -0 0
h  260  -763977 0.999939 0 -1 -0 0
h  261  -763982 0.999939 0 -1 -0 0
h  262  -763982 0.999939 0 -1 -0 0
h  263  -763982 0.999939 0 -1 -0 0
h  264  -763982 0.999939 0 -1 -0 0
h  265  -763982 0.999939 0 -1 -0 0
h  266  -763982 0.999939 0 -1 -0 0
h  267  -763982 0.999939 0 -1 -0 0
h  268  -763982 0.999939 0 -1 -0 0
h  269  -763971 0.999939 0 -1 -0 0
h  270  -763971 0.999939 0 -1 -0 0
h  271  -760970 0.999939 0 -1 -0 0
h  272  -760970 0.999939 0 -1 -0 0
h  273  -760551 0.999939 0 -1 -0 0
h  274  -763453 0.999939 0 -1 -0 0
h  275  -763453 0.999939 0 -1 -0 0
h  276  -763454 0.999939 0 -1 -0 0
h  277  -763975 0.999939 0 -1 -0 0
h  278  -763975 0.999939 0 -1 -0 0
h  279  -763921 0.999939 0 -1 -0 0
h  280  -763921 0.999939 0 -1 -0 0
h  281  -763921 0.999939 0 -1 -0 0
h  282  -761821 0.999939 0 -1 -0 0
h  283  -761669 0.999939 0 -1 -0 0
h  284  -761652 0.999939 0 -1 -0 0
h  285  -763913 0.999939 0 -1 -0 0
h  286  -760709 0.999939 0 -1 -0 0
h  287  -763436 0.999939 0 -1 -0 0
h  288  -763643 0.999939 0 -1 -0 0
h  289  -763643 0.999939 0 -1 -0 0
h  290  -763638 0.999939 0 -1 -0 0
h  291  -763638 0.999939 0 -1 -0 0
h  292  -763638 0.999939 0 -1 -0 0
h  293  -763982 0.999939 0 -1 -0 0
h  294  -763982 0.999939 0 -1 -0 0
h  295  -763982 0.999939 0 -1 -0 0
h  296  -763982 0.999939 0 -1 -0 0
h  297  -763976 0.999939 0 -1 -0 0
h  298  -763976 0.999939 0 -1 -0 0
h  299  -763976 0.999939 0 -1 -0 0
h  300  -763976 0.999939 0 -1 -0 0
h  301  -763976 0.999939 0 -1 -0 0
h  302  -763976 0.999939 0 -1 -0 0
h  303  -763975 0.999939 0 -1 -0 0
h  304  -763975 0.999939 0 -1 -0 0
h  305  -763675 0.999939 0 -1 -0 0
h  306  -762994 0.999939 0 -1 -0 0
h  307  -762994 0.999939 0 -1 -0 0
h  308  -763675 0.999939 0 -1 -0 0
h  309  -763982 0.999939 0 -1 -0 0
h  310  -763982 0.999939 0 -1 -0 0
h  311  -763982 0.999939 0 -1 -0 0
h  312  -763982 0.999939 0 -1 -0 0
h  313  -763982 0.999939 0 -1 -0 0
h  314  -763982 0.999939 0 -1 -0 0
h  315  -763982 0.999939 0 -1 -0 0
h  316  -763982 0.999939 0 -1 -0 0
h  317  -761768 0.999939 0 -1 -0 0
h  318  -763982 0.999939 0 -1 -0 0
h  319  -763982 0.999939 0 -1 -0 0
h  320  -763982 0.999939 0 -1 -0 0
h  321  -763982 0.999939 0 -1 -0 0
h  322  -763962 0.999939 0 -1 -0 0
h  323  -763962 0.999939 0 -1 -0 0
h  324  -763962 0.999939 0 -1 -0 0
h  325  -763962 0.999939 0 -1 -0 0
h  326  -761684 0.999939 0 -1 -0 0
h  327  -763945 0.999939 0 -1 -0 0
h  328  -763946 0.999939 0 -1 -0 0
h  329  -763946 0.999939 0 -1 -0 0
h  330  -763945 0.999939 0 -1 -0 0
h  331  -763806 0.999939 0 -1 -0 0
h  332  -763807 0.999939 0 -1 -0 0
h  333  -763807 0.999939 0 -1 -0 0
h  334  -762300 0.999939 0 -1 -0 0
h  335  -762286 0.999939 0 -1 -0 0
h  336  -762851 0.999939 0 -1 -0 0
h  337  -762848 0.999939 0 -1 -0 0
h  338  -763975 0.999939 0 -1 -0 0
h  339  -763975 0.999939 0 -1 -0 0
h  340  -763975 0.999939 0 -1 -0 0
h  341  -763975 0.999939 0 -1 -0 0
h  342  -761803 0.999939 0 -1 -0 0
h  343  -763791 0.999939 0 -1 -0 0
h  344  -763974 0.999939 0 -1 -0 0
h  345  -763974 0.999939 0 -1 -0 0
h  346  -763975 0.999939 0 -1 -0 0
h  347  -763975 0.999939 0 -1 -0 0
h  348  -762013 0.999939 0 -1 -0 0
h  349  -762012 0.999939 0 -1 -0 0
h  350  -761811 0.999939 0 -1 -0 0
h  351  -761811 0.999939 0 -1 -0 0
h  352  -763682 0.999939 0 -1 -0 0
h  353  -763148 0.999939 0 -1 -0 0
h  354  -763289 0.999939 0 -1 -0 0
h  355  -763286 0.999939 0 -1 -0 0
h  356  -762897 0.999939 0 -1 -0 0
h  357  -763287 0.999939 0 -1 -0 0
h  358  -763495 0.999939 0 -1 -0 0
h  359  -763495 0.999939 0 -1 -0 0
h  360  -763495 0.999939 0 -1 -0 0
h  361  -763965 0.999939 0 -1 -0 0
h  362  -763965 0.999939 0 -1 -0 0
h  363  -763918 0.999939 0 -1 -0 0
h  364  -763918 0.999939 0 -1 -0 0
h  789  -763978 0.999939 0 -1 -0 0
h  792  -763976 0.999939 0 -1 -0 0
h  793  -763977 0.999939 0 -1 -0 0
h  794  -763978 0.999939 0 -1 -0 0
h  795  -763976 0.999939 0 -1 -0 0
h  796  -763970 0.999939 0 -1 -0 0
h  797  -763975 0.999939 0 -1 -0 0
h  804  -763978 0.999939 0 -1 -0 0
h  808  -763978 0.999939 0 -1 -0 0
h  809  -763976 0.999939 0 -1 -0 0
h  810  -763977 0.999939 0 -1 -0 0
h  811  -763976 0.999939 0 -1 -0 0
h  812  -763969 0.999939 0 -1 -0 0
h  813  -763975 0.999939 0 -1 -0 0
h  821  -763978 0.999939 0 -1 -0 0
h  824  -763976 0.999939 0 -1 -0 0
h  825  -763977 0.999939 0 -1 -0 0
h  826  -763978 0.999939 0 -1 -0 0
h  827  -763976 0.999939 0 -1 -0 0
h  828  -763970 0.999939 0 -1 -0 0
h  829  -763975 0.999939 0 -1 -0 0
h  836  -763978 0.999939 0 -1 -0 0
h  840  -763978 0.999939 0 -1 -0 0
h  841  -763976 0.999939 0 -1 -0 0
h  842  -763977 0.999939 0 -1 -0 0
h  843  -763976 0.999939 0 -1 -0 0
h  844  -763969 0.999939 0 -1 -0 0
h  845  -763975 0.999939 0 -1 -0 0
h  846  -760412 0.999939 0 -1 -0 0
h  849  -761719 0.999939 0 -1 -0 0
h  850  -762049 0.999939 0 -1 -0 0
h  851  -762275 0.999939 0 -1 -0 0
h  852  -760821 0.999939 0 -1 -0 0
h  862  -760451 0.999939 0 -1 -0 0
h  865  -761727 0.999939 0 -1 -0 0
h  866  -762065 0.999939 0 -1 -0 0
h  867  -760839 0.999939 0 -1 -0 0
h  868  -762294 0.999939 0 -1 -0 0
h  878  -760453 0.999939 0 -1 -0 0
h  881  -761728 0.999939 0 -1 -0 0
h  882  -762067 0.999939 0 -1 -0 0
h  883  -760841 0.999939 0 -1 -0 0
h  884  -762296 0.999939 0 -1 -0 0
SolidID  6   285 
h  123  -763982 0.999939 0 -1 -0 0
h  124  -763982 0.999939 0 -1 -0 0
h  125  -763982 0.999939 0 -1 -0 0
h  126  -763982 0.999939 0 -1 -0 0
h  127  -763982 0.999939 0 -1 -0 0
h  128  -763982 0.999939 0 -1 -0 0
h  129  -763982 0.999939 0 -1 -0 0
h  130  -763982 0.999939 0 -1 -0 0
h  131  -763982 0.999939 0 -1 -0 0
h  132  -763982 0.999939 0 -1 -0 0
h  133  -763981 0.999939 0 -1 -0 0
h  134  -763981 0.999939 0 -1 -0 0
h  135  -763981 0.999939 0 -1 -0 0
h  136  -763981 0.999939 0 -1 -0 0
h  137  -763978 0.999939 0 -1 -0 0
h  138  -763978 0.999939 0 -1 -0 0
h  139  -763982 0.999939 0 -1 -0 0
h  140  -763982 0.999939 0 -1 -0 0
h  141  -763978 0.999939 0 -1 -0 0
h  142  -763978 0.999939 0 -1 -0 0
h  143  -763981 0.999939 0 -1 -0 0
h  144  -763981 0.999939 0 -1 -0 0
h  145  -763982 0.999939 0 -1 -0 0
h  146  -763982 0.999939 0 -1 -0 0
h  147  -763980 0.999939 0 -1 -0 0
h  148  -763980 0.999939 0 -1 -0 0
h  149  -763980 0.999939 0 -1 -0 0
h  150  -763980 0.999939 0 -1 -0 0
h  151  -763980 0.999939 0 -1 -0 0
h  152  -763980 0.999939 0 -1 -0 0
h  153  -763982 0.999939 0 -1 -0 0
h  154  -763982 0.999939 0 -1 -0 0
h  155  -763982 0.999939 0 -1 -0 0
h  156  -763982 0.999939 0 -1 -0 0
h  157  -763980 0.999939 0 -1 -0 0
h  158  -763980 0.999939 0 -1 -0 0
h  159  -763980 0.999939 0 -1 -0 0
h  160  -763980 0.999939 0 -1 -0 0
h  161  -763980 0.999939 0 -1 -0 0
h  162  -763980 0.999939 0 -1 -0 0
h  163  -763977 0.999939 0 -1 -0 0
h  164  -763977 0.999939 0 -1 -0 0
h  165  -763977 0.999939 0 -1 -0 0
h  166  -763977 0.999939 0 -1 -0 0
h  167  -763982 0.999939 0 -1 -0 0
h  168  -763982 0.999939 0 -1 -0 0
h  169  -763980 0.999939 0 -1 -0 0
h  170  -763980 0.999939 0 -1 -0 0
h  171  -763981 0.999939 0 -1 -0 0
h  172  -763981 0.999939 0 -1 -0 0
h  173  -763980 0.999939 0 -1 -0 0
h  174  -763980 0.999939 0 -1 -0 0
h  175  -763978 0.999939 0 -1 -0 0
h  176  -763978 0.999939 0 -1 -0 0
h  177  -763978 0.999939 0 -1 -0 0
h  178  -763978 0.999939 0 -1 -0 0
h  179  -763982 0.999939 0 -1 -0 0
h  180  -763982 0.999939 0 -1 -0 0
h  181  -763981 0.999939 0 -1 -0 0
h  182  -763981 0.999939 0 -1 -0 0
h  183  -763975 0.999939 0 -1 -0 0
h  184  -763975 0.999939 0 -1 -0 0
h  185  -763976 0.999939 0 -1 -0 0
h  186  -763976 0.999939 0 -1 -0 0
h  187  -763982 0.999939 0 -1 -0 0
h  188  -763982 0.999939 0 -1 -0 0
h  189  -763982 0.999939 0 -1 -0 0
h  190  -763982 0.999939 0 -1 -0 0
h  191  -763972 0.999939 0 -1 -0 0
h  192  -763981 0.999939 0 -1 -0 0
h  193  -763981 0.999939 0 -1 -0 0
h  194  -763972 0.999939 0 -1 -0 0
h  195  -763972 0.999939 0 -1 -0 0
h  196  -763972 0.999939 0 -1 -0 0
h  197  -763982 0.999939 0 -1 -0 0
h  198  -763982 0.999939 0 -1 -0 0
h  199  -763982 0.999939 0 -1 -0 0
h  200  -763982 0.999939 0 -1 -0 0
h  201  -763982 0.999939 0 -1 -0 0
h  202  -763982 0.999939 0 -1 -0 0
h  203  -763982 0.999939 0 -1 -0 0
h  204  -763982 0.999939 0 -1 -0 0
h  205  -763981 0.999939 0 -1 -0 0
h  206  -763981 0.999939 0 -1 -0 0
h  207  -762771 0.999939 0 -1 -0 0
h  208  -762769 0.999939 0 -1 -0 0
h  209  -762764 0.999939 0 -1 -0 0
h  210  -762726 0.999939 0 -1 -0 0
h  211  -763982 0.999939 0 -1 -0 0
h  212  -763982 0.999939 0 -1 -0 0
h  213  -763982 0.999939 0 -1 -0 0
h  214  -763982 0.999939 0 -1 -0 0
h  215  -760808 0.999939 0 -1 -0 0
h  216  -760810 0.999939 0 -1 -0 0
h  217  -763975 0.999939 0 -1 -0 0
h  218  -763975 0.999939 0 -1 -0 0
h  219  -763975 0.999939 0 -1 -0 0
h  220  -763975 0.999939 0 -1 -0 0
h  221  -760810 0.999939 0 -1 -0 0
h  222  -763779 0.999939 0 -1 -0 0
h  223  -763794 0.999939 0 -1 -0 0
h  224  -763794 0.999939 0 -1 -0 0
h  225  -763793 0.999939 0 -1 -0 0
h  226  -760721 0.999939 0 -1 -0 0
h  227  -763776 0.999939 0 -1 -0 0
h  228  -763982 0.999939 0 -1 -0 0
h  229  -763982 0.999939 0 -1 -0 0
h  230  -763982 0.999939 0 -1 -0 0
h  231  -763982 0.999939 0 -1 -0 0
h  232  -763982 0.999939 0 -1 -0 0
h  233  -763982 0.999939 0 -1 -0 0
h  234  -763982 0.999939 0 -1 -0 0
h  235  -763982 0.999939 0 -1 -0 0
h  236  -763982 0.999939 0 -1 -0 0
h  237  -763982 0.999939 0 -1 -0 0
h  238  -763982 0.999939 0 -1 -0 0
h  239  -763982 0.999939 0 -1 -0 0
h  240  -763806 0.999939 0 -1 -0 0
h  241  -763806 0.999939 0 -1 -0 0
h  242  -763806 0.999939 0 -1 -0 0
h  243  -761918 0.999939 0 -1 -0 0
h  244  -763942 0.999939 0 -1 -0 0
h  245  -762264 0.999939 0 -1 -0 0
h  246  -762263 0.999939 0 -1 -0 0
h  247  -762265 0.999939 0 -1 -0 0
h  248  -763947 0.999939 0 -1 -0 0
h  249  -763948 0.999939 0 -1 -0 0
h  250  -763948 0.999939 0 -1 -0 0
h  251  -760416 0.999939 0 -1 -0 0
h  252  -763977 0.999939 0 -1 -0 0
h  253  -763977 0.999939 0 -1 -0 0
h  254  -763282 0.999939 0 -1 -0 0
h  255  -763982 0.999939 0 -1 -0 0
h  256  -763982 0.999939 0 -1 -0 0
h  257  -763982 0.999939 0 -1 -0 0
h  258  -763982 0.999939 0 -1 -0 0
h  259  -763977 0.999939 0 -1 -0 0
h  260  -763977 0.999939 0 -1 -0 0
h  261  -763982 0.999939 0 -1 -0 0
h  262  -763982 0.999939 0 -1 -0 0
h  263  -763982 0.999939 0 -1 -0 0
h  264  -763982 0.999939 0 -1 -0 0
h  265  -763982 0.999939 0 -1 -0 0
h  266  -763982 0.999939 0 -1 -0 0
h  267  -763982 0.999939 0 -1 -0 0
h  268  -763982 0.999939 0 -1 -0 0
h  269  -763971 0.999939 0 -1 -0 0
h  270  -763971 0.999939 0 -1 -0 0
h  271  -760970 0.999939 0 -1 -0 0
h  272  -760970 0.999939 0 -1 -0 0
h  273  -760551 0.999939 0 -1 -0 0
h  274  -763453 0.999939 0 -1 -0 0
h  275  -763453 0.999939 0 -1 -0 0
h  276  -763454 0.999939 0 -1 -0 0
h  277  -763975 0.999939 0 -1 -0 0
h  278  -763975 0.999939 0 -1 -0 0
h  279  -763921 0.999939 0 -1 -0 0
h  280  -763921 0.999939 0 -1 -0 0
h  281  -763921 0.999939 0 -1 -0 0
h  282  -761821 0.999939 0 -1 -0 0
h  283  -761669 0.999939 0 -1 -0 0
h  284  -761652 0.999939 0 -1 -0 0
h  285  -763913 0.999939 0 -1 -0 0
h  286  -760709 0.999939 0 -1 -0 0
h  287  -763436 0.999939 0 -1 -0 0
h  288  -763643 0.999939 0 -1 -0 0
h  289  -763643 0.999939 0 -1 -0 0
h  290  -763638 0.999939 0 -1 -0 0
h  291  -763638 0.999939 0 -1 -0 0
h  292  -763638 0.999939 0 -1 -0 0
h  293  -763982 0.999939 0 -1 -0 0
h  294  -763982 0.999939 0 -1 -0 0
h  295  -763982 0.999939 0 -1 -0 0
h  296  -763982 0.999939 0 -1 -0 0
h  297  -763976 0.999939 0 -1 -0 0
h  298  -763976 0.999939 0 -1 -0 0
h  299  -763976 0.999939 0 -1 -0 0
h  300  -763976 0.999939 0 -1 -0 0
h  301  -763976 0.999939 0 -1 -0 0
h  302  -763976 0.999939 0 -1 -0 0
h  303  -763975 0.999939 0 -1 -0 0
h  304  -763975 0.999939 0 -1 -0 0
h  305  -763675 0.999939 0 -1 -0 0
h  306  -762994 0.999939 0 -1 -0 0
h  307  -762994 0.999939 0 -1 -0 0
h  308  -763675 0.999939 0 -1 -0 0
h  309  -763982 0.999939 0 -1 -0 0
h  310  -763982 0.999939 0 -1 -0 0
h  311  -763982 0.999939 0 -1 -0 0
h  312  -763982 0.999939 0 -1 -0 0
h  313  -763982 0.999939 0 -1 -0 0
h  314  -763982 0.999939 0 -1 -0 0
h  315  -763982 0.999939 0 -1 -0 0
h  316  -763982 0.999939 0 -1 -0 0
h  317  -761768 0.999939 0 -1 -0 0
h  318  -763982 0.999939 0 -1 -0 0
h  319  -763982 0.999939 0 -1 -0 0
h  320  -763982 0.999939 0 -1 -0 0
h  321  -763982 0.999939 0 -1 -0 0
h  322  -763962 0.999939 0 -1 -0 0
h  323  -763962 0.999939 0 -1 -0 0
h  324  -763962 0.999939 0 -1 -0 0
h  325  -763962 0.999939 0 -1 -0 0
h  326  -761684 0.999939 0 -1 -0 0
h  327  -763945 0.999939 0 -1 -0 0
h  328  -763946 0.999939 0 -1 -0 0
h  329  -763946 0.999939 0 -1 -0 0
h  330  -763945 0.999939 0 -1 -0 0
h  331  -763806 0.999939 0 -1 -0 0
h  332  -763807 0.999939 0 -1 -0 0
h  333  -763807 0.999939 0 -1 -0 0
h  334  -762300 0.999939 0 -1 -0 0
h  335  -762286 0.999939 0 -1 -0 0
h  336  -762851 0.999939 0 -1 -0 0
h  337  -762848 0.999939 0 -1 -0 0
h  338  -763975 0.999939 0 -1 -0 0
h  339  -763975 0.999939 0 -1 -0 0
h  340  -763975 0.999939 0 -1 -0 0
h  341  -763975 0.999939 0 -1 -0 0
h  342  -761803 0.999939 0 -1 -0 0
h  343  -763791 0.999939 0 -1 -0 0
h  344  -763974 0.999939 0 -1 -0 0
h  345  -763974 0.999939 0 -1 -0 0
h  346  -763975 0.999939 0 -1 -0 0
h  347  -763975 0.999939 0 -1 -0 0
h  348  -762013 0.999939 0 -1 -0 0
h  349  -762012 0.999939 0 -1 -0 0
h  350  -761811 0.999939 0 -1 -0 0
h  351  -761811 0.999939 0 -1 -0 0
h  352  -763682 0.999939 0 -1 -0 0
h  353  -763148 0.999939 0 -1 -0 0
h  354  -763289 0.999939 0 -1 -0 0
h  355  -763286 0.999939 0 -1 -0 0
h  356  -762897 0.999939 0 -1 -0 0
h  357  -763287 0.999939 0 -1 -0 0
h  358  -763495 0.999939 0 -1 -0 0
h  359  -763495 0.999939 0 -1 -0 0
h  360  -763495 0.999939 0 -1 -0 0
h  361  -763965 0.999939 0 -1 -0 0
h  362  -763965 0.999939 0 -1 -0 0
h  363  -763918 0.999939 0 -1 -0 0
h  364  -763918 0.999939 0 -1 -0 0
h  789  -763978 0.999939 0 -1 -0 0
h  792  -763976 0.999939 0 -1 -0 0
h  793  -763977 0.999939 0 -1 -0 0
h  794  -763978 0.999939 0 -1 -0 0
h  795  -763976 0.999939 0 -1 -0 0
h  796  -763970 0.999939 0 -1 -0 0
h  797  -763975 0.999939 0 -1 -0 0
h  804  -763978 0.999939 0 -1 -0 0
h  808  -763978 0.999939 0 -1 -0 0
h  809  -763976 0.999939 0 -1 -0 0
h  810  -763977 0.999939 0 -1 -0 0
h  811  -763976 0.999939 0 -1 -0 0
h  812  -763969 0.999939 0 -1 -0 0
h  813  -763975 0.999939 0 -1 -0 0
h  821  -763978 0.999939 0 -1 -0 0
h  824  -763976 0.999939 0 -1 -0 0
h  825  -763977 0.999939 0 -1 -0 0
h  826  -763978 0.999939 0 -1 -0 0
h  827  -763976 0.999939 0 -1 -0 0
h  828  -763970 0.999939 0 -1 -0 0
h  829  -763975 0.999939 0 -1 -0 0
h  836  -763978 0.999939 0 -1 -0 0
h  840  -763978 0.999939 0 -1 -0 0
h  841  -763976 0.999939 0 -1 -0 0
h  842  -763977 0.999939 0 -1 -0 0
h  843  -763976 0.999939 0 -1 -0 0
h  844  -763969 0.999939 0 -1 -0 0
h  845  -763975 0.999939 0 -1 -0 0
h  846  -760412 0.999939 0 -1 -0 0
h  849  -761719 0.999939 0 -1 -0 0
h  850  -762049 0.999939 0 -1 -0 0
h  851  -762275 0.999939 0 -1 -0 0
h  852  -760821 0.999939 0 -1 -0 0
h  862  -760451 0.999939 0 -1 -0 0
h  865  -761727 0.999939 0 -1 -0 0
h  866  -762065 0.999939 0 -1 -0 0
h  867  -760839 0.999939 0 -1 -0 0
h  868  -762294 0.999939 0 -1 -0 0
h  878  -760453 0.999939 0 -1 -0 0
h  881  -761728 0.999939 0 -1 -0 0
h  882  -762067 0.999939 0 -1 -0 0
h  883  -760841 0.999939 0 -1 -0 0
h  884  -762296 0.999939 0 -1 -0 0
SolidID  29   16 
h  746  -763982 0.999939 0 -1 -0 0
h  747  -763982 0.999939 0 -1 -0 0
h  748  -763982 0.999939 0 -1 -0 0
h  749  -763982 0.999939 0 -1 -0 0
h  750  -763982 0.999939 0 -1 -0 0
h  751  -763982 0.999939 0 -1 -0 0
h  752  -763982 0.999939 0 -1 -0 0
h  753  -763982 0.999939 0 -1 -0 0
h  754  -763982 0.999939 0 -1 -0 0
h  755  -763982 0.999939 0 -1 -0 0
h  756  -763982 0.999939 0 -1 -0 0
h  757  -763982 0.999939 0 -1 -0 0
h  758  -763982 0.999939 0 -1 -0 0
h  759  -763982 0.999939 0 -1 -0 0
h  760  -763982 0.999939 0 -1 -0 0
h  761  -763982 0.999939 0 -1 -0 0
SolidID  6   285 
h  123  -763982 0.999939 0 -1 -0 0
h  124  -763982 0.999939 0 -1 -0 0
h  125  -763982 0.999939 0 -1 -0 0
h  126  -763982 0.999939 0 -1 -0 0
h  127  -763982 0.999939 0 -1 -0 0
h  128  -763982 0.999939 0 -1 -0 0
h  129  -763982 0.999939 0 -1 -0 0
h  130  -763982 0.999939 0 -1 -0 0
h  131  -763982 0.999939 0 -1 -0 0
h  132  -763982 0.999939 0 -1 -0 0
h  133  -763981 0.999939 0 -1 -0 0
h  134  -763981 0.999939 0 -1 -0 0
h  135  -763981 0.999939 0 -1 -0 0
h  136  -763981 0.999939 0 -1 -0 0
h  137  -763978 0.999939 0 -1 -0 0
h  138  -763978 0.999939 0 -1 -0 0
h  139  -763982 0.999939 0 -1 -0 0
h  140  -763982 0.999939 0 -1 -0 0
h  141  -763978 0.999939 0 -1 -0 0
h  142  -763978 0.999939 0 -1 -0 0
h  143  -763981 0.999939 0 -1 -0 0
h  144  -763981 0.999939 0 -1 -0 0
h  145  -763982 0.999939 0 -1 -0 0
h  146  -763982 0.999939 0 -1 -0 0
h  147  -763980 0.999939 0 -1 -0 0
h  148  -763980 0.999939 0 -1 -0 0
h  149  -763980 0.999939 0 -1 -0 0
h  150  -763980 0.999939 0 -1 -0 0
h  151  -763980 0.999939 0 -1 -0 0
h  152  -763980 0.999939 0 -1 -0 0
h  153  -763982 0.999939 0 -1 -0 0
h  154  -763982 0.999939 0 -1 -0 0
h  155  -763982 0.999939 0 -1 -0 0
h  156  -763982 0.999939 0 -1 -0 0
h  157  -763980 0.999939 0 -1 -0 0
h  158  -763980 0.999939 0 -1 -0 0
h  159  -763980 0.999939 0 -1 -0 0
h  160  -763980 0.999939 0 -1 -0 0
h  161  -763980 0.999939 0 -1 -0 0
h  162  -763980 0.999939 0 -1 -0 0
h  163  -763977 0.999939 0 -1 -0 0
h  164  -763977 0.999939 0 -1 -0 0
h  165  -763977 0.999939 0 -1 -0 0
h  166  -763977 0.999939 0 -1 -0 0
h  167  -763982 0.999939 0 -1 -0 0
h  168  -763982 0.999939 0 -1 -0 0
h  169  -763980 0.999939 0 -1 -0 0
h  170  -763980 0.999939 0 -1 -0 0
h  171  -763981 0.999939 0 -1 -0 0
h  172  -763981 0.999939 0 -1 -0 0
h  173  -763980 0.999939 0 -1 -0 0
h  174  -763980 0.999939 0 -1 -0 0
h  175  -763978 0.999939 0 -1 -0 0
h  176  -763978 0.999939 0 -1 -0 0
h  177  -763978 0.999939 0 -1 -0 0
h  178  -763978 0.999939 0 -1 -0 0
h  179  -763982 0.999939 0 -1 -0 0
h  180  -763982 0.999939 0 -1 -0 0
h  181  -763981 0.999939 0 -1 -0 0
h  182  -763981 0.999939 0 -1 -0 0
h  183  -763975 0.999939 0 -1 -0 0
h  184  -763975 0.999939 0 -1 -0 0
h  185  -763976 0.999939 0 -1 -0 0
h  186  -763976 0.999939 0 -1 -0 0
h  187  -763982 0.999939 0 -1 -0 0
h  188  -763982 0.999939 0 -1 -0 0
h  189  -763982 0.999939 0 -1 -0 0
h  190  -763982 0.999939 0 -1 -0 0
h  191  -763972 0.999939 0 -1 -0 0
h  192  -763981 0.999939 0 -1 -0 0
h  193  -763981 0.999939 0 -1 -0 0
h  194  -763972 0.999939 0 -1 -0 0
h  195  -763972 0.999939 0 -1 -0 0
h  196  -763972 0.999939 0 -1 -0 0
h  197  -763982 0.999939 0 -1 -0 0
h  198  -763982 0.999939 0 -1 -0 0
h  199  -763982 0.999939 0 -1 -0 0
h  200  -763982 0.999939 0 -1 -0 0
h  201  -763982 0.999939 0 -1 -0 0
h  202  -763982 0.999939 0 -1 -0 0
h  203  -763982 0.999939 0 -1 -0 0
h  204  -763982 0.999939 0 -1 -0 0
h  205  -763981 0.999939 0 -1 -0 0
h  206  -763981 0.999939 0 -1 -0 0
h  207  -762771 0.999939 0 -1 -0 0
h  208  -762769 0.999939 0 -1 -0 0
h  209  -762764 0.999939 0 -1 -0 0
h  210  -762726 0.999939 0 -1 -0 0
h  211  -763982 0.999939 0 -1 -0 0
h  212  -763982 0.999939 0 -1 -0 0
h  213  -763982 0.999939 0 -1 -0 0
h  214  -763982 0.999939 0 -1 -0 0
h  215  -760808 0.999939 0 -1 -0 0
h  216  -760810 0.999939 0 -1 -0 0
h  217  -763975 0.999939 0 -1 -0 0
h  218  -763975 0.999939 0 -1 -0 0
h  219  -763975 0.999939 0 -1 -0 0
h  220  -763975 0.999939 0 -1 -0 0
h  221  -760810 0.999939 0 -1 -0 0
h  222  -763779 0.999939 0 -1 -0 0
h  223  -763794 0.999939 0 -1 -0 0
h  224  -763794 0.999939 0 -1 -0 0
h  225  -763793 0.999939 0 -1 -0 0
h  226  -760721 0.999939 0 -1 -0 0
h  227  -763776 0.999939 0 -1 -0 0
h  228  -763982 0.999939 0 -1 -0 0
h  229  -763982 0.999939 0 -1 -0 0
h  230  -763982 0.999939 0 -1 -0 0
h  231  -763982 0.999939 0 -1 -0 0
h  232  -763982 0.999939 0 -1 -0 0
h  233  -763982 0.999939 0 -1 -0 0
h  234  -763982 0.999939 0 -1 -0 0
h  235  -763982 0.999939 0 -1 -0 0
h  236  -763982 0.999939 0 -1 -0 0
h  237  -763982 0.999939 0 -1 -0 0
h  238  -763982 0.999939 0 -1 -0 0
h  239  -763982 0.999939 0 -1 -0 0
h  240  -763806 0.999939 0 -1 -0 0
h  241  -763806 0.999939 0 -1 -0 0
h  242  -763806 0.999939 0 -1 -0 0
h  243  -761918 0.999939 0 -1 -0 0
h  244  -763942 0.999939 0 -1 -0 0
h  245  -762264 0.999939 0 -1 -0 0
h  246  -762263 0.999939 0 -1 -0 0
h  247  -762265 0.999939 0 -1 -0 0
h  248  -763947 0.999939 0 -1 -0 0
h  249  -763948 0.999939 0 -1 -0 0
h  250  -763948 0.999939 0 -1 -0 0
h  251  -760416 0.999939 0 -1 -0 0
h  252  -763977 0.999939 0 -1 -0 0
h  253  -763977 0.999939 0 -1 -0 0
h  254  -763282 0.999939 0 -1 -0 0
h  255  -763982 0.999939 0 -1 -0 0
h  256  -763982 0.999939 0 -1 -0 0
h  257  -763982 0.999939 0 -1 -0 0
h  258  -763982 0.999939 0 -1 -0 0
h  259  -763977 0.999939 0 -1 -0 0
h  260  -763977 0.999939 0 -1 -0 0
h  261  -763982 0.999939 0 -1 -0 0
h  262  -763982 0.999939 0 -1 -0 0
h  263  -763982 0.999939 0 -1 -0 0
h  264  -763982 0.999939 0 -1 -0 0
h  265  -763982 0.999939 0 -1 -0 0
h  266  -763982 0.999939 0 -1 -0 0
h  267  -763982 0.999939 0 -1 -0 0
h  268  -763982 0.999939 0 -1 -0 0
h  269  -763971 0.999939 0 -1 -0 0
h  270  -763971 0.999939 0 -1 -0 0
h  271  -760970 0.999939 0 -1 -0 0
h  272  -760970 0.999939 0 -1 -0 0
h  273  -760551 0.999939 0 -1 -0 0
h  274  -763453 0.999939 0 -1 -0 0
h  275  -763453 0.999939 0 -1 -0 0
h  276  -763454 0.999939 0 -1 -0 0
h  277  -763975 0.999939 0 -1 -0 0
h  278  -763975 0.999939 0 -1 -0 0
h  279  -763921 0.999939 0 -1 -0 0
h  280  -763921 0.999939 0 -1 -0 0
h  281  -763921 0.999939 0 -1 -0 0
h  282  -761821 0.999939 0 -1 -0 0
h  283  -761669 0.999939 0 -1 -0 0
h  284  -761652 0.999939 0 -1 -0 0
h  285  -763913 0.999939 0 -1 -0 0
h  286  -760709 0.999939 0 -1 -0 0
h  287  -763436 0.999939 0 -1 -0 0
h  288  -763643 0.999939 0 -1 -0 0
h  289  -763643 0.999939 0 -1 -0 0
h  290  -763638 0.999939 0 -1 -0 0
h  291  -763638 0.999939 0 -1 -0 0
h  292  -763638 0.999939 0 -1 -0 0
h  293  -763982 0.999939 0 -1 -0 0
h  294  -763982 0.999939 0 -1 -0 0
h  295  -763982 0.999939 0 -1 -0 0
h  296  -763982 0.999939 0 -1 -0 0
h  297  -763976 0.999939 0 -1 -0 0
h  298  -763976 0.999939 0 -1 -0 0
h  299  -763976 0.999939 0 -1 -0 0
h  300  -763976 0.999939 0 -1 -0 0
h  301  -763976 0.999939 0 -1 -0 0
h  302  -763976 0.999939 0 -1 -0 0
h  303  -763975 0.999939 0 -1 -0 0
h  304  -763975 0.999939 0 -1 -0 0
h  305  -763675 0.999939 0 -1 -0 0
h  306  -762994 0.999939 0 -1 -0 0
h  307  -762994 0.999939 0 -1 -0 0
h  308  -763675 0.999939 0 -1 -0 0
h  309  -763982 0.999939 0 -1 -0 0
h  310  -763982 0.999939 0 -1 -0 0
h  311  -763982 0.999939 0 -1 -0 0
h  312  -763982 0.999939 0 -1 -0 0
h  313  -763982 0.999939 0 -1 -0 0
h  314  -763982 0.999939 0 -1 -0 0
h  315  -763982 0.999939 0 -1 -0 0
h  316  -763982 0.999939 0 -1 -0 0
h  317  -761768 0.999939 0 -1 -0 0
h  318  -763982 0.999939 0 -1 -0 0
h  319  -763982 0.999939 0 -1 -0 0
h  320  -763982 0.999939 0 -1 -0 0
h  321  -763982 0.999939 0 -1 -0 0
h  322  -763962 0.999939 0 -1 -0 0
h  323  -763962 0.999939 0 -1 -0 0
h  324  -763962 0.999939 0 -1 -0 0
h  325  -763962 0.999939 0 -1 -0 0
h  326  -761684 0.999939 0 -1 -0 0
h  327  -763945 0.999939 0 -1 -0 0
h  328  -763946 0.999939 0 -1 -0 0
h  329  -763946 0.999939 0 -1 -0 0
h  330  -763945 0.999939 0 -1 -0 0
h  331  -763806 0.999939 0 -1 -0 0
h  332  -763807 0.999939 0 -1 -0 0
h  333  -763807 0.999939 0 -1 -0 0
h  334  -762300 0.999939 0 -1 -0 0
h  335  -762286 0.999939 0 -1 -0 0
h  336  -762851 0.999939 0 -1 -0 0
h  337  -762848 0.999939 0 -1 -0 0
h  338  -763975 0.999939 0 -1 -0 0
h  339  -763975 0.999939 0 -1 -0 0
h  340  -763975 0.999939 0 -1 -0 0
h  341  -763975 0.999939 0 -1 -0 0
h  342  -761803 0.999939 0 -1 -0 0
h  343  -763791 0.999939 0 -1 -0 0
h  344  -763974 0.999939 0 -1 -0 0
h  345  -763974 0.999939 0 -1 -0 0
h  346  -763975 0.999939 0 -1 -0 0
h  347  -763975 0.999939 0 -1 -0 0
h  348  -762013 0.999939 0 -1 -0 0
h  349  -762012 0.999939 0 -1 -0 0
h  350  -761811 0.999939 0 -1 -0 0
h  351  -761811 0.999939 0 -1 -0 0
h  352  -763682 0.999939 0 -1 -0 0
h  353  -763148 0.999939 0 -1 -0 0
h  354  -763289 0.999939 0 -1 -0 0
h  355  -763286 0.999939 0 -1 -0 0
h  356  -762897 0.999939 0 -1 -0 0
h  357  -763287 0.999939 0 -1 -0 0
h  358  -763495 0.999939 0 -1 -0 0
h  359  -763495 0.999939 0 -1 -0 0
h  360  -763495 0.999939 0 -1 -0 0
h  361  -763965 0.999939 0 -1 -0 0
h  362  -763965 0.999939 0 -1 -0 0
h  363  -763918 0.999939 0 -1 -0 0
h  364  -763918 0.999939 0 -1 -0 0
h  789  -763978 0.999939 0 -1 -0 0
h  792  -763976 0.999939 0 -1 -0 0
h  793  -763977 0.999939 0 -1 -0 0
h  794  -763978 0.999939 0 -1 -0 0
h  795  -763976 0.999939 0 -1 -0 0
h  796  -763970 0.999939 0 -1 -0 0
h  797  -763975 0.999939 0 -1 -0 0
h  804  -763978 0.999939 0 -1 -0 0
h  808  -763978 0.999939 0 -1 -0 0
h  809  -763976 0.999939 0 -1 -0 0
h  810  -763977 0.999939 0 -1 -0 0
h  811  -763976 0.999939 0 -1 -0 0
h  812  -763969 0.999939 0 -1 -0 0
h  813  -763975 0.999939 0 -1 -0 0
h  821  -763978 0.999939 0 -1 -0 0
h  824  -763976 0.999939 0 -1 -0 0
h  825  -763977 0.999939 0 -1 -0 0
h  826  -763978 0.999939 0 -1 -0 0
h  827  -763976 0.999939 0 -1 -0 0
h  828  -763970 0.999939 0 -1 -0 0
h  829  -763975 0.999939 0 -1 -0 0
h  836  -763978 0.999939 0 -1 -0 0
h  840  -763978 0.999939 0 -1 -0 0
h  841  -763976 0.999939 0 -1 -0 0
h  842  -763977 0.999939 0 -1 -0 0
h  843  -763976 0.999939 0 -1 -0 0
h  844  -763969 0.999939 0 -1 -0 0
h  845  -763975 0.999939 0 -1 -0 0
h  846  -760412 0.999939 0 -1 -0 0
h  849  -761719 0.999939 0 -1 -0 0
h  850  -762049 0.999939 0 -1 -0 0
h  851  -762275 0.999939 0 -1 -0 0
h  852  -760821 0.999939 0 -1 -0 0
h  862  -760451 0.999939 0 -1 -0 0
h  865  -761727 0.999939 0 -1 -0 0
h  866  -762065 0.999939 0 -1 -0 0
h  867  -760839 0.999939 0 -1 -0 0
h  868  -762294 0.999939 0 -1 -0 0
h  878  -760453 0.999939 0 -1 -0 0
h  881  -761728 0.999939 0 -1 -0 0
h  882  -762067 0.999939 0 -1 -0 0
h  883  -760841 0.999939 0 -1 -0 0
h  884  -762296 0.999939 0 -1 -0 0
SolidID  29   16 
h  746  -763982 0.999939 0 -1 -0 0
h  747  -763982 0.999939 0 -1 -0 0
h  748  -763982 0.999939 0 -1 -0 0
h  749  -763982 0.999939 0 -1 -0 0
h  750  -763982 0.999939 0 -1 -0 0
h  751  -763982 0.999939 0 -1 -0 0
h  752  -763982 0.999939 0 -1 -0 0
h  753  -763982 0.999939 0 -1 -0 0
h  754  -763982 0.999939 0 -1 -0 0
h  755  -763982 0.999939 0 -1 -0 0
h  756  -763982 0.999939 0 -1 -0 0
h  757  -763982 0.999939 0 -1 -0 0
h  758  -763982 0.999939 0 -1 -0 0
h  759  -763982 0.999939 0 -1 -0 0
h  760  -763982 0.999939 0 -1 -0 0
h  761  -763982 0.999939 0 -1 -0 0
SolidID  35   16 
h  381  -763374 0.999939 0 -1 -0 0
h  382  -763959 0.999939 0 -1 -0 0
h  383  -763926 0.999939 0 -1 -0 0
h  384  -763414 0.999939 0 -1 -0 0
h  385  -763647 0.999939 0 -1 -0 0
h  386  -763881 0.999939 0 -1 -0 0
h  387  -763950 0.999939 0 -1 -0 0
h  388  -763686 0.999939 0 -1 -0 0
h  389  -763532 0.999939 0 -1 -0 0
h  390  -763265 0.999939 0 -1 -0 0
h  391  -763267 0.999939 0 -1 -0 0
h  392  -763954 0.999939 0 -1 -0 0
h  393  -763924 0.999939 0 -1 -0 0
h  394  -763804 0.999939 0 -1 -0 0
h  395  -763832 0.999939 0 -1 -0 0
h  396  -763961 0.999939 0 -1 -0 0
SolidID  6   285 
h  123  -763982 0.999939 0 -1 -0 0
h  124  -763982 0.999939 0 -1 -0 0
h  125  -763982 0.999939 0 -1 -0 0
h  126  -763982 0.999939 0 -1 -0 0
h  127  -763982 0.999939 0 -1 -0 0
h  128  -763982 0.999939 0 -1 -0 0
h  129  -763982 0.999939 0 -1 -0 0
h  130  -763982 0.999939 0 -1 -0 0
h  131  -763982 0.999939 0 -1 -0 0
h  132  -763982 0.999939 0 -1 -0 0
h  133  -763981 0.999939 0 -1 -0 0
h  134  -763981 0.999939 0 -1 -0 0
h  135  -763981 0.999939 0 -1 -0 0
h  136  -763981 0.999939 0 -1 -0 0
h  137  -763978 0.999939 0 -1 -0 0
h  138  -763978 0.999939 0 -1 -0 0
h  139  -763982 0.999939 0 -1 -0 0
h  140  -763982 0.999939 0 -1 -0 0
h  141  -763978 0.999939 0 -1 -0 0
h  142  -763978 0.999939 0 -1 -0 0
h  143  -763981 0.999939 0 -1 -0 0
h  144  -763981 0.999939 0 -1 -0 0
h  145  -763982 0.999939 0 -1 -0 0
h  146  -763982 0.999939 0 -1 -0 0
h  147  -763980 0.999939 0 -1 -0 0
h  148  -763980 0.999939 0 -1 -0 0
h  149  -763980 0.999939 0 -1 -0 0
h  150  -763980 0.999939 0 -1 -0 0
h  151  -763980 0.999939 0 -1 -0 0
h  152  -763980 0.999939 0 -1 -0 0
h  153  -763982 0.999939 0 -1 -0 0
h  154  -763982 0.999939 0 -1 -0 0
h  155  -763982 0.999939 0 -1 -0 0
h  156  -763982 0.999939 0 -1 -0 0
h  157  -763980 0.999939 0 -1 -0 0
h  158  -763980 0.999939 0 -1 -0 0
h  159  -763980 0.999939 0 -1 -0 0
h  160  -763980 0.999939 0 -1 -0 0
h  161  -763980 0.999939 0 -1 -0 0
h  162  -763980 0.999939 0 -1 -0 0
h  163  -763977 0.999939 0 -1 -0 0
h  164  -763977 0.999939 0 -1 -0 0
h  165  -763977 0.999939 0 -1 -0 0
h  166  -763977 0.999939 0 -1 -0 0
h  167  -763982 0.999939 0 -1 -0 0
h  168  -763982 0.999939 0 -1 -0 0
h  169  -763980 0.999939 0 -1 -0 0
h  170  -763980 0.999939 0 -1 -0 0
h  171  -763981 0.999939 0 -1 -0 0
h  172  -763981 0.999939 0 -1 -0 0
h  173  -763980 0.999939 0 -1 -0 0
h  174  -763980 0.999939 0 -1 -0 0
h  175  -763978 0.999939 0 -1 -0 0
h  176  -763978 0.999939 0 -1 -0 0
h  177  -763978 0.999939 0 -1 -0 0
h  178  -763978 0.999939 0 -1 -0 0
h  179  -763982 0.999939 0 -1 -0 0
h  180  -763982 0.999939 0 -1 -0 0
h  181  -763981 0.999939 0 -1 -0 0
h  182  -763981 0.999939 0 -1 -0 0
h  183  -763975 0.999939 0 -1 -0 0
h  184  -763975 0.999939 0 -1 -0 0
h  185  -763976 0.999939 0 -1 -0 0
h  186  -763976 0.999939 0 -1 -0 0
h  187  -763982 0.999939 0 -1 -0 0
h  188  -763982 0.999939 0 -1 -0 0
h  189  -763982 0.999939 0 -1 -0 0
h  190  -763982 0.999939 0 -1 -0 0
h  191  -763972 0.999939 0 -1 -0 0
h  192  -763981 0.999939 0 -1 -0 0
h  193  -763981 0.999939 0 -1 -0 0
h  194  -763972 0.999939 0 -1 -0 0
h  195  -763972 0.999939 0 -1 -0 0
h  196  -763972 0.999939 0 -1 -0 0
h  197  -763982 0.999939 0 -1 -0 0
h  198  -763982 0.999939 0 -1 -0 0
h  199  -763982 0.999939 0 -1 -0 0
h  200  -763982 0.999939 0 -1 -0 0
h  201  -763982 0.999939 0 -1 -0 0
h  202  -763982 0.999939 0 -1 -0 0
h  203  -763982 0.999939 0 -1 -0 0
h  204  -763982 0.999939 0 -1 -0 0
h  205  -763981 0.999939 0 -1 -0 0
h  206  -763981 0.999939 0 -1 -0 0
h  207  -762771 0.999939 0 -1 -0 0
h  208  -762769 0.999939 0 -1 -0 0
h  209  -762764 0.999939 0 -1 -0 0
h  210  -762726 0.999939 0 -1 -0 0
h  211  -763982 0.999939 0 -1 -0 0
h  212  -763982 0.999939 0 -1 -0 0
h  213  -763982 0.999939 0 -1 -0 0
h  214  -763982 0.999939 0 -1 -0 0
h  215  -760808 0.999939 0 -1 -0 0
h  216  -760810 0.999939 0 -1 -0 0
h  217  -763975 0.999939 0 -1 -0 0
h  218  -763975 0.999939 0 -1 -0 0
h  219  -763975 0.999939 0 -1 -0 0
h  220  -763975 0.999939 0 -1 -0 0
h  221  -760810 0.999939 0 -1 -0 0
h  222  -763779 0.999939 0 -1 -0 0
h  223  -763794 0.999939 0 -1 -0 0
h  224  -763794 0.999939 0 -1 -0 0
h  225  -763793 0.999939 0 -1 -0 0
h  226  -760721 0.999939 0 -1 -0 0
h  227  -763776 0.999939 0 -1 -0 0
h  228  -763982 0.999939 0 -1 -0 0
h  229  -763982 0.999939 0 -1 -0 0
h  230  -763982 0.999939 0 -1 -0 0
h  231  -763982 0.999939 0 -1 -0 0
h  232  -763982 0.999939 0 -1 -0 0
h  233  -763982 0.999939 0 -1 -0 0
h  234  -763982 0.999939 0 -1 -0 0
h  235  -763982 0.999939 0 -1 -0 0
h  236  -763982 0.999939 0 -1 -0 0
h  237  -763982 0.999939 0 -1 -0 0
h  238  -763982 0.999939 0 -1 -0 0
h  239  -763982 0.999939 0 -1 -0 0
h  240  -763806 0.999939 0 -1 -0 0
h  241  -763806 0.999939 0 -1 -0 0
h  242  -763806 0.999939 0 -1 -0 0
h  243  -761918 0.999939 0 -1 -0 0
h  244  -763942 0.999939 0 -1 -0 0
h  245  -762264 0.999939 0 -1 -0 0
h  246  -762263 0.999939 0 -1 -0 0
h  247  -762265 0.999939 0 -1 -0 0
h  248  -763947 0.999939 0 -1 -0 0
h  249  -763948 0.999939 0 -1 -0 0
h  250  -763948 0.999939 0 -1 -0 0
h  251  -760416 0.999939 0 -1 -0 0
h  252  -763977 0.999939 0 -1 -0 0
h  253  -763977 0.999939 0 -1 -0 0
h  254  -763282 0.999939 0 -1 -0 0
h  255  -763982 0.999939 0 -1 -0 0
h  256  -763982 0.999939 0 -1 -0 0
h  257  -763982 0.999939 0 -1 -0 0
h  258  -763982 0.999939 0 -1 -0 0
h  259  -763977 0.999939 0 -1 -0 0
h  260  -763977 0.999939 0 -1 -0 0
h  261  -763982 0.999939 0 -1 -0 0
h  262  -763982 0.999939 0 -1 -0 0
h  263  -763982 0.999939 0 -1 -0 0
h  264  -763982 0.999939 0 -1 -0 0
h  265  -763982 0.999939 0 -1 -0 0
h  266  -763982 0.999939 0 -1 -0 0
h  267  -763982 0.999939 0 -1 -0 0
h  268  -763982 0.999939 0 -1 -0 0
h  269  -763971 0.999939 0 -1 -0 0
h  270  -763971 0.999939 0 -1 -0 0
h  271  -760970 0.999939 0 -1 -0 0
h  272  -760970 0.999939 0 -1 -0 0
h  273  -760551 0.999939 0 -1 -0 0
h  274  -763453 0.999939 0 -1 -0 0
h  275  -763453 0.999939 0 -1 -0 0
h  276  -763454 0.999939 0 -1 -0 0
h  277  -763975 0.999939 0 -1 -0 0
h  278  -763975 0.999939 0 -1 -0 0
h  279  -763921 0.999939 0 -1 -0 0
h  280  -763921 0.999939 0 -1 -0 0
h  281  -763921 0.999939 0 -1 -0 0
h  282  -761821 0.999939 0 -1 -0 0
h  283  -761669 0.999939 0 -1 -0 0
h  284  -761652 0.999939 0 -1 -0 0
h  285  -763913 0.999939 0 -1 -0 0
h  286  -760709 0.999939 0 -1 -0 0
h  287  -763436 0.999939 0 -1 -0 0
h  288  -763643 0.999939 0 -1 -0 0
h  289  -763643 0.999939 0 -1 -0 0
h  290  -763638 0.999939 0 -1 -0 0
h  291  -763638 0.999939 0 -1 -0 0
h  292  -763638 0.999939 0 -1 -0 0
h  293  -763982 0.999939 0 -1 -0 0
h  294  -763982 0.999939 0 -1 -0 0
h  295  -763982 0.999939 0 -1 -0 0
h  296  -763982 0.999939 0 -1 -0 0
h  297  -763976 0.999939 0 -1 -0 0
h  298  -763976 0.999939 0 -1 -0 0
h  299  -763976 0.999939 0 -1 -0 0
h  300  -763976 0.999939 0 -1 -0 0
h  301  -763976 0.999939 0 -1 -0 0
h  302  -763976 0.999939 0 -1 -0 0
h  303  -763975 0.999939 0 -1 -0 0
h  304  -763975 0.999939 0 -1 -0 0
h  305  -763675 0.999939 0 -1 -0 0
h  306  -762994 0.999939 0 -1 -0 0
h  307  -762994 0.999939 0 -1 -0 0
h  308  -763675 0.999939 0 -1 -0 0
h  309  -763982 0.999939 0 -1 -0 0
h  310  -763982 0.999939 0 -1 -0 0
h  311  -763982 0.999939 0 -1 -0 0
h  312  -763982 0.999939 0 -1 -0 0
h  313  -763982 0.999939 0 -1 -0 0
h  314  -763982 0.999939 0 -1 -0 0
h  315  -763982 0.999939 0 -1 -0 0
h  316  -763982 0.999939 0 -1 -0 0
h  317  -761768 0.999939 0 -1 -0 0
h  318  -763982 0.999939 0 -1 -0 0
h  319  -763982 0.999939 0 -1 -0 0
h  320  -763982 0.999939 0 -1 -0 0
h  321  -763982 0.999939 0 -1 -0 0
h  322  -763962 0.999939 0 -1 -0 0
h  323  -763962 0.999939 0 -1 -0 0
h  324  -763962 0.999939 0 -1 -0 0
h  325  -763962 0.999939 0 -1 -0 0
h  326  -761684 0.999939 0 -1 -0 0
h  327  -763945 0.999939 0 -1 -0 0
h  328  -763946 0.999939 0 -1 -0 0
h  329  -763946 0.999939 0 -1 -0 0
h  330  -763945 0.999939 0 -1 -0 0
h  331  -763806 0.999939 0 -1 -0 0
h  332  -763807 0.999939 0 -1 -0 0
h  333  -763807 0.999939 0 -1 -0 0
h  334  -762300 0.999939 0 -1 -0 0
h  335  -762286 0.999939 0 -1 -0 0
h  336  -762851 0.999939 0 -1 -0 0
h  337  -762848 0.999939 0 -1 -0 0
h  338  -763975 0.999939 0 -1 -0 0
h  339  -763975 0.999939 0 -1 -0 0
h  340  -763975 0.999939 0 -1 -0 0
h  341  -763975 0.999939 0 -1 -0 0
h  342  -761803 0.999939 0 -1 -0 0
h  343  -763791 0.999939 0 -1 -0 0
h  344  -763974 0.999939 0 -1 -0 0
h  345  -763974 0.999939 0 -1 -0 0
h  346  -763975 0.999939 0 -1 -0 0
h  347  -763975 0.999939 0 -1 -0 0
h  348  -762013 0.999939 0 -1 -0 0
h  349  -762012 0.999939 0 -1 -0 0
h  350  -761811 0.999939 0 -1 -0 0
h  351  -761811 0.999939 0 -1 -0 0
h  352  -763682 0.999939 0 -1 -0 0
h  353  -763148 0.999939 0 -1 -0 0
h  354  -763289 0.999939 0 -1 -0 0
h  355  -763286 0.999939 0 -1 -0 0
h  356  -762897 0.999939 0 -1 -0 0
h  357  -763287 0.999939 0 -1 -0 0
h  358  -763495 0.999939 0 -1 -0 0
h  359  -763495 0.999939 0 -1 -0 0
h  360  -763495 0.999939 0 -1 -0 0
h  361  -763965 0.999939 0 -1 -0 0
h  362  -763965 0.999939 0 -1 -0 0
h  363  -763918 0.999939 0 -1 -0 0
h  364  -763918 0.999939 0 -1 -0 0
h  789  -763978 0.999939 0 -1 -0 0
h  792  -763976 0.999939 0 -1 -0 0
h  793  -763977 0.999939 0 -1 -0 0
h  794  -763978 0.999939 0 -1 -0 0
h  795  -763976 0.999939 0 -1 -0 0
h  796  -763970 0.999939 0 -1 -0 0
h  797  -763975 0.999939 0 -1 -0 0
h  804  -763978 0.999939 0 -1 -0 0
h  808  -763978 0.999939 0 -1 -0 0
h  809  -763976 0.999939 0 -1 -0 0
h  810  -763977 0.999939 0 -1 -0 0
h  811  -763976 0.999939 0 -1 -0 0
h  812  -763969 0.999939 0 -1 -0 0
h  813  -763975 0.999939 0 -1 -0 0
h  821  -763978 0.999939 0 -1 -0 0
h  824  -763976 0.999939 0 -1 -0 0
h  825  -763977 0.999939 0 -1 -0 0
h  826  -763978 0.999939 0 -1 -0 0
h  827  -763976 0.999939 0 -1 -0 0
h  828  -763970 0.999939 0 -1 -0 0
h  829  -763975 0.999939 0 -1 -0 0
h  836  -763978 0.999939 0 -1 -0 0
h  840  -763978 0.999939 0 -1 -0 0
h  841  -763976 0.999939 0 -1 -0 0
h  842  -763977 0.999939 0 -1 -0 0
h  843  -763976 0.999939 0 -1 -0 0
h  844  -763969 0.999939 0 -1 -0 0
h  845  -763975 0.999939 0 -1 -0 0
h  846  -760412 0.999939 0 -1 -0 0
h  849  -761719 0.999939 0 -1 -0 0
h  850  -762049 0.999939 0 -1 -0 0
h  851  -762275 0.999939 0 -1 -0 0
h  852  -760821 0.999939 0 -1 -0 0
h  862  -760451 0.999939 0 -1 -0 0
h  865  -761727 0.999939 0 -1 -0 0
h  866  -762065 0.999939 0 -1 -0 0
h  867  -760839 0.999939 0 -1 -0 0
h  868  -762294 0.999939 0 -1 -0 0
h  878  -760453 0.999939 0 -1 -0 0
h  881  -761728 0.999939 0 -1 -0 0
h  882  -762067 0.999939 0 -1 -0 0
h  883  -760841 0.999939 0 -1 -0 0
h  884  -762296 0.999939 0 -1 -0 0
SolidID  29   16 
h  746  -763982 0.999939 0 -1 -0 0
h  747  -763982 0.999939 0 -1 -0 0
h  748  -763982 0.999939 0 -1 -0 0
h  749  -763982 0.999939 0 -1 -0 0
h  750  -763982 0.999939 0 -1 -0 0
h  751  -763982 0.999939 0 -1 -0 0
h  752  -763982 0.999939 0 -1 -0 0
h  753  -763982 0.999939 0 -1 -0 0
h  754  -763982 0.999939 0 -1 -0 0
h  755  -763982 0.999939 0 -1 -0 0
h  756  -763982 0.999939 0 -1 -0 0
h  757  -763982 0.999939 0 -1 -0 0
h  758  -763982 0.999939 0 -1 -0 0
h  759  -763982 0.999939 0 -1 -0 0
h  760  -763982 0.999939 0 -1 -0 0
h  761  -763982 0.999939 0 -1 -0 0
SolidID  35   16 
h  381  -763374 0.999939 0 -1 -0 0
h  382  -763959 0.999939 0 -1 -0 0
h  383  -763926 0.999939 0 -1 -0 0
h  384  -763414 0.999939 0 -1 -0 0
h  385  -763647 0.999939 0 -1 -0 0
h  386  -763881 0.999939 0 -1 -0 0
h  387  -763950 0.999939 0 -1 -0 0
h  388  -763686 0.999939 0 -1 -0 0
h  389  -763532 0.999939 0 -1 -0 0
h  390  -763265 0.999939 0 -1 -0 0
h  391  -763267 0.999939 0 -1 -0 0
h  392  -763954 0.999939 0 -1 -0 0
h  393  -763924 0.999939 0 -1 -0 0
h  394  -763804 0.999939 0 -1 -0 0
h  395  -763832 0.999939 0 -1 -0 0
h  396  -763961 0.999939 0 -1 -0 0
SolidID  41   16 
h  91  -763831 0.999939 0 -1 -0 0
h  92  -763880 0.999939 0 -1 -0 0
h  93  -763948 0.999939 0 -1 -0 0
h  94  -763284 0.999939 0 -1 -0 0
h  95  -763275 0.999939 0 -1 -0 0
h  96  -763958 0.999939 0 -1 -0 0
h  97  -763533 0.999939 0 -1 -0 0
h  98  -763686 0.999939 0 -1 -0 0
h  99  -763925 0.999939 0 -1 -0 0
h  100  -763431 0.999939 0 -1 -0 0
h  101  -763658 0.999939 0 -1 -0 0
h  102  -763950 0.999939 0 -1 -0 0
h  103  -763919 0.999939 0 -1 -0 0
h  104  -763958 0.999939 0 -1 -0 0
h  105  -763803 0.999939 0 -1 -0 0
h  106  -763379 0.999939 0 -1 -0 0
SolidID  6   285 
h  123  -763982 0.999939 0 -1 -0 0
h  124  -763982 0.999939 0 -1 -0 0
h  125  -763982 0.999939 0 -1 -0 0
h  126  -763982 0.999939 0 -1 -0 0
h  127  -763982 0.999939 0 -1 -0 0
h  128  -763982 0.999939 0 -1 -0 0
h  129  -763982 0.999939 0 -1 -0 0
h  130  -763982 0.999939 0 -1 -0 0
h  131  -763982 0.999939 0 -1 -0 0
h  132  -763982 0.999939 0 -1 -0 0
h  133  -763981 0.999939 0 -1 -0 0
h  134  -763981 0.999939 0 -1 -0 0
h  135  -763981 0.999939 0 -1 -0 0
h  136  -763981 0.999939 0 -1 -0 0
h  137  -763978 0.999939 0 -1 -0 0
h  138  -763978 0.999939 0 -1 -0 0
h  139  -763982 0.999939 0 -1 -0 0
h  140  -763982 0.999939 0 -1 -0 0
h  141  -763978 0.999939 0 -1 -0 0
h  142  -763978 0.999939 0 -1 -0 0
h  143  -763981 0.999939 0 -1 -0 0
h  144  -763981 0.999939 0 -1 -0 0
h  145  -763982 0.999939 0 -1 -0 0
h  146  -763982 0.999939 0 -1 -0 0
h  147  -763980 0.999939 0 -1 -0 0
h  148  -763980 0.999939 0 -1 -0 0
h  149  -763980 0.999939 0 -1 -0 0
h  150  -763980 0.999939 0 -1 -0 0
h  151  -763980 0.999939 0 -1 -0 0
h  152  -763980 0.999939 0 -1 -0 0
h  153  -763982 0.999939 0 -1 -0 0
h  154  -763982 0.999939 0 -1 -0 0
h  155  -763982 0.999939 0 -1 -0 0
h  156  -763982 0.999939 0 -1 -0 0
h  157  -763980 0.999939 0 -1 -0 0
h  158  -763980 0.999939 0 -1 -0 0
h  159  -763980 0.999939 0 -1 -0 0
h  160  -763980 0.999939 0 -1 -0 0
h  161  -763980 0.999939 0 -1 -0 0
h  162  -763980 0.999939 0 -1 -0 0
h  163  -763977 0.999939 0 -1 -0 0
h  164  -763977 0.999939 0 -1 -0 0
h  165  -763977 0.999939 0 -1 -0 0
h  166  -763977 0.999939 0 -1 -0 0
h  167  -763982 0.999939 0 -1 -0 0
h  168  -763982 0.999939 0 -1 -0 0
h  169  -763980 0.999939 0 -1 -0 0
h  170  -763980 0.999939 0 -1 -0 0
h  171  -763981 0.999939 0 -1 -0 0
h  172  -763981 0.999939 0 -1 -0 0
h  173  -763980 0.999939 0 -1 -0 0
h  174  -763980 0.999939 0 -1 -0 0
h  175  -763978 0.999939 0 -1 -0 0
h  176  -763978 0.999939 0 -1 -0 0
h  177  -763978 0.999939 0 -1 -0 0
h  178  -763978 0.999939 0 -1 -0 0
h  179  -763982 0.999939 0 -1 -0 0
h  180  -763982 0.999939 0 -1 -0 0
h  181  -763981 0.999939 0 -1 -0 0
h  182  -763981 0.999939 0 -1 -0 0
h  183  -763975 0.999939 0 -1 -0 0
h  184  -763975 0.999939 0 -1 -0 0
h  185  -763976 0.999939 0 -1 -0 0
h  186  -763976 0.999939 0 -1 -0 0
h  187  -763982 0.999939 0 -1 -0 0
h  188  -763982 0.999939 0 -1 -0 0
h  189  -763982 0.999939 0 -1 -0 0
h  190  -763982 0.999939 0 -1 -0 0
h  191  -763972 0.999939 0 -1 -0 0
h  192  -763981 0.999939 0 -1 -0 0
h  193  -763981 0.999939 0 -1 -0 0
h  194  -763972 0.999939 0 -1 -0 0
h  195  -763972 0.999939 0 -1 -0 0
h  196  -763972 0.999939 0 -1 -0 0
h  197  -763982 0.999939 0 -1 -0 0
h  198  -763982 0.999939 0 -1 -0 0
h  199  -763982 0.999939 0 -1 -0 0
h  200  -763982 0.999939 0 -1 -0 0
h  201  -763982 0.999939 0 -1 -0 0
h  202  -763982 0.999939 0 -1 -0 0
h  203  -763982 0.999939 0 -1 -0 0
h  204  -763982 0.999939 0 -1 -0 0
h  205  -763981 0.999939 0 -1 -0 0
h  206  -763981 0.999939 0 -1 -0 0
h  207  -762771 0.999939 0 -1 -0 0
h  208  -762769 0.999939 0 -1 -0 0
h  209  -762764 0.999939 0 -1 -0 0
h  210  -762726 0.999939 0 -1 -0 0
h  211  -763982 0.999939 0 -1 -0 0
h  212  -763982 0.999939 0 -1 -0 0
h  213  -763982 0.999939 0 -1 -0 0
h  214  -763982 0.999939 0 -1 -0 0
h  215  -760808 0.999939 0 -1 -0 0
h  216  -760810 0.999939 0 -1 -0 0
h  217  -763975 0.999939 0 -1 -0 0
h  218  -763975 0.999939 0 -1 -0 0
h  219  -763975 0.999939 0 -1 -0 0
h  220  -763975 0.999939 0 -1 -0 0
h  221  -760810 0.999939 0 -1 -0 0
h  222  -763779 0.999939 0 -1 -0 0
h  223  -763794 0.999939 0 -1 -0 0
h  224  -763794 0.999939 0 -1 -0 0
h  225  -763793 0.999939 0 -1 -0 0
h  226  -760721 0.999939 0 -1 -0 0
h  227  -763776 0.999939 0 -1 -0 0
h  228  -763982 0.999939 0 -1 -0 0
h  229  -763982 0.999939 0 -1 -0 0
h  230  -763982 0.999939 0 -1 -0 0
h  231  -763982 0.999939 0 -1 -0 0
h  232  -763982 0.999939 0 -1 -0 0
h  233  -763982 0.999939 0 -1 -0 0
h  234  -763982 0.999939 0 -1 -0 0
h  235  -763982 0.999939 0 -1 -0 0
h  236  -763982 0.999939 0 -1 -0 0
h  237  -763982 0.999939 0 -1 -0 0
h  238  -763982 0.999939 0 -1 -0 0
h  239  -763982 0.999939 0 -1 -0 0
h  240  -763806 0.999939 0 -1 -0 0
h  241  -763806 0.999939 0 -1 -0 0
h  242  -763806 0.999939 0 -1 -0 0
h  243  -761918 0.999939 0 -1 -0 0
h  244  -763942 0.999939 0 -1 -0 0
h  245  -762264 0.999939 0 -1 -0 0
h  246  -762263 0.999939 0 -1 -0 0
h  247  -762265 0.999939 0 -1 -0 0
h  248  -763947 0.999939 0 -1 -0 0
h  249  -763948 0.999939 0 -1 -0 0
h  250  -763948 0.999939 0 -1 -0 0
h  251  -760416 0.999939 0 -1 -0 0
h  252  -763977 0.999939 0 -1 -0 0
h  253  -763977 0.999939 0 -1 -0 0
h  254  -763282 0.999939 0 -1 -0 0
h  255  -763982 0.999939 0 -1 -0 0
h  256  -763982 0.999939 0 -1 -0 0
h  257  -763982 0.999939 0 -1 -0 0
h  258  -763982 0.999939 0 -1 -0 0
h  259  -763977 0.999939 0 -1 -0 0
h  260  -763977 0.999939 0 -1 -0 0
h  261  -763982 0.999939 0 -1 -0 0
h  262  -763982 0.999939 0 -1 -0 0
h  263  -763982 0.999939 0 -1 -0 0
h  264  -763982 0.999939 0 -1 -0 0
h  265  -763982 0.999939 0 -1 -0 0
h  266  -763982 0.999939 0 -1 -0 0
h  267  -763982 0.999939 0 -1 -0 0
h  268  -763982 0.999939 0 -1 -0 0
h  269  -763971 0.999939 0 -1 -0 0
h  270  -763971 0.999939 0 -1 -0 0
h  271  -760970 0.999939 0 -1 -0 0
h  272  -760970 0.999939 0 -1 -0 0
h  273  -760551 0.999939 0 -1 -0 0
h  274  -763453 0.999939 0 -1 -0 0
h  275  -763453 0.999939 0 -1 -0 0
h  276  -763454 0.999939 0 -1 -0 0
h  277  -763975 0.999939 0 -1 -0 0
h  278  -763975 0.999939 0 -1 -0 0
h  279  -763921 0.999939 0 -1 -0 0
h  280  -763921 0.999939 0 -1 -0 0
h  281  -763921 0.999939 0 -1 -0 0
h  282  -761821 0.999939 0 -1 -0 0
h  283  -761669 0.999939 0 -1 -0 0
h  284  -761652 0.999939 0 -1 -0 0
h  285  -763913 0.999939 0 -1 -0 0
h  286  -760709 0.999939 0 -1 -0 0
h  287  -763436 0.999939 0 -1 -0 0
h  288  -763643 0.999939 0 -1 -0 0
h  289  -763643 0.999939 0 -1 -0 0
h  290  -763638 0.999939 0 -1 -0 0
h  291  -763638 0.999939 0 -1 -0 0
h  292  -763638 0.999939 0 -1 -0 0
h  293  -763982 0.999939 0 -1 -0 0
h  294  -763982 0.999939 0 -1 -0 0
h  295  -763982 0.999939 0 -1 -0 0
h  296  -763982 0.999939 0 -1 -0 0
h  297  -763976 0.999939 0 -1 -0 0
h  298  -763976 0.999939 0 -1 -0 0
h  299  -763976 0.999939 0 -1 -0 0
h  300  -763976 0.999939 0 -1 -0 0
h  301  -763976 0.999939 0 -1 -0 0
h  302  -763976 0.999939 0 -1 -0 0
h  303  -763975 0.999939 0 -1 -0 0
h  304  -763975 0.999939 0 -1 -0 0
h  305  -763675 0.999939 0 -1 -0 0
h  306  -762994 0.999939 0 -1 -0 0
h  307  -762994 0.999939 0 -1 -0 0
h  308  -763675 0.999939 0 -1 -0 0
h  309  -763982 0.999939 0 -1 -0 0
h  310  -763982 0.999939 0 -1 -0 0
h  311  -763982 0.999939 0 -1 -0 0
h  312  -763982 0.999939 0 -1 -0 0
h  313  -763982 0.999939 0 -1 -0 0
h  314  -763982 0.999939 0 -1 -0 0
h  315  -763982 0.999939 0 -1 -0 0
h  316  -763982 0.999939 0 -1 -0 0
h  317  -761768 0.999939 0 -1 -0 0
h  318  -763982 0.999939 0 -1 -0 0
h  319  -763982 0.999939 0 -1 -0 0
h  320  -763982 0.999939 0 -1 -0 0
h  321  -763982 0.999939 0 -1 -0 0
h  322  -763962 0.999939 0 -1 -0 0
h  323  -763962 0.999939 0 -1 -0 0
h  324  -763962 0.999939 0 -1 -0 0
h  325  -763962 0.999939 0 -1 -0 0
h  326  -761684 0.999939 0 -1 -0 0
h  327  -763945 0.999939 0 -1 -0 0
h  328  -763946 0.999939 0 -1 -0 0
h  329  -763946 0.999939 0 -1 -0 0
h  330  -763945 0.999939 0 -1 -0 0
h  331  -763806 0.999939 0 -1 -0 0
h  332  -763807 0.999939 0 -1 -0 0
h  333  -763807 0.999939 0 -1 -0 0
h  334  -762300 0.999939 0 -1 -0 0
h  335  -762286 0.999939 0 -1 -0 0
h  336  -762851 0.999939 0 -1 -0 0
h  337  -762848 0.999939 0 -1 -0 0
h  338  -763975 0.999939 0 -1 -0 0
h  339  -763975 0.999939 0 -1 -0 0
h  340  -763975 0.999939 0 -1 -0 0
h  341  -763975 0.999939 0 -1 -0 0
h  342  -761803 0.999939 0 -1 -0 0
h  343  -763791 0.999939 0 -1 -0 0
h  344  -763974 0.999939 0 -1 -0 0
h  345  -763974 0.999939 0 -1 -0 0
h  346  -763975 0.999939 0 -1 -0 0
h  347  -763975 0.999939 0 -1 -0 0
h  348  -762013 0.999939 0 -1 -0 0
h  349  -762012 0.999939 0 -1 -0 0
h  350  -761811 0.999939 0 -1 -0 0
h  351  -761811 0.999939 0 -1 -0 0
h  352  -763682 0.999939 0 -1 -0 0
h  353  -763148 0.999939 0 -1 -0 0
h  354  -763289 0.999939 0 -1 -0 0
h  355  -763286 0.999939 0 -1 -0 0
h  356  -762897 0.999939 0 -1 -0 0
h  357  -763287 0.999939 0 -1 -0 0
h  358  -763495 0.999939 0 -1 -0 0
h  359  -763495 0.999939 0 -1 -0 0
h  360  -763495 0.999939 0 -1 -0 0
h  361  -763965 0.999939 0 -1 -0 0
h  362  -763965 0.999939 0 -1 -0 0
h  363  -763918 0.999939 0 -1 -0 0
h  364  -763918 0.999939 0 -1 -0 0
h  789  -763978 0.999939 0 -1 -0 0
h  792  -763976 0.999939 0 -1 -0 0
h  793  -763977 0.999939 0 -1 -0 0
h  794  -763978 0.999939 0 -1 -0 0
h  795  -763976 0.999939 0 -1 -0 0
h  796  -763970 0.999939 0 -1 -0 0
h  797  -763975 0.999939 0 -1 -0 0
h  804  -763978 0.999939 0 -1 -0 0
h  808  -763978 0.999939 0 -1 -0 0
h  809  -763976 0.999939 0 -1 -0 0
h  810  -763977 0.999939 0 -1 -0 0
h  811  -763976 0.999939 0 -1 -0 0
h  812  -763969 0.999939 0 -1 -0 0
h  813  -763975 0.999939 0 -1 -0 0
h  821  -763978 0.999939 0 -1 -0 0
h  824  -763976 0.999939 0 -1 -0 0
h  825  -763977 0.999939 0 -1 -0 0
h  826  -763978 0.999939 0 -1 -0 0
h  827  -763976 0.999939 0 -1 -0 0
h  828  -763970 0.999939 0 -1 -0 0
h  829  -763975 0.999939 0 -1 -0 0
h  836  -763978 0.999939 0 -1 -0 0
h  840  -763978 0.999939 0 -1 -0 0
h  841  -763976 0.999939 0 -1 -0 0
h  842  -763977 0.999939 0 -1 -0 0
h  843  -763976 0.999939 0 -1 -0 0
h  844  -763969 0.999939 0 -1 -0 0
h  845  -763975 0.999939 0 -1 -0 0
h  846  -760412 0.999939 0 -1 -0 0
h  849  -761719 0.999939 0 -1 -0 0
h  850  -762049 0.999939 0 -1 -0 0
h  851  -762275 0.999939 0 -1 -0 0
h  852  -760821 0.999939 0 -1 -0 0
h  862  -760451 0.999939 0 -1 -0 0
h  865  -761727 0.999939 0 -1 -0 0
h  866  -762065 0.999939 0 -1 -0 0
h  867  -760839 0.999939 0 -1 -0 0
h  868  -762294 0.999939 0 -1 -0 0
h  878  -760453 0.999939 0 -1 -0 0
h  881  -761728 0.999939 0 -1 -0 0
h  882  -762067 0.999939 0 -1 -0 0
h  883  -760841 0.999939 0 -1 -0 0
h  884  -762296 0.999939 0 -1 -0 0
SolidID  29   16 
h  746  -763982 0.999939 0 -1 -0 0
h  747  -763982 0.999939 0 -1 -0 0
h  748  -763982 0.999939 0 -1 -0 0
h  749  -763982 0.999939 0 -1 -0 0
h  750  -763982 0.999939 0 -1 -0 0
h  751  -763982 0.999939 0 -1 -0 0
h  752  -763982 0.999939 0 -1 -0 0
h  753  -763982 0.999939 0 -1 -0 0
h  754  -763982 0.999939 0 -1 -0 0
h  755  -763982 0.999939 0 -1 -0 0
h  756  -763982 0.999939 0 -1 -0 0
h  757  -763982 0.999939 0 -1 -0 0
h  758  -763982 0.999939 0 -1 -0 0
h  759  -763982 0.999939 0 -1 -0 0
h  760  -763982 0.999939 0 -1 -0 0
h  761  -763982 0.999939 0 -1 -0 0
SolidID  35   16 
h  381  -763374 0.999939 0 -1 -0 0
h  382  -763959 0.999939 0 -1 -0 0
h  383  -763926 0.999939 0 -1 -0 0
h  384  -763414 0.999939 0 -1 -0 0
h  385  -763647 0.999939 0 -1 -0 0
h  386  -763881 0.999939 0 -1 -0 0
h  387  -763950 0.999939 0 -1 -0 0
h  388  -763686 0.999939 0 -1 -0 0
h  389  -763532 0.999939 0 -1 -0 0
h  390  -763265 0.999939 0 -1 -0 0
h  391  -763267 0.999939 0 -1 -0 0
h  392  -763954 0.999939 0 -1 -0 0
h  393  -763924 0.999939 0 -1 -0 0
h  394  -763804 0.999939 0 -1 -0 0
h  395  -763832 0.999939 0 -1 -0 0
h  396  -763961 0.999939 0 -1 -0 0
SolidID  41   16 
h  91  -763831 0.999939 0 -1 -0 0
h  92  -763880 0.999939 0 -1 -0 0
h  93  -763948 0.999939 0 -1 -0 0
h  94  -763284 0.999939 0 -1 -0 0
h  95  -763275 0.999939 0 -1 -0 0
h  96  -763958 0.999939 0 -1 -0 0
h  97  -763533 0.999939 0 -1 -0 0
h  98  -763686 0.999939 0 -1 -0 0
h  99  -763925 0.999939 0 -1 -0 0
h  100  -763431 0.999939 0 -1 -0 0
h  101  -763658 0.999939 0 -1 -0 0
h  102  -763950 0.999939 0 -1 -0 0
h  103  -763919 0.999939 0 -1 -0 0
h  104  -763958 0.999939 0 -1 -0 0
h  105  -763803 0.999939 0 -1 -0 0
h  106  -763379 0.999939 0 -1 -0 0
SolidID  47   16 
h  107  -763803 0.999939 0 -1 -0 0
h  108  -763654 0.999939 0 -1 -0 0
h  109  -763948 0.999939 0 -1 -0 0
h  110  -763281 0.999939 0 -1 -0 0
h  111  -763278 0.999939 0 -1 -0 0
h  112  -763958 0.999939 0 -1 -0 0
h  113  -763534 0.999939 0 -1 -0 0
h  114  -763686 0.999939 0 -1 -0 0
h  115  -763925 0.999939 0 -1 -0 0
h  116  -763417 0.999939 0 -1 -0 0
h  117  -763879 0.999939 0 -1 -0 0
h  118  -763950 0.999939 0 -1 -0 0
h  119  -763918 0.999939 0 -1 -0 0
h  120  -763958 0.999939 0 -1 -0 0
h  121  -763829 0.999939 0 -1 -0 0
h  122  -763379 0.999939 0 -1 -0 0
SolidID  6   285 
h  123  -763982 0.999939 0 -1 -0 0
h  124  -763982 0.999939 0 -1 -0 0
h  125  -763982 0.999939 0 -1 -0 0
h  126  -763982 0.999939 0 -1 -0 0
h  127  -763982 0.999939 0 -1 -0 0
h  128  -763982 0.999939 0 -1 -0 0
h  129  -763982 0.999939 0 -1 -0 0
h  130  -763982 0.999939 0 -1 -0 0
h  131  -763982 0.999939 0 -1 -0 0
h  132  -763982 0.999939 0 -1 -0 0
h  133  -763981 0.999939 0 -1 -0 0
h  134  -763981 0.999939 0 -1 -0 0
h  135  -763981 0.999939 0 -1 -0 0
h  136  -763981 0.999939 0 -1 -0 0
h  137  -763978 0.999939 0 -1 -0 0
h  138  -763978 0.999939 0 -1 -0 0
h  139  -763982 0.999939 0 -1 -0 0
h  140  -763982 0.999939 0 -1 -0 0
h  141  -763978 0.999939 0 -1 -0 0
h  142  -763978 0.999939 0 -1 -0 0
h  143  -763981 0.999939 0 -1 -0 0
h  144  -763981 0.999939 0 -1 -0 0
h  145  -763982 0.999939 0 -1 -0 0
h  146  -763982 0.999939 0 -1 -0 0
h  147  -763980 0.999939 0 -1 -0 0
h  148  -763980 0.999939 0 -1 -0 0
h  149  -763980 0.999939 0 -1 -0 0
h  150  -763980 0.999939 0 -1 -0 0
h  151  -763980 0.999939 0 -1 -0 0
h  152  -763980 0.999939 0 -1 -0 0
h  153  -763982 0.999939 0 -1 -0 0
h  154  -763982 0.999939 0 -1 -0 0
h  155  -763982 0.999939 0 -1 -0 0
h  156  -763982 0.999939 0 -1 -0 0
h  157  -763980 0.999939 0 -1 -0 0
h  158  -763980 0.999939 0 -1 -0 0
h  159  -763980 0.999939 0 -1 -0 0
h  160  -763980 0.999939 0 -1 -0 0
h  161  -763980 0.999939 0 -1 -0 0
h  162  -763980 0.999939 0 -1 -0 0
h  163  -763977 0.999939 0 -1 -0 0
h  164  -763977 0.999939 0 -1 -0 0
h  165  -763977 0.999939 0 -1 -0 0
h  166  -763977 0.999939 0 -1 -0 0
h  167  -763982 0.999939 0 -1 -0 0
h  168  -763982 0.999939 0 -1 -0 0
h  169  -763980 0.999939 0 -1 -0 0
h  170  -763980 0.999939 0 -1 -0 0
h  171  -763981 0.999939 0 -1 -0 0
h  172  -763981 0.999939 0 -1 -0 0
h  173  -763980 0.999939 0 -1 -0 0
h  174  -763980 0.999939 0 -1 -0 0
h  175  -763978 0.999939 0 -1 -0 0
h  176  -763978 0.999939 0 -1 -0 0
h  177  -763978 0.999939 0 -1 -0 0
h  178  -763978 0.999939 0 -1 -0 0
h  179  -763982 0.999939 0 -1 -0 0
h  180  -763982 0.999939 0 -1 -0 0
h  181  -763981 0.999939 0 -1 -0 0
h  182  -763981 0.999939 0 -1 -0 0
h  183  -763975 0.999939 0 -1 -0 0
h  184  -763975 0.999939 0 -1 -0 0
h  185  -763976 0.999939 0 -1 -0 0
h  186  -763976 0.999939 0 -1 -0 0
h  187  -763982 0.999939 0 -1 -0 0
h  188  -763982 0.999939 0 -1 -0 0
h  189  -763982 0.999939 0 -1 -0 0
h  190  -763982 0.999939 0 -1 -0 0
h  191  -763972 0.999939 0 -1 -0 0
h  192  -763981 0.999939 0 -1 -0 0
h  193  -763981 0.999939 0 -1 -0 0
h  194  -763972 0.999939 0 -1 -0 0
h  195  -763972 0.999939 0 -1 -0 0
h  196  -763972 0.999939 0 -1 -0 0
h  197  -763982 0.999939 0 -1 -0 0
h  198  -763982 0.999939 0 -1 -0 0
h  199  -763982 0.999939 0 -1 -0 0
h  200  -763982 0.999939 0 -1 -0 0
h  201  -763982 0.999939 0 -1 -0 0
h  202  -763982 0.999939 0 -1 -0 0
h  203  -763982 0.999939 0 -1 -0 0
h  204  -763982 0.999939 0 -1 -0 0
h  205  -763981 0.999939 0 -1 -0 0
h  206  -763981 0.999939 0 -1 -0 0
h  207  -762771 0.999939 0 -1 -0 0
h  208  -762769 0.999939 0 -1 -0 0
h  209  -762764 0.999939 0 -1 -0 0
h  210  -762726 0.999939 0 -1 -0 0
h  211  -763982 0.999939 0 -1 -0 0
h  212  -763982 0.999939 0 -1 -0 0
h  213  -763982 0.999939 0 -1 -0 0
h  214  -763982 0.999939 0 -1 -0 0
h  215  -760808 0.999939 0 -1 -0 0
h  216  -760810 0.999939 0 -1 -0 0
h  217  -763975 0.999939 0 -1 -0 0
h  218  -763975 0.999939 0 -1 -0 0
h  219  -763975 0.999939 0 -1 -0 0
h  220  -763975 0.999939 0 -1 -0 0
h  221  -760810 0.999939 0 -1 -0 0
h  222  -763779 0.999939 0 -1 -0 0
h  223  -763794 0.999939 0 -1 -0 0
h  224  -763794 0.999939 0 -1 -0 0
h  225  -763793 0.999939 0 -1 -0 0
h  226  -760721 0.999939 0 -1 -0 0
h  227  -763776 0.999939 0 -1 -0 0
h  228  -763982 0.999939 0 -1 -0 0
h  229  -763982 0.999939 0 -1 -0 0
h  230  -763982 0.999939 0 -1 -0 0
h  231  -763982 0.999939 0 -1 -0 0
h  232  -763982 0.999939 0 -1 -0 0
h  233  -763982 0.999939 0 -1 -0 0
h  234  -763982 0.999939 0 -1 -0 0
h  235  -763982 0.999939 0 -1 -0 0
h  236  -763982 0.999939 0 -1 -0 0
h  237  -763982 0.999939 0 -1 -0 0
h  238  -763982 0.999939 0 -1 -0 0
h  239  -763982 0.999939 0 -1 -0 0
h  240  -763806 0.999939 0 -1 -0 0
h  241  -763806 0.999939 0 -1 -0 0
h  242  -763806 0.999939 0 -1 -0 0
h  243  -761918 0.999939 0 -1 -0 0
h  244  -763942 0.999939 0 -1 -0 0
h  245  -762264 0.999939 0 -1 -0 0
h  246  -762263 0.999939 0 -1 -0 0
h  247  -762265 0.999939 0 -1 -0 0
h  248  -763947 0.999939 0 -1 -0 0
h  249  -763948 0.999939 0 -1 -0 0
h  250  -763948 0.999939 0 -1 -0 0
h  251  -760416 0.999939 0 -1 -0 0
h  252  -763977 0.999939 0 -1 -0 0
h  253  -763977 0.999939 0 -1 -0 0
h  254  -763282 0.999939 0 -1 -0 0
h  255  -763982 0.999939 0 -1 -0 0
h  256  -763982 0.999939 0 -1 -0 0
h  257  -763982 0.999939 0 -1 -0 0
h  258  -763982 0.999939 0 -1 -0 0
h  259  -763977 0.999939 0 -1 -0 0
h  260  -763977 0.999939 0 -1 -0 0
h  261  -763982 0.999939 0 -1 -0 0
h  262  -763982 0.999939 0 -1 -0 0
h  263  -763982 0.999939 0 -1 -0 0
h  264  -763982 0.999939 0 -1 -0 0
h  265  -763982 0.999939 0 -1 -0 0
h  266  -763982 0.999939 0 -1 -0 0
h  267  -763982 0.999939 0 -1 -0 0
h  268  -763982 0.999939 0 -1 -0 0
h  269  -763971 0.999939 0 -1 -0 0
h  270  -763971 0.999939 0 -1 -0 0
h  271  -760970 0.999939 0 -1 -0 0
h  272  -760970 0.999939 0 -1 -0 0
h  273  -760551 0.999939 0 -1 -0 0
h  274  -763453 0.999939 0 -1 -0 0
h  275  -763453 0.999939 0 -1 -0 0
h  276  -763454 0.999939 0 -1 -0 0
h  277  -763975 0.999939 0 -1 -0 0
h  278  -763975 0.999939 0 -1 -0 0
h  279  -763921 0.999939 0 -1 -0 0
h  280  -763921 0.999939 0 -1 -0 0
h  281  -763921 0.999939 0 -1 -0 0
h  282  -761821 0.999939 0 -1 -0 0
h  283  -761669 0.999939 0 -1 -0 0
h  284  -761652 0.999939 0 -1 -0 0
h  285  -763913 0.999939 0 -1 -0 0
h  286  -760709 0.999939 0 -1 -0 0
h  287  -763436 0.999939 0 -1 -0 0
h  288  -763643 0.999939 0 -1 -0 0
h  289  -763643 0.999939 0 -1 -0 0
h  290  -763638 0.999939 0 -1 -0 0
h  291  -763638 0.999939 0 -1 -0 0
h  292  -763638 0.999939 0 -1 -0 0
h  293  -763982 0.999939 0 -1 -0 0
h  294  -763982 0.999939 0 -1 -0 0
h  295  -763982 0.999939 0 -1 -0 0
h  296  -763982 0.999939 0 -1 -0 0
h  297  -763976 0.999939 0 -1 -0 0
h  298  -763976 0.999939 0 -1 -0 0
h  299  -763976 0.999939 0 -1 -0 0
h  300  -763976 0.999939 0 -1 -0 0
h  301  -763976 0.999939 0 -1 -0 0
h  302  -763976 0.999939 0 -1 -0 0
h  303  -763975 0.999939 0 -1 -0 0
h  304  -763975 0.999939 0 -1 -0 0
h  305  -763675 0.999939 0 -1 -0 0
h  306  -762994 0.999939 0 -1 -0 0
h  307  -762994 0.999939 0 -1 -0 0
h  308  -763675 0.999939 0 -1 -0 0
h  309  -763982 0.999939 0 -1 -0 0
h  310  -763982 0.999939 0 -1 -0 0
h  311  -763982 0.999939 0 -1 -0 0
h  312  -763982 0.999939 0 -1 -0 0
h  313  -763982 0.999939 0 -1 -0 0
h  314  -763982 0.999939 0 -1 -0 0
h  315  -763982 0.999939 0 -1 -0 0
h  316  -763982 0.999939 0 -1 -0 0
h  317  -761768 0.999939 0 -1 -0 0
h  318  -763982 0.999939 0 -1 -0 0
h  319  -763982 0.999939 0 -1 -0 0
h  320  -763982 0.999939 0 -1 -0 0
h  321  -763982 0.999939 0 -1 -0 0
h  322  -763962 0.999939 0 -1 -0 0
h  323  -763962 0.999939 0 -1 -0 0
h  324  -763962 0.999939 0 -1 -0 0
h  325  -763962 0.999939 0 -1 -0 0
h  326  -761684 0.999939 0 -1 -0 0
h  327  -763945 0.999939 0 -1 -0 0
h  328  -763946 0.999939 0 -1 -0 0
h  329  -763946 0.999939 0 -1 -0 0
h  330  -763945 0.999939 0 -1 -0 0
h  331  -763806 0.999939 0 -1 -0 0
h  332  -763807 0.999939 0 -1 -0 0
h  333  -763807 0.999939 0 -1 -0 0
h  334  -762300 0.999939 0 -1 -0 0
h  335  -762286 0.999939 0 -1 -0 0
h  336  -762851 0.999939 0 -1 -0 0
h  337  -762848 0.999939 0 -1 -0 0
h  338  -763975 0.999939 0 -1 -0 0
h  339  -763975 0.999939 0 -1 -0 0
h  340  -763975 0.999939 0 -1 -0 0
h  341  -763975 0.999939 0 -1 -0 0
h  342  -761803 0.999939 0 -1 -0 0
h  343  -763791 0.999939 0 -1 -0 0
h  344  -763974 0.999939 0 -1 -0 0
h  345  -763974 0.999939 0 -1 -0 0
h  346  -763975 0.999939 0 -1 -0 0
h  347  -763975 0.999939 0 -1 -0 0
h  348  -762013 0.999939 0 -1 -0 0
h  349  -762012 0.999939 0 -1 -0 0
h  350  -761811 0.999939 0 -1 -0 0
h  351  -761811 0.999939 0 -1 -0 0
h  352  -763682 0.999939 0 -1 -0 0
h  353  -763148 0.999939 0 -1 -0 0
h  354  -763289 0.999939 0 -1 -0 0
h  355  -763286 0.999939 0 -1 -0 0
h  356  -762897 0.999939 0 -1 -0 0
h  357  -763287 0.999939 0 -1 -0 0
h  358  -763495 0.999939 0 -1 -0 0
h  359  -763495 0.999939 0 -1 -0 0
h  360  -763495 0.999939 0 -1 -0 0
h  361  -763965 0.999939 0 -1 -0 0
h  362  -763965 0.999939 0 -1 -0 0
h  363  -763918 0.999939 0 -1 -0 0
h  364  -763918 0.999939 0 -1 -0 0
h  789  -763978 0.999939 0 -1 -0 0
h  792  -763976 0.999939 0 -1 -0 0
h  793  -763977 0.999939 0 -1 -0 0
h  794  -763978 0.999939 0 -1 -0 0
h  795  -763976 0.999939 0 -1 -0 0
h  796  -763970 0.999939 0 -1 -0 0
h  797  -763975 0.999939 0 -1 -0 0
h  804  -763978 0.999939 0 -1 -0 0
h  808  -763978 0.999939 0 -1 -0 0
h  809  -763976 0.999939 0 -1 -0 0
h  810  -763977 0.999939 0 -1 -0 0
h  811  -763976 0.999939 0 -1 -0 0
h  812  -763969 0.999939 0 -1 -0 0
h  813  -763975 0.999939 0 -1 -0 0
h  821  -763978 0.999939 0 -1 -0 0
h  824  -763976 0.999939 0 -1 -0 0
h  825  -763977 0.999939 0 -1 -0 0
h  826  -763978 0.999939 0 -1 -0 0
h  827  -763976 0.999939 0 -1 -0 0
h  828  -763970 0.999939 0 -1 -0 0
h  829  -763975 0.999939 0 -1 -0 0
h  836  -763978 0.999939 0 -1 -0 0
h  840  -763978 0.999939 0 -1 -0 0
h  841  -763976 0.999939 0 -1 -0 0
h  842  -763977 0.999939 0 -1 -0 0
h  843  -763976 0.999939 0 -1 -0 0
h  844  -763969 0.999939 0 -1 -0 0
h  845  -763975 0.999939 0 -1 -0 0
h  846  -760412 0.999939 0 -1 -0 0
h  849  -761719 0.999939 0 -1 -0 0
h  850  -762049 0.999939 0 -1 -0 0
h  851  -762275 0.999939 0 -1 -0 0
h  852  -760821 0.999939 0 -1 -0 0
h  862  -760451 0.999939 0 -1 -0 0
h  865  -761727 0.999939 0 -1 -0 0
h  866  -762065 0.999939 0 -1 -0 0
h  867  -760839 0.999939 0 -1 -0 0
h  868  -762294 0.999939 0 -1 -0 0
h  878  -760453 0.999939 0 -1 -0 0
h  881  -761728 0.999939 0 -1 -0 0
h  882  -762067 0.999939 0 -1 -0 0
h  883  -760841 0.999939 0 -1 -0 0
h  884  -762296 0.999939 0 -1 -0 0
SolidID  29   16 
h  746  -763982 0.999939 0 -1 -0 0
h  747  -763982 0.999939 0 -1 -0 0
h  748  -763982 0.999939 0 -1 -0 0
h  749  -763982 0.999939 0 -1 -0 0
h  750  -763982 0.999939 0 -1 -0 0
h  751  -763982 0.999939 0 -1 -0 0
h  752  -763982 0.999939 0 -1 -0 0
h  753  -763982 0.999939 0 -1 -0 0
h  754  -763982 0.999939 0 -1 -0 0
h  755  -763982 0.999939 0 -1 -0 0
h  756  -763982 0.999939 0 -1 -0 0
h  757  -763982 0.999939 0 -1 -0 0
h  758  -763982 0.999939 0 -1 -0 0
h  759  -763982 0.999939 0 -1 -0 0
h  760  -763982 0.999939 0 -1 -0 0
h  761  -763982 0.999939 0 -1 -0 0
SolidID  35   16 
h  381  -763374 0.999939 0 -1 -0 0
h  382  -763959 0.999939 0 -1 -0 0
h  383  -763926 0.999939 0 -1 -0 0
h  384  -763414 0.999939 0 -1 -0 0
h  385  -763647 0.999939 0 -1 -0 0
h  386  -763881 0.999939 0 -1 -0 0
h  387  -763950 0.999939 0 -1 -0 0
h  388  -763686 0.999939 0 -1 -0 0
h  389  -763532 0.999939 0 -1 -0 0
h  390  -763265 0.999939 0 -1 -0 0
h  391  -763267 0.999939 0 -1 -0 0
h  392  -763954 0.999939 0 -1 -0 0
h  393  -763924 0.999939 0 -1 -0 0
h  394  -763804 0.999939 0 -1 -0 0
h  395  -763832 0.999939 0 -1 -0 0
h  396  -763961 0.999939 0 -1 -0 0
SolidID  41   16 
h  91  -763831 0.999939 0 -1 -0 0
h  92  -763880 0.999939 0 -1 -0 0
h  93  -763948 0.999939 0 -1 -0 0
h  94  -763284 0.999939 0 -1 -0 0
h  95  -763275 0.999939 0 -1 -0 0
h  96  -763958 0.999939 0 -1 -0 0
h  97  -763533 0.999939 0 -1 -0 0
h  98  -763686 0.999939 0 -1 -0 0
h  99  -763925 0.999939 0 -1 -0 0
h  100  -763431 0.999939 0 -1 -0 0
h  101  -763658 0.999939 0 -1 -0 0
h  102  -763950 0.999939 0 -1 -0 0
h  103  -763919 0.999939 0 -1 -0 0
h  104  -763958 0.999939 0 -1 -0 0
h  105  -763803 0.999939 0 -1 -0 0
h  106  -763379 0.999939 0 -1 -0 0
SolidID  47   16 
h  107  -763803 0.999939 0 -1 -0 0
h  108  -763654 0.999939 0 -1 -0 0
h  109  -763948 0.999939 0 -1 -0 0
h  110  -763281 0.999939 0 -1 -0 0
h  111  -763278 0.999939 0 -1 -0 0
h  112  -763958 0.999939 0 -1 -0 0
h  113  -763534 0.999939 0 -1 -0 0
h  114  -763686 0.999939 0 -1 -0 0
h  115  -763925 0.999939 0 -1 -0 0
h  116  -763417 0.999939 0 -1 -0 0
h  117  -763879 0.999939 0 -1 -0 0
h  118  -763950 0.999939 0 -1 -0 0
h  119  -763918 0.999939 0 -1 -0 0
h  120  -763958 0.999939 0 -1 -0 0
h  121  -763829 0.999939 0 -1 -0 0
h  122  -763379 0.999939 0 -1 -0 0
SolidID  53   16 
h  365  -763961 0.999939 0 -1 -0 0
h  366  -763267 0.999939 0 -1 -0 0
h  367  -763414 0.999939 0 -1 -0 0
h  368  -763926 0.999939 0 -1 -0 0
h  369  -763647 0.999939 0 -1 -0 0
h  370  -763881 0.999939 0 -1 -0 0
h  371  -763265 0.999939 0 -1 -0 0
h  372  -763950 0.999939 0 -1 -0 0
h  373  -763532 0.999939 0 -1 -0 0
h  374  -763686 0.999939 0 -1 -0 0
h  375  -763959 0.999939 0 -1 -0 0
h  376  -763924 0.999939 0 -1 -0 0
h  377  -763954 0.999939 0 -1 -0 0
h  378  -763374 0.999939 0 -1 -0 0
h  379  -763804 0.999939 0 -1 -0 0
h  380  -763832 0.999939 0 -1 -0 0
E_DATA
B_MESH_DATA
Dim 2 
NumPts 212 
NumElems 365 
1   0.00046194   -0.000191342    0
2   0   0    0
3   0.0005   0    0
4   0   -0.0005    0
5   -0.000191342   -0.00046194    0
6   0.000191342   -0.00046194    0
7   0   0.0005    0
8   0.000191342   0.00046194    0
9   -0.00046194   0.000191342    0
10   -0.0005   0    0
11   -0.000353553   0.000353553    0
12   -0.000353553   -0.000353553    0
13   -0.00046194   -0.000191342    0
14   0.00046194   0.000191342    0
15   0.000353553   0.000353553    0
16   -0.000191342   0.00046194    0
17   0.000353553   -0.000353553    0
18   -0.0191913   -0.00346194    0
19   -0.0193536   -0.00335355    0
20   -0.019   -0.003    0
21   -0.0186464   -0.00264645    0
22   -0.0185381   -0.00280866    0
23   -0.0185381   -0.00319134    0
24   -0.0185   -0.003    0
25   -0.0194619   -0.00280866    0
26   -0.0195   -0.003    0
27   -0.0193536   -0.00264645    0
28   -0.0186464   -0.00335355    0
29   -0.0191913   -0.00253806    0
30   -0.019   -0.0025    0
31   -0.0188087   -0.00253806    0
32   -0.0194619   -0.00319134    0
33   -0.0188087   -0.00346194    0
34   -0.019   -0.0035    0
35   0.0186464   0.00264645    0
36   0.019   0.003    0
37   0.0188087   0.00253806    0
38   0.0193536   0.00335355    0
39   0.0194619   0.00319134    0
40   0.0185381   0.00319134    0
41   0.0185   0.003    0
42   0.0194619   0.00280866    0
43   0.0195   0.003    0
44   0.0193536   0.00264645    0
45   0.0186464   0.00335355    0
46   0.019   0.0025    0
47   0.0191913   0.00253806    0
48   0.0185381   0.00280866    0
49   0.0188087   0.00346194    0
50   0.019   0.0035    0
51   0.0191913   0.00346194    0
52   0.00625879   -0.000314318    0
53   0.00445878   0.004    0
54   0.00809979   0.00227818    0
55   -0.00625878   0.000314308    0
56   -0.00445878   -0.004    0
57   -0.00809977   -0.0022782    0
58   -0.00787303   0.004    0
59   -0.00445878   0.004    0
60   0.00787303   -0.004    0
61   0.00445878   -0.004    0
62   0.00346513   -4.13823e-05    0
63   -0.00346513   4.13817e-05    0
64   0.00932781   -0.000361583    0
65   -0.0093277   0.000361471    0
66   0.0108137   -0.00242839    0
67   -0.0108135   0.00242822    0
68   0.0122872   -9.9324e-05    0
69   0.0136695   0.00209724    0
70   0.0156146   -1.77949e-05    0
71   -0.0122866   9.84594e-05    0
72   -0.0136685   -0.00209833    0
73   -0.0156109   1.22478e-05    0
74   0.00213698   0.00167564    0
75   -0.00213698   -0.00167564    0
76   -0.0136654   0.00216612    0
77   0.0136661   -0.00216702    0
78   0.0108434   0.00204768    0
79   -0.0108432   -0.00204787    0
80   0.00213698   -0.00168472    0
81   -0.00213698   0.00168472    0
82   0.0152937   0.004    0
83   0.0118537   0.004    0
84   -0.0152937   -0.004    0
85   -0.0118537   -0.004    0
86   0.00172475   0.004    0
87   -0.00172475   -0.004    0
88   -0.00172475   0.004    0
89   0.00172475   -0.004    0
90   -0.0118537   0.004    0
91   -0.0152937   0.004    0
92   0.0118537   -0.004    0
93   0.0152937   -0.004    0
94   0.0162659   0.00236746    0
95   -0.0162618   0.00237855    0
96   -0.0162621   -0.00237057    0
97   0.0162628   -0.00238025    0
98   0.00787303   0.004    0
99   -0.00787303   -0.004    0
100   0.01   0.004    0
101   -0.01   -0.004    0
102   0.0175053   0.00136899    0
103   -0.0174857   -0.00138262    0
104   -0.0174857   0.00138499    0
105   0.0174884   -0.00139223    0
106   0.00139798   -3.72798e-06    0
107   -0.00139798   3.72795e-06    0
108   0.0180153   -2.701e-05    0
109   -0.01   0.004    0
110   0.01   -0.004    0
111   -0.0180056   9.89457e-07    0
112   0.000774773   0.00154661    0
113   -0.000774773   -0.00154661    0
114   0.000774773   -0.00154726    0
115   -0.000774773   0.00154726    0
116   0   0.00267957    0
117   0   -0.00267957    0
118   -0.0188095   -0.00120225    0
119   -0.02   0    0
120   -0.0188095   0.00120247    0
121   0.02   -5.58436e-05    0
122   0.0188118   -0.00121841    0
123   0.0188534   0.00113319    0
124   0   0.004    0
125   0   -0.004    0
126   -0.02   0.0016728    0
127   -0.02   -0.0016728    0
128   0.0179395   0.00261664    0
129   -0.0179285   0.00261737    0
130   -0.0179285   -0.00261682    0
131   0.0179291   -0.00261862    0
132   0.02   -0.001681    0
133   0.02   0.00134084    0
134   0.0185377   0.00211314    0
135   0   0.00117155    0
136   0   -0.00117155    0
137   0.00102345   0.000725765    0
138   -0.00102345   -0.000725765    0
139   0.00102345   -0.000727271    0
140   -0.00102345   0.000727271    0
141   -0.0184405   -0.002078    0
142   -0.0184405   0.00207815    0
143   0.0184415   -0.00208189    0
144   0.0192478   0.00208059    0
145   -0.0190348   -0.00208625    0
146   -0.0190348   0.00208626    0
147   0.0190354   -0.00209027    0
148   0.02   0.00234087    0
149   -0.017684   -0.004    0
150   -0.019   -0.004    0
151   0.0176841   0.004    0
152   0.019   0.004    0
153   -0.0186464   0.00335355    0
154   -0.0186464   0.004    0
155   -0.017684   0.004    0
156   0.0186464   -0.00335355    0
157   0.0186464   -0.004    0
158   0.017684   -0.004    0
159   -0.02   -0.004    0
160   0.02   0.004    0
161   -0.0194619   0.00319134    0
162   -0.02   0.003    0
163   -0.02   0.004    0
164   0.0194619   -0.00319134    0
165   0.02   -0.003    0
166   0.02   -0.004    0
167   0.02   0.00340176    0
168   -0.0192442   0.00366996    0
169   0.0192442   -0.00366996    0
170   -0.0186464   0.00264645    0
171   0.0186464   -0.00264645    0
172   -0.02   -0.00340903    0
173   -0.02   -0.00280866    0
174   0.0193536   -0.00335355    0
175   -0.0193536   0.00335355    0
176   -0.0188087   0.00253806    0
177   0.0188087   -0.00253806    0
178   -0.0185381   0.00319134    0
179   0.0185381   -0.00319134    0
180   0.019   -0.0035    0
181   -0.019   0.0035    0
182   -0.0185381   0.00280866    0
183   -0.0185   0.003    0
184   0.0185381   -0.00280866    0
185   0.0185   -0.003    0
186   0.0188087   -0.00346194    0
187   -0.0188087   0.00346194    0
188   0.0195   -0.003    0
189   -0.0195   0.003    0
190   -0.0194619   0.00280866    0
191   0.0194619   -0.00280866    0
192   -0.0191913   0.00253806    0
193   -0.019   0.0025    0
194   0.0191913   -0.00253806    0
195   0.019   -0.0025    0
196   0.0191913   -0.00346194    0
197   -0.0191913   0.00346194    0
198   -0.0164888   0.004    0
199   -0.0172087   0.00330868    0
200   -0.0164888   -0.004    0
201   -0.0172087   -0.00330841    0
202   0.0164888   -0.004    0
203   0.017209   -0.00330931    0
204   0.0164889   0.004    0
205   0.0172142   0.00330832    0
206   -0.02   -0.00224073    0
207   -0.02   0.0023364    0
208   -0.0193536   0.00264645    0
209   0.02   -0.0023405    0
210   0.0193536   -0.00264645    0
211   0.019   -0.003    0
212   -0.019   0.003    0
746  29  1  2  3 
747  29  4  5  2 
748  29  4  2  6 
749  29  7  8  2 
750  29  9  2  10 
751  29  9  11  2 
752  29  12  13  2 
753  29  14  3  2 
754  29  15  14  2 
755  29  15  2  8 
756  29  11  16  2 
757  29  7  2  16 
758  29  13  10  2 
759  29  1  17  2 
760  29  17  6  2 
761  29  12  2  5 
91  41  18  19  20 
92  41  21  22  20 
93  41  23  20  24 
94  41  25  20  26 
95  41  25  27  20 
96  41  23  28  20 
97  41  29  30  20 
98  41  30  31  20 
99  41  22  24  20 
100  41  26  20  32 
101  41  32  20  19 
102  41  33  34  20 
103  41  18  20  34 
104  41  28  33  20 
105  41  21  20  31 
106  41  29  20  27 
107  47  35  36  37 
108  47  38  39  36 
109  47  40  36  41 
110  47  42  36  43 
111  47  42  44  36 
112  47  40  45  36 
113  47  46  36  47 
114  47  46  37  36 
115  47  48  41  36 
116  47  43  36  39 
117  47  35  48  36 
118  47  49  50  36 
119  47  51  36  50 
120  47  45  49  36 
121  47  51  38  36 
122  47  44  47  36 
123  6  52  53  54 
124  6  55  56  57 
125  6  55  58  59 
126  6  52  60  61 
127  6  52  62  53 
128  6  55  63  56 
129  6  52  64  60 
130  6  55  65  58 
131  6  52  61  62 
132  6  55  59  63 
133  6  64  66  60 
134  6  65  67  58 
135  6  52  54  64 
136  6  55  57  65 
137  6  68  69  70 
138  6  71  72  73 
139  6  74  53  62 
140  6  75  56  63 
141  6  71  73  76 
142  6  68  70  77 
143  6  78  64  54 
144  6  79  65  57 
145  6  80  62  61 
146  6  81  63  59 
147  6  68  64  78 
148  6  71  65  79 
149  6  82  69  83 
150  6  84  72  85 
151  6  68  66  64 
152  6  71  67  65 
153  6  74  86  53 
154  6  75  87  56 
155  6  81  59  88 
156  6  80  61  89 
157  6  90  76  91 
158  6  92  77  93 
159  6  68  77  66 
160  6  71  76  67 
161  6  68  78  69 
162  6  71  79  72 
163  6  70  69  94 
164  6  76  73  95 
165  6  73  72  96 
166  6  77  70  97 
167  6  98  54  53 
168  6  99  57  56 
169  6  69  78  83 
170  6  72  79  85 
171  6  100  78  54 
172  6  101  79  57 
173  6  90  67  76 
174  6  92  66  77 
175  6  82  94  69 
176  6  84  96  72 
177  6  91  76  95 
178  6  93  77  97 
179  6  98  100  54 
180  6  99  101  57 
181  6  100  83  78 
182  6  101  85  79 
183  6  102  70  94 
184  6  103  73  96 
185  6  104  95  73 
186  6  105  97  70 
187  6  62  106  74 
188  6  63  107  75 
189  6  62  80  106 
190  6  63  81  107 
191  6  108  70  102 
192  6  109  58  67 
193  6  110  60  66 
194  6  111  73  103 
195  6  104  73  111 
196  6  105  70  108 
197  6  86  74  112 
198  6  87  75  113 
199  6  89  114  80 
200  6  88  115  81 
201  6  86  112  116 
202  6  87  113  117 
203  6  88  116  115 
204  6  89  117  114 
205  6  90  109  67 
206  6  92  110  66 
207  6  111  118  119 
208  6  111  119  120 
209  6  108  121  122 
210  6  108  123  121 
211  6  124  116  88 
212  6  124  86  116 
213  6  125  87  117 
214  6  125  117  89 
215  6  120  119  126 
216  6  119  118  127 
217  6  94  128  102 
218  6  95  104  129 
219  6  96  130  103 
220  6  97  105  131 
221  6  122  121  132 
222  6  108  102  123 
223  6  111  103  118 
224  6  111  120  104 
225  6  108  122  105 
226  6  121  123  133 
227  6  123  102  134 
228  6  135  116  112 
229  6  136  114  117 
230  6  135  115  116 
231  6  136  117  113 
232  6  137  74  106 
233  6  138  75  107 
234  6  139  106  80 
235  6  140  107  81 
236  6  139  80  114 
237  6  140  81  115 
238  6  137  112  74 
239  6  138  113  75 
240  6  118  103  141 
241  6  142  104  120 
242  6  143  105  122 
243  6  144  133  123 
244  6  134  102  128 
245  6  145  127  118 
246  6  146  120  126 
247  6  147  122  132 
248  6  141  103  130 
249  6  104  142  129 
250  6  105  143  131 
251  6  148  133  144 
252  6  33  149  150 
253  6  49  151  152 
254  6  123  134  144 
255  6  15  112  137 
256  6  12  113  138 
257  6  17  139  114 
258  6  11  140  115 
259  6  153  154  155 
260  6  156  157  158 
261  6  114  136  6 
262  6  115  135  16 
263  6  112  8  135 
264  6  113  5  136 
265  6  14  137  106 
266  6  13  138  107 
267  6  1  106  139 
268  6  9  107  140 
269  6  18  150  159 
270  6  51  152  160 
271  6  161  162  163 
272  6  164  165  166 
273  6  148  43  167 
274  6  118  141  145 
275  6  120  146  142 
276  6  122  147  143 
277  6  163  154  168 
278  6  166  157  169 
279  6  170  129  142 
280  6  21  141  130 
281  6  171  131  143 
282  6  44  148  144 
283  6  160  167  38 
284  6  159  172  19 
285  6  35  134  128 
286  6  173  26  172 
287  6  46  144  134 
288  6  166  169  174 
289  6  163  168  175 
290  6  31  145  141 
291  6  146  176  142 
292  6  147  177  143 
293  6  17  114  6 
294  6  11  115  16 
295  6  12  5  113 
296  6  15  8  112 
297  6  178  153  155 
298  6  23  149  28 
299  6  179  156  158 
300  6  40  151  45 
301  6  33  28  149 
302  6  49  45  151 
303  6  180  169  157 
304  6  181  168  154 
305  6  159  19  18 
306  6  166  174  164 
307  6  163  175  161 
308  6  160  38  51 
309  6  1  3  106 
310  6  9  10  107 
311  6  14  106  3 
312  6  13  107  10 
313  6  1  139  17 
314  6  9  140  11 
315  6  15  137  14 
316  6  12  138  13 
317  6  42  148  44 
318  6  4  6  136 
319  6  4  136  5 
320  6  7  135  8 
321  6  7  16  135 
322  6  22  130  24 
323  6  182  183  129 
324  6  184  185  131 
325  6  48  128  41 
326  6  148  42  43 
327  6  21  130  22 
328  6  182  129  170 
329  6  184  131  171 
330  6  35  128  48 
331  6  21  31  141 
332  6  170  142  176 
333  6  171  143  177 
334  6  26  32  172 
335  6  43  39  167 
336  6  32  19  172 
337  6  38  167  39 
338  6  186  180  157 
339  6  187  181  154 
340  6  186  157  156 
341  6  187  154  153 
342  6  173  25  26 
343  6  35  37  134 
344  6  18  34  150 
345  6  51  50  152 
346  6  49  152  50 
347  6  33  150  34 
348  6  164  188  165 
349  6  161  189  162 
350  6  162  189  190 
351  6  165  188  191 
352  6  46  134  37 
353  6  46  47  144 
354  6  29  145  30 
355  6  192  193  146 
356  6  44  144  47 
357  6  194  195  147 
358  6  30  145  31 
359  6  193  176  146 
360  6  195  177  147 
361  6  196  169  180 
362  6  197  168  181 
363  6  196  174  169 
364  6  197  175  168 
789  6  198  91  95 
792  6  129  199  95 
793  6  199  198  95 
794  6  198  199  155 
795  6  178  155  199 
796  6  129  183  178 
797  6  178  199  129 
804  6  84  200  96 
808  6  201  200  149 
809  6  201  130  96 
810  6  200  201  96 
811  6  201  149  23 
812  6  23  24  130 
813  6  130  201  23 
821  6  202  93  97 
824  6  131  203  97 
825  6  203  202  97 
826  6  202  203  158 
827  6  179  158  203 
828  6  131  185  179 
829  6  179  203  131 
836  6  82  204  94 
840  6  205  204  151 
841  6  205  128  94 
842  6  204  205  94 
843  6  205  151  40 
844  6  40  41  128 
845  6  128  205  40 
846  6  173  206  25 
849  6  27  25  206 
850  6  29  27  206 
851  6  145  29  206 
852  6  206  127  145 
862  6  207  162  190 
865  6  207  190  208 
866  6  207  208  192 
867  6  146  126  207 
868  6  207  192  146 
878  6  209  165  191 
881  6  209  191  210 
882  6  209  210  194 
883  6  147  132  209 
884  6  209  194  147 
365  53  186  156  211 
366  53  191  211  210 
367  53  188  164  211 
368  53  184  211  185 
369  53  164  174  211 
370  53  184  171  211 
371  53  191  188  211 
372  53  179  185  211 
373  53  194  211  195 
374  53  195  211  177 
375  53  179  211  156 
376  53  196  180  211 
377  53  186  211  180 
378  53  194  210  211 
379  53  171  177  211 
380  53  196  211  174 
381  35  192  208  212 
382  35  178  212  153 
383  35  182  212  183 
384  35  189  161  212 
385  35  161  175  212 
386  35  182  170  212 
387  35  178  183  212 
388  35  193  212  176 
389  35  192  212  193 
390  35  190  189  212 
391  35  190  212  208 
392  35  187  212  181 
393  35  197  181  212 
394  35  170  176  212 
395  35  197  212  175 
396  35  187  153  212 
E_MESH_DATA
