365
16 123   0.00627245 0.00198795 1.14188
16 124   -0.00627244 -0.00198796 1.14188
16 125   -0.00619686 0.00277144 1.14149
16 126   0.00619686 -0.00277144 1.14149
16 127   0.00472756 0.00121477 1.14103
16 128   -0.00472756 -0.00121477 1.14103
16 129   0.00781988 -0.00155863 1.14346
16 130   -0.00781984 0.00155859 1.14346
16 131   0.00472756 -0.0014519 1.14099
16 132   -0.00472756 0.0014519 1.14099
16 133   0.00933817 -0.00226332 1.14506
16 134   -0.00933808 0.00226323 1.14506
16 135   0.00789546 0.000534092 1.14385
16 136   -0.00789542 -0.000534141 1.14385
16 137   0.0138571 0.000660041 1.15962
16 138   -0.0138553 -0.000662542 1.15961
16 139   0.00335363 0.00187809 1.14026
16 140   -0.00335363 -0.00187809 1.14026
16 141   -0.0138543 0.000758943 1.15951
16 142   0.013856 -0.000761381 1.15952
16 143   0.00942367 0.00132142 1.14576
16 144   -0.00942356 -0.00132153 1.14575
16 145   0.00335363 -0.0019087 1.14026
16 146   -0.00335363 0.0019087 1.14026
16 147   0.0108195 0.000528924 1.1488
16 148   -0.0108192 -0.000529314 1.1488
16 149   0.0136057 0.00336575 1.15208
16 150   -0.0136053 -0.00336611 1.15208
16 151   0.0108096 -0.000963099 1.14862
16 152   -0.0108093 0.000962716 1.14862
16 153   0.0027735 0.00322521 1.13973
16 154   -0.0027735 -0.00322521 1.13973
16 155   -0.0027735 0.00322824 1.13973
16 156   0.0027735 -0.00322824 1.13973
16 157   -0.0136043 0.00338871 1.15197
16 158   0.0136045 -0.00338901 1.15197
16 159   0.0122557 -0.00156491 1.15198
16 160   -0.0122552 0.00156427 1.15198
16 161   0.0122667 0.00134853 1.15226
16 162   -0.0122661 -0.00134925 1.15225
16 163   0.0151834 0.0014823 1.1662
16 164   -0.0151794 0.00151897 1.16607
16 165   -0.0151805 -0.00148555 1.16617
16 166   0.0151812 -0.00152169 1.16607
16 167   0.00681053 0.00342606 1.14165
16 168   -0.00681053 -0.00342607 1.14165
16 169   0.0121222 0.00271497 1.14986
16 170   -0.0121218 -0.0027154 1.14986
16 171   0.00964773 0.00277529 1.14506
16 172   -0.00964766 -0.00277536 1.14506
16 173   -0.0121109 0.00286478 1.14956
16 174   0.0121112 -0.00286514 1.14956
16 175   0.0150764 0.00282157 1.15942
16 176   -0.0150748 -0.00282297 1.15941
16 177   -0.0150736 0.00284822 1.15935
16 178   0.0150742 -0.00284909 1.15934
16 179   0.00865761 0.00342606 1.14324
16 180   -0.0086576 -0.00342607 1.14324
16 181   0.010899 0.00334923 1.14629
16 182   -0.010899 -0.00334929 1.14629
16 183   0.0164619 0.00123955 1.17885
16 184   -0.0164529 -0.00124698 1.1787
16 185   -0.0164528 0.0012586 1.17866
16 186   0.0164553 -0.00126343 1.17866
16 187   0.00233337 0.00054351 1.14019
16 188   -0.00233337 -0.000543511 1.14019
16 189   0.00233337 -0.000576611 1.1402
16 190   -0.00233337 0.000576611 1.1402
16 191   0.0170451 0.000441395 1.1912
16 192   -0.00956218 0.00347607 1.1443
16 193   0.00956223 -0.00347613 1.1443
16 194   -0.0170341 -0.00045646 1.19096
16 195   -0.0170341 0.000466077 1.19094
16 196   0.0170394 -0.000479013 1.191
16 197   0.0015455 0.00240742 1.1397
16 198   -0.0015455 -0.00240742 1.1397
16 199   0.0015455 -0.00241066 1.1397
16 200   -0.0015455 0.00241066 1.1397
16 201   0.000833174 0.00274206 1.13953
16 202   -0.000833174 -0.00274206 1.13953
16 203   -0.000833174 0.00274228 1.13953
16 204   0.000833174 -0.00274228 1.13953
16 205   -0.0108891 0.00347607 1.14613
16 206   0.0108891 -0.00347613 1.14613
16 207   -0.0189384 -0.00040042 1.23681
16 208   -0.0189384 0.000401153 1.23683
16 209   0.0189424 -0.000433754 1.23685
16 210   0.0189562 0.000350112 1.23753
16 211   -0.000574916 0.00355986 1.13927
16 212   0.000574916 0.00355986 1.13927
16 213   -0.000574916 -0.00355986 1.13927
16 214   0.000574916 -0.00355986 1.13927
16 215   -0.0196032 0.000958423 1.25519
16 216   -0.0196032 -0.00095835 1.25518
16 217   0.0172369 0.0021177 1.18221
16 218   -0.0172253 0.00212697 1.18196
16 219   -0.0172254 -0.00212334 1.18199
16 220   0.0172267 -0.00213037 1.18194
16 221   0.0196039 -0.000985083 1.25505
16 222   0.0181246 0.000825056 1.21168
16 223   -0.0181003 -0.000861292 1.21083
16 224   -0.0181003 0.000862817 1.21083
16 225   0.0181052 -0.000879217 1.21085
16 226   0.0196178 0.000806063 1.25666
16 227   0.0182988 0.00153844 1.20937
16 228   0.000258258 0.00179924 1.13974
16 229   0.000258258 -0.00179946 1.13974
16 230   -0.000258258 0.00179946 1.13974
16 231   -0.000258258 -0.00179924 1.13974
16 232   0.00151947 0.000799226 1.13999
16 233   -0.00151947 -0.000799226 1.13999
16 234   0.00151947 -0.000805241 1.13999
16 235   -0.00151947 0.000805241 1.13999
16 236   0.00131173 -0.00131975 1.1399
16 237   -0.00131173 0.00131975 1.1399
16 238   0.00131173 0.001316 1.1399
16 239   -0.00131173 -0.001316 1.1399
16 240   -0.0182453 -0.00155429 1.20786
16 241   -0.0182452 0.0015552 1.20785
16 242   0.0182472 -0.00156418 1.20778
16 243   0.019367 0.00151821 1.24173
16 244   0.0179942 0.00203292 1.195
16 245   -0.0192814 -0.00165377 1.23697
16 246   -0.0192814 0.00165384 1.23698
16 247   0.0192824 -0.00166323 1.23688
16 248   -0.0179516 -0.00202581 1.19429
16 249   -0.0179516 0.00202684 1.19427
16 250   0.017953 -0.00203091 1.19424
16 251   0.0197493 0.00192077 1.2498
16 252   -0.0184976 -0.00382065 1.16081
16 253   0.0184976 0.00382065 1.16082
16 254   0.0188796 0.00177564 1.22165
16 255   0.000717258 0.000875309 1.13989
16 256   -0.000717258 -0.000875309 1.13989
16 257   0.000717258 -0.000876027 1.13989
16 258   -0.000717258 0.000876027 1.13989
16 259   -0.0183256 0.00378452 1.16211
16 260   0.0183256 -0.00378452 1.16211
16 261   0.000322038 -0.00106025 1.13985
16 262   -0.000322038 0.00106025 1.13985
16 263   0.000322038 0.00106003 1.13985
16 264   -0.000322038 -0.00106003 1.13985
16 265   0.000961123 0.00030446 1.13995
16 266   -0.000961123 -0.00030446 1.13995
16 267   0.000961123 -0.000307447 1.13995
16 268   -0.000961123 0.000307447 1.13995
16 269   -0.0193971 -0.00382065 1.15628
16 270   0.0193971 0.00382065 1.15624
16 271   -0.0198206 0.00339711 1.20355
16 272   0.0198206 -0.00339711 1.20356
16 273   0.0198333 0.00291421 1.22716
16 274   -0.0187616 -0.00178883 1.21794
16 275   -0.0187616 0.00178896 1.21794
16 276   0.0187629 -0.00179686 1.21785
16 277   -0.0192969 0.00388999 1.15282
16 278   0.0192969 -0.00388999 1.15282
16 279   -0.0183385 0.00244732 1.19445
16 280   -0.0183385 -0.00244709 1.19448
16 281   0.018339 -0.00244899 1.19443
16 282   0.0195338 0.00235597 1.23203
16 283   0.0197845 0.0035851 1.18795
16 284   -0.0197845 -0.00358753 1.18794
16 285   0.0183745 0.00245874 1.19501
16 286   -0.0198333 -0.00307256 1.22066
16 287   0.0189285 0.00223124 1.21404
16 288   0.0195326 -0.0036745 1.17051
16 289   -0.0195326 0.0036745 1.17051
16 290   -0.0187613 -0.0022341 1.20909
16 291   -0.0187613 0.00223416 1.20909
16 292   0.0187618 -0.00223674 1.20905
16 293   0.00043989 -0.000787583 1.13988
16 294   -0.00043989 0.000787583 1.13988
16 295   -0.00043989 -0.000787367 1.13988
16 296   0.00043989 0.000787367 1.13988
16 297   -0.0182895 0.00351497 1.16867
16 298   -0.0182895 -0.00351497 1.16858
16 299   0.0182895 -0.00351497 1.16867
16 300   0.0182895 0.00351497 1.16858
16 301   -0.0183797 -0.00360516 1.16662
16 302   0.0183797 0.00360516 1.16663
16 303   0.0189635 -0.00372332 1.16258
16 304   -0.0189635 0.00372332 1.16258
16 305   -0.019515 -0.00360516 1.17241
16 306   0.0196052 -0.00351497 1.18474
16 307   -0.0196052 0.00351497 1.18474
16 308   0.019515 0.00360516 1.17236
16 309   0.000786641 -6.50232e-05 1.13994
16 310   -0.000786641 6.50232e-05 1.13994
16 311   0.000786641 6.25379e-05 1.13994
16 312   -0.000786641 -6.25379e-05 1.13994
16 313   0.00061298 -0.000424055 1.13992
16 314   -0.00061298 0.000424055 1.13992
16 315   0.00061298 0.000423554 1.13992
16 316   -0.00061298 -0.000423554 1.13992
16 317   0.0196052 0.00259866 1.22763
16 318   6.37806e-05 -0.000711163 1.13988
16 319   -6.37806e-05 -0.000711163 1.13988
16 320   6.37806e-05 0.000711163 1.13988
16 321   -6.37806e-05 0.000711163 1.13988
16 322   -0.0183222 -0.00280849 1.186
16 323   -0.0183222 0.00280868 1.18595
16 324   0.0183224 -0.00280909 1.18595
16 325   0.0183259 0.00280843 1.18606
16 326   0.019654 0.00271651 1.22543
16 327   -0.018371 -0.00269064 1.18966
16 328   -0.018371 0.00269082 1.18962
16 329   0.0183712 -0.00269124 1.18961
16 330   0.0183747 0.00269058 1.18973
16 331   -0.0186319 -0.00242084 1.20126
16 332   -0.0186319 0.00242088 1.20124
16 333   0.0186322 -0.00242213 1.20122
16 334   -0.019654 -0.00320013 1.20497
16 335   0.019654 0.0031977 1.20494
16 336   -0.0196052 -0.00331798 1.19605
16 337   0.0196052 0.00331555 1.19605
16 338   0.0188184 -0.00365398 1.16554
16 339   -0.0188184 0.00365398 1.16554
16 340   0.0187005 -0.00360516 1.16691
16 341   -0.0187005 0.00360516 1.16691
16 342   -0.019654 -0.00287244 1.22033
16 343   0.0186643 0.00243255 1.20179
16 344   -0.0190638 -0.00365398 1.16558
16 345   0.0190638 0.00365398 1.16558
16 346   0.0189362 0.00365398 1.16473
16 347   -0.0189362 -0.00365398 1.16472
16 348   0.019654 -0.00306378 1.2128
16 349   -0.019654 0.00306378 1.2128
16 350   -0.019654 0.00293622 1.21849
16 351   0.019654 -0.00293622 1.21849
16 352   0.0187821 0.00238373 1.20604
16 353   0.0191464 0.00237288 1.21723
16 354   -0.0190754 -0.00237477 1.21491
16 355   -0.0190754 0.00237477 1.21495
16 356   0.0192642 0.0024217 1.2199
16 357   0.0190756 -0.00237611 1.21492
16 358   -0.0189478 -0.00237477 1.21094
16 359   -0.0189478 0.00237477 1.21096
16 360   0.018948 -0.00237611 1.21093
16 361   0.0191452 -0.00354397 1.17034
16 362   -0.0191452 0.00354397 1.17034
16 363   0.019263 -0.00349515 1.1743
16 364   -0.019263 0.00349515 1.1743
16 789   -0.0160148 0.00345952 1.15959
16 792   -0.017133 0.0027682 1.17298
16 793   -0.0166531 0.00322908 1.1643
16 794   -0.0171272 0.00376956 1.1601
16 795   -0.0178103 0.00350001 1.16656
16 796   -0.0183222 0.00293624 1.18273
16 797   -0.0178917 0.00303913 1.17578
16 804   -0.0160149 -0.00345686 1.15955
16 808   -0.0171272 -0.00376947 1.16013
16 809   -0.0171331 -0.00276527 1.173
16 810   -0.0166532 -0.00322633 1.16427
16 811   -0.0178103 -0.00349992 1.16658
16 812   -0.0183222 -0.00293606 1.18279
16 813   -0.0178917 -0.00303886 1.17578
16 821   0.0160151 -0.00346008 1.15959
16 824   0.0171336 -0.00276939 1.17297
16 825   0.0166535 -0.00322985 1.16429
16 826   0.0171273 -0.00376977 1.1601
16 827   0.0178103 -0.00350022 1.16655
16 828   0.0183224 -0.00293665 1.18272
16 829   0.017892 -0.00303976 1.17578
16 836   0.0160162 0.00345582 1.15956
16 840   0.0171291 0.00376944 1.16014
16 841   0.0171399 0.00276414 1.17308
16 842   0.0166564 0.00322526 1.1643
16 843   0.0178121 0.00349989 1.1666
16 844   0.0183259 0.00293599 1.18285
16 845   0.0178973 0.00303877 1.17584
16 846   -0.0198206 -0.00261935 1.23696
16 849   -0.0196052 -0.00256528 1.22887
16 850   -0.019515 -0.00247508 1.22799
16 851   -0.0194087 -0.00228835 1.22909
16 852   -0.0196783 -0.00199993 1.24588
16 862   -0.0198206 0.00271502 1.2344
16 865   -0.0196052 0.00259717 1.22818
16 866   -0.019515 0.00250697 1.22726
16 867   -0.0196783 0.00203182 1.24527
16 868   -0.0194087 0.00232024 1.22839
16 878   0.0198206 -0.00271639 1.23435
16 881   0.0196052 -0.00259853 1.22814
16 882   0.019515 -0.00250834 1.22722
16 883   0.0196785 -0.00203726 1.24518
16 884   0.0194089 -0.00232294 1.22833
33 746   0.000320647 -6.37806e-05 1.13991
33 747   -6.37806e-05 -0.000320647 1.1399
33 748   6.37806e-05 -0.000320647 1.1399
33 749   6.37806e-05 0.000320647 1.1399
33 750   -0.000320647 6.37806e-05 1.13991
33 751   -0.000271831 0.000181632 1.13991
33 752   -0.000271831 -0.000181632 1.13991
33 753   0.000320647 6.37806e-05 1.13991
33 754   0.000271831 0.000181632 1.13991
33 755   0.000181632 0.000271831 1.1399
33 756   -0.000181632 0.000271831 1.1399
33 757   -6.37806e-05 0.000320647 1.1399
33 758   -0.000320647 -6.37806e-05 1.13991
33 759   0.000271831 -0.000181632 1.13991
33 760   0.000181632 -0.000271831 1.1399
33 761   -0.000181632 -0.000271831 1.1399
39 381   -0.0191816 0.00272817 1.20749
39 382   -0.0187282 0.00318163 1.1812
39 383   -0.0186794 0.00293622 1.18828
39 384   -0.0193206 0.00306378 1.19886
39 385   -0.0192718 0.00318163 1.19149
39 386   -0.0187282 0.00281837 1.19274
39 387   -0.0186794 0.00306378 1.18428
39 388   -0.0189362 0.00267935 1.20184
39 389   -0.0190638 0.00267935 1.20547
39 390   -0.0193206 0.00293622 1.20447
39 391   -0.0192718 0.00281837 1.20729
39 392   -0.0189362 0.00332065 1.17853
39 393   -0.0190638 0.00332065 1.18016
39 394   -0.0188184 0.00272817 1.19736
39 395   -0.0191816 0.00327183 1.18468
39 396   -0.0188184 0.00327183 1.17908
45 91   -0.0191816 -0.00327183 1.18516
45 92   -0.0187282 -0.00281837 1.19284
45 93   -0.0186794 -0.00306378 1.18445
45 94   -0.0193206 -0.00293622 1.20425
45 95   -0.0192718 -0.00281837 1.20719
45 96   -0.0187282 -0.00318163 1.18145
45 97   -0.0190638 -0.00267935 1.20548
45 98   -0.0189362 -0.00267935 1.20189
45 99   -0.0186794 -0.00293622 1.18842
45 100   -0.0193206 -0.00306378 1.19875
45 101   -0.0192718 -0.00318163 1.19153
45 102   -0.0189362 -0.00332065 1.17922
45 103   -0.0190638 -0.00332065 1.18091
45 104   -0.0188184 -0.00327183 1.17964
45 105   -0.0188184 -0.00272817 1.19744
45 106   -0.0191816 -0.00272817 1.20745
51 107   0.0188184 0.00272817 1.19744
51 108   0.0192718 0.00318163 1.19162
51 109   0.0186794 0.00306378 1.18447
51 110   0.0193206 0.00293622 1.20442
51 111   0.0192718 0.00281837 1.20721
51 112   0.0187282 0.00318163 1.18148
51 113   0.0190638 0.00267935 1.20548
51 114   0.0189362 0.00267935 1.20187
51 115   0.0186794 0.00293622 1.18844
51 116   0.0193206 0.00306378 1.19908
51 117   0.0187282 0.00281837 1.19286
51 118   0.0189362 0.00332065 1.17925
51 119   0.0190638 0.00332065 1.18095
51 120   0.0188184 0.00327183 1.17967
51 121   0.0191816 0.00327183 1.18521
51 122   0.0191816 0.00272817 1.20748
57 365   0.0188184 -0.00327183 1.17908
57 366   0.0192718 -0.00281837 1.20729
57 367   0.0193206 -0.00306378 1.19886
57 368   0.0186794 -0.00293622 1.18828
57 369   0.0192718 -0.00318163 1.19149
57 370   0.0187282 -0.00281837 1.19274
57 371   0.0193206 -0.00293622 1.20447
57 372   0.0186794 -0.00306378 1.18428
57 373   0.0190638 -0.00267935 1.20547
57 374   0.0189362 -0.00267935 1.20184
57 375   0.0187282 -0.00318163 1.1812
57 376   0.0190638 -0.00332065 1.18016
57 377   0.0189362 -0.00332065 1.17853
57 378   0.0191816 -0.00272817 1.20749
57 379   0.0188184 -0.00272817 1.19736
57 380   0.0191816 -0.00327183 1.18468
end
