PhaseA
  5 10
  0.0311
  -5.91692  0  0  0.0857194  -191.92  
  0.0312
  -8.12728  0  0  0.0678212  -178.982  
  0.0313
  -10.3296  0  0  0.0511725  -166.487  
  0.0314
  -12.5218  0  0  0.0350468  -161.257  
  0.0315
  -14.7016  0  0  0.0190762  -159.707  
  0.0316
  -16.8669  0  0  0.00318718  -158.89  
  0.0317
  -19.0155  0  0  -0.0127059  -158.931  
  0.0318
  -21.1454  0  0  -0.028494  -157.882  
  0.0319
  -23.2544  0  0  -0.044194  -157  
  0.032
  -25.3404  0  0  -0.0602265  -160.325  
