415
16 99   0.0138571 0.000660041 1.33841
16 100   -0.0138553 -0.000662542 1.3383
16 101   -0.0138543 0.000758943 1.33716
16 102   0.013856 -0.000761381 1.33722
16 103   0.00942367 0.00132142 1.08597
16 104   -0.00942356 -0.00132153 1.08596
16 105   0.0108195 0.000528924 1.13101
16 106   -0.0108192 -0.000529314 1.13099
16 107   0.0108096 -0.000963099 1.12772
16 108   -0.0108093 0.000962716 1.12771
16 109   0.0027735 0.00322521 1.04539
16 110   -0.0027735 -0.00322521 1.04539
16 111   -0.0027735 0.00322824 1.04538
16 112   0.0027735 -0.00322824 1.04539
16 113   0.0151834 0.0014823 1.39156
16 114   -0.0151794 0.00151897 1.39061
16 115   -0.0151805 -0.00148555 1.39141
16 116   0.0151812 -0.00152169 1.3906
16 117   0.00964773 0.00277529 1.07605
16 118   -0.00964766 -0.00277536 1.07605
16 119   0.0150764 0.00282157 1.34616
16 120   -0.0150748 -0.00282297 1.34608
16 121   -0.0150736 0.00284822 1.34515
16 122   0.0150742 -0.00284909 1.34514
16 123   0.0164619 0.00123955 1.43022
16 124   -0.0164529 -0.00124698 1.43
16 125   -0.0164528 0.0012586 1.4298
16 126   0.0164553 -0.00126343 1.42975
16 127   0.00233337 0.00054351 1.0473
16 128   -0.00233337 -0.000543511 1.0473
16 129   0.00233337 -0.000576611 1.04729
16 130   -0.00233337 0.000576611 1.04729
16 131   0.0170451 0.000441395 1.42069
16 132   -0.0170341 -0.00045646 1.4222
16 133   -0.0170341 0.000466077 1.42263
16 134   0.0170394 -0.000479013 1.42357
16 135   0.0015455 0.00240742 1.04555
16 136   -0.0015455 -0.00240742 1.04554
16 137   0.0015455 -0.00241066 1.04555
16 138   -0.0015455 0.00241066 1.04555
16 139   0.000833174 0.00274206 1.045
16 140   -0.000833174 -0.00274206 1.04499
16 141   -0.000833174 0.00274228 1.045
16 142   0.000833174 -0.00274228 1.04501
16 143   -0.0189384 -0.00040042 1.43711
16 144   -0.0189384 0.000401153 1.43704
16 145   0.0189424 -0.000433754 1.43715
16 146   0.0189562 0.000350112 1.43694
16 147   -0.000574916 0.00355986 1.04418
16 148   0.000574916 0.00355986 1.04417
16 149   -0.000574916 -0.00355986 1.04417
16 150   0.000574916 -0.00355986 1.04419
16 151   -0.0196032 0.000958423 1.43706
16 152   -0.0196032 -0.00095835 1.43714
16 153   0.0172369 0.0021177 1.41768
16 154   -0.0172253 0.00212697 1.41742
16 155   -0.0172254 -0.00212334 1.41747
16 156   0.0172267 -0.00213037 1.41734
16 157   0.0196039 -0.000985083 1.4373
16 158   0.0181246 0.000825056 1.43867
16 159   -0.0181003 -0.000861292 1.43856
16 160   -0.0181003 0.000862817 1.43855
16 161   0.0181052 -0.000879217 1.4385
16 162   0.0196178 0.000806063 1.4356
16 163   0.0182988 0.00153844 1.43275
16 164   0.000258258 0.00179924 1.0457
16 165   0.000258258 -0.00179946 1.04569
16 166   -0.000258258 0.00179946 1.04569
16 167   -0.000258258 -0.00179924 1.04569
16 168   0.00151947 0.000799226 1.04656
16 169   -0.00151947 -0.000799226 1.04656
16 170   0.00151947 -0.000805241 1.04656
16 171   -0.00151947 0.000805241 1.04656
16 172   0.00131173 -0.00131975 1.04626
16 173   -0.00131173 0.00131975 1.04625
16 174   0.00131173 0.001316 1.04626
16 175   -0.00131173 -0.001316 1.04625
16 176   -0.0182453 -0.00155429 1.43249
16 177   -0.0182452 0.0015552 1.43247
16 178   0.0182472 -0.00156418 1.43235
16 179   0.019367 0.00151821 1.43523
16 180   0.0179942 0.00203292 1.4228
16 181   -0.0192814 -0.00165377 1.43325
16 182   -0.0192814 0.00165384 1.4332
16 183   0.0192824 -0.00166323 1.43308
16 184   -0.0179516 -0.00202581 1.42284
16 185   -0.0179516 0.00202684 1.42281
16 186   0.017953 -0.00203091 1.42273
16 187   0.0197493 0.00192077 1.43018
16 188   0.0188796 0.00177564 1.43007
16 189   -0.0183256 0.00378452 1.35716
16 190   0.0183256 -0.00378452 1.35716
16 191   0.000961123 0.00030446 1.04643
16 192   -0.000961123 -0.00030446 1.04643
16 193   0.000961123 -0.000307447 1.04643
16 194   -0.000961123 0.000307447 1.04643
16 195   -0.0193971 -0.00382065 1.32216
16 196   0.0193971 0.00382065 1.3221
16 197   -0.0198206 0.00339711 1.36654
16 198   0.0198206 -0.00339711 1.36655
16 199   0.0198333 0.00291421 1.39819
16 200   -0.0187616 -0.00178883 1.42966
16 201   -0.0187616 0.00178896 1.42961
16 202   0.0187629 -0.00179686 1.42949
16 203   -0.0192969 0.00388999 1.31834
16 204   0.0192969 -0.00388999 1.31834
16 205   -0.0183385 0.00244732 1.41347
16 206   -0.0183385 -0.00244709 1.41352
16 207   0.018339 -0.00244899 1.41343
16 208   0.0195338 0.00235597 1.419
16 209   0.0197845 0.0035851 1.34665
16 210   -0.0197845 -0.00358753 1.3466
16 211   0.0183745 0.00245874 1.41334
16 212   -0.0198333 -0.00307256 1.39001
16 213   0.0189285 0.00223124 1.42088
16 214   0.0195326 -0.0036745 1.33754
16 215   -0.0195326 0.0036745 1.33754
16 216   -0.0187613 -0.0022341 1.42031
16 217   -0.0187613 0.00223416 1.42025
16 218   0.0187618 -0.00223674 1.42019
16 219   -0.0182895 0.00351497 1.37109
16 220   0.0182895 -0.00351497 1.37109
16 221   0.0189635 -0.00372332 1.34936
16 222   -0.0189635 0.00372332 1.34935
16 223   -0.019515 -0.00360516 1.34248
16 224   0.0196052 -0.00351497 1.35482
16 225   -0.0196052 0.00351497 1.35482
16 226   0.019515 0.00360516 1.34239
16 227   0.000786641 -6.50232e-05 1.0464
16 228   -0.000786641 6.50232e-05 1.0464
16 229   0.000786641 6.25379e-05 1.0464
16 230   -0.000786641 -6.25379e-05 1.0464
16 231   0.00061298 -0.000424055 1.04631
16 232   -0.00061298 0.000424055 1.04631
16 233   0.00061298 0.000423554 1.04631
16 234   -0.00061298 -0.000423554 1.04631
16 235   0.0196052 0.00259866 1.41113
16 236   6.37806e-05 -0.000711163 1.04617
16 237   -6.37806e-05 -0.000711163 1.04617
16 238   6.37806e-05 0.000711163 1.04617
16 239   -6.37806e-05 0.000711163 1.04617
16 240   -0.0183222 -0.00280849 1.40183
16 241   -0.0183222 0.00280868 1.40174
16 242   0.0183224 -0.00280909 1.40173
16 243   0.0183259 0.00280843 1.40184
16 244   0.019654 0.00271651 1.40645
16 245   -0.018371 -0.00269064 1.4061
16 246   -0.018371 0.00269082 1.40601
16 247   0.0183712 -0.00269124 1.406
16 248   0.0183747 0.00269058 1.40611
16 249   -0.0186319 -0.00242084 1.41481
16 250   -0.0186319 0.00242088 1.41473
16 251   0.0186322 -0.00242213 1.4147
16 252   -0.019654 -0.00320013 1.38132
16 253   0.019654 0.0031977 1.38109
16 254   -0.0196052 -0.00331798 1.37293
16 255   0.0196052 0.00331555 1.37285
16 256   0.0188184 -0.00365398 1.35827
16 257   -0.0188184 0.00365398 1.35827
16 258   0.0187005 -0.00360516 1.36317
16 259   -0.0187005 0.00360516 1.36317
16 260   -0.019654 -0.00287244 1.4002
16 261   0.0186643 0.00243255 1.41458
16 262   -0.0190638 -0.00365398 1.35344
16 263   0.0190638 0.00365398 1.35344
16 264   0.0189362 0.00365398 1.35521
16 265   -0.0189362 -0.00365398 1.3552
16 266   0.019654 -0.00306378 1.39055
16 267   -0.019654 0.00306378 1.39055
16 268   -0.019654 0.00293622 1.39742
16 269   0.019654 -0.00293622 1.39743
16 270   0.0187821 0.00238373 1.41629
16 271   0.0191464 0.00237288 1.41751
16 272   -0.0190754 -0.00237477 1.41734
16 273   -0.0190754 0.00237477 1.41727
16 274   0.0192642 0.0024217 1.41631
16 275   0.0190756 -0.00237611 1.41724
16 276   -0.0189478 -0.00237477 1.41697
16 277   -0.0189478 0.00237477 1.41689
16 278   0.018948 -0.00237611 1.41686
16 279   0.0191452 -0.00354397 1.35726
16 280   -0.0191452 0.00354397 1.35726
16 281   0.019263 -0.00349515 1.3589
16 282   -0.019263 0.00349515 1.3589
16 738   0.00589686 -0.00338572 1.04875
16 739   0.00502757 -0.00083762 1.05194
16 740   0.00398485 -0.00261396 1.04749
16 741   0.00365363 -0.00129442 1.04859
16 742   0.00755083 -0.000944353 1.0646
16 743   0.00622783 -0.00154288 1.05504
16 744   0.00676591 -0.00277144 1.05323
16 745   -0.00589686 0.00338572 1.04875
16 746   -0.00502756 0.000837614 1.05194
16 747   -0.00398485 0.00261396 1.04748
16 748   -0.00365363 0.00129442 1.04859
16 749   -0.00755079 0.000944311 1.0646
16 750   -0.00622782 0.00154287 1.05504
16 751   -0.0067659 0.00277144 1.05323
16 770   0.00969375 -0.00169425 1.08809
16 771   0.0084445 -0.00160384 1.07041
16 772   0.00795958 -0.00281664 1.05841
16 773   0.00991781 -0.00290706 1.07854
16 774   0.00893761 -0.00343093 1.05877
16 775   -0.00969364 0.00169413 1.08809
16 776   -0.00844444 0.00160377 1.07041
16 777   -0.00795955 0.00281661 1.05841
16 778   -0.00991774 0.00290697 1.07854
16 779   -0.00893758 0.0034309 1.05877
16 794   -0.00502756 -0.000495719 1.05219
16 795   -0.00589686 -0.00328095 1.04906
16 796   -0.00711053 -0.00270702 1.05486
16 797   -0.00365363 -0.00115904 1.04871
16 798   -0.00398485 -0.00250616 1.04768
16 799   0.00502757 0.000495714 1.05219
16 800   0.00589686 0.00328095 1.04906
16 801   0.00711054 0.00270701 1.05486
16 802   0.00365363 0.00115903 1.04871
16 803   0.00398485 0.00250616 1.04768
16 804   0.0117957 0.00134027 1.17317
16 805   0.0127378 0.00135679 1.24908
16 806   0.0107307 0.00302384 1.09505
16 807   0.0110674 0.00367461 1.0935
16 808   0.0114828 0.00238133 1.13612
16 809   0.0118196 0.0030321 1.13825
16 810   -0.0117952 -0.00134084 1.1731
16 811   -0.012737 -0.00135766 1.249
16 812   -0.0107306 -0.00302394 1.09503
16 813   -0.0110674 -0.00367465 1.0934
16 814   -0.0114825 -0.00238164 1.13605
16 815   -0.0118194 -0.00303235 1.13814
16 834   -0.0127305 0.00152058 1.24466
16 835   -0.0117798 0.00160795 1.16743
16 836   -0.0116356 0.00290846 1.1322
16 837   -0.011198 0.00347607 1.10293
16 838   -0.0105801 0.00347607 1.08274
16 842   0.0127311 -0.00152135 1.24468
16 843   0.0117803 -0.00160847 1.16744
16 844   0.0116358 -0.0029087 1.1322
16 845   0.0111981 -0.00347613 1.10293
16 846   0.0105802 -0.00347613 1.08274
16 850   0.00830311 0.00342606 1.05517
16 851   0.0090121 0.00342606 1.05876
16 855   -0.00830311 -0.00342607 1.05516
16 856   -0.00901209 -0.00342607 1.05875
16 860   -0.0141786 -0.00336611 1.28349
16 862   -0.013166 -0.00272381 1.24208
16 863   -0.0125611 -0.0033577 1.17277
16 866   0.014179 0.00336575 1.28346
16 868   0.0131666 0.00272323 1.24213
16 869   0.0125613 0.00335749 1.17283
16 872   -0.00820225 -0.000966226 1.07023
16 873   -0.00758858 -0.000102056 1.06599
16 874   -0.00687927 -0.001701 1.05786
16 875   -0.00626561 -0.000836828 1.05648
16 876   0.0082023 0.000966175 1.07023
16 877   0.00758863 0.00010201 1.06599
16 878   0.00687929 0.00170098 1.05787
16 879   0.00626562 0.000836818 1.05648
16 889   -0.0141776 0.00338871 1.28247
16 891   -0.0125556 0.00343239 1.16957
16 892   -0.0131595 0.0028211 1.23767
16 895   0.0141778 -0.00338901 1.28247
16 897   0.0125558 -0.00343257 1.16957
16 898   0.0131599 -0.00282158 1.23767
16 1016   -0.0160148 0.00345952 1.35132
16 1019   -0.017133 0.0027682 1.397
16 1020   -0.0166531 0.00322908 1.37341
16 1021   -0.0171272 0.00376956 1.35613
16 1022   -0.0178103 0.00350001 1.37201
16 1023   -0.0183222 0.00293624 1.39675
16 1024   -0.0178917 0.00303913 1.39184
16 1028   -0.0160149 -0.00345686 1.35141
16 1032   -0.0171272 -0.00376947 1.35596
16 1033   -0.0171331 -0.00276527 1.39702
16 1034   -0.0166532 -0.00322633 1.37342
16 1035   -0.0178103 -0.00349992 1.37192
16 1036   -0.0183222 -0.00293606 1.39685
16 1037   -0.0178917 -0.00303886 1.39183
16 1042   0.0160151 -0.00346008 1.35131
16 1045   0.0171336 -0.00276939 1.39697
16 1046   0.0166535 -0.00322985 1.37339
16 1047   0.0171273 -0.00376977 1.35612
16 1048   0.0178103 -0.00350022 1.37201
16 1049   0.0183224 -0.00293665 1.39674
16 1050   0.017892 -0.00303976 1.39182
16 1054   0.0160162 0.00345582 1.35144
16 1058   0.0171291 0.00376944 1.35595
16 1059   0.0171399 0.00276414 1.39712
16 1060   0.0166564 0.00322526 1.37349
16 1061   0.0178121 0.00349989 1.37192
16 1062   0.0183259 0.00293599 1.39686
16 1063   0.0178973 0.00303877 1.39185
16 1064   -0.0198206 -0.00261935 1.41125
16 1067   -0.0196052 -0.00256528 1.41261
16 1068   -0.019515 -0.00247508 1.4155
16 1069   -0.0194087 -0.00228835 1.42079
16 1070   -0.0196783 -0.00199993 1.42866
16 1080   -0.0198206 0.00271502 1.40778
16 1083   -0.0196052 0.00259717 1.41153
16 1084   -0.019515 0.00250697 1.41445
16 1085   -0.0196783 0.00203182 1.42782
16 1086   -0.0194087 0.00232024 1.41985
16 1096   0.0198206 -0.00271639 1.40772
16 1099   0.0196052 -0.00259853 1.41149
16 1100   0.019515 -0.00250834 1.41441
16 1101   0.0196785 -0.00203726 1.4277
16 1102   0.0194089 -0.00232294 1.41978
16 1103   -0.0187169 -0.00382065 1.34879
16 1106   -0.018599 -0.00360516 1.36379
16 1107   -0.018188 -0.00373045 1.36018
16 1108   -0.0185088 -0.00351497 1.3693
16 1109   0.0187169 0.00382065 1.34879
16 1112   0.0185991 0.00360516 1.3638
16 1113   0.0181881 0.00373045 1.36018
16 1114   0.0185089 0.00351497 1.36931
16 1115   0.000787461 -0.00107498 1.04617
16 1116   0.000647054 -0.000677076 1.04626
16 1117   0.000369686 -0.000588633 1.04623
16 1118   0.000251835 -0.000861298 1.04614
16 1119   0.000446312 -0.00122307 1.04603
16 1120   -0.000787461 0.00107498 1.04617
16 1121   -0.000647054 0.000677076 1.04626
16 1122   -0.000369686 0.000588633 1.04623
16 1123   -0.000251835 0.000861298 1.04615
16 1124   -0.000446312 0.00122307 1.04603
16 1125   -0.000647054 -0.000676466 1.04626
16 1126   -0.000787461 -0.00107415 1.04616
16 1127   -0.000369686 -0.000588525 1.04623
16 1128   -0.000446312 -0.00122275 1.04603
16 1129   -0.000251835 -0.00086119 1.04614
16 1130   0.000647054 0.000676466 1.04626
16 1131   0.000787461 0.00107415 1.04617
16 1132   0.000369686 0.000588525 1.04623
16 1133   0.000446312 0.00122275 1.04603
16 1134   0.000251835 0.00086119 1.04615
33 534   0.000320647 -6.37806e-05 1.04629
33 535   -6.37806e-05 -0.000320647 1.04625
33 536   6.37806e-05 -0.000320647 1.04625
33 537   6.37806e-05 0.000320647 1.04625
33 538   -0.000320647 6.37806e-05 1.04629
33 539   -0.000271831 0.000181632 1.04628
33 540   -0.000271831 -0.000181632 1.04628
33 541   0.000320647 6.37806e-05 1.04629
33 542   0.000271831 0.000181632 1.04628
33 543   0.000181632 0.000271831 1.04626
33 544   -0.000181632 0.000271831 1.04626
33 545   -6.37806e-05 0.000320647 1.04625
33 546   -0.000320647 -6.37806e-05 1.04629
33 547   0.000271831 -0.000181632 1.04628
33 548   0.000181632 -0.000271831 1.04626
33 549   -0.000181632 -0.000271831 1.04626
39 299   -0.0191816 0.00272817 1.40527
39 300   -0.0187282 0.00318163 1.38528
39 301   -0.0186794 0.00293622 1.39673
39 302   -0.0193206 0.00306378 1.38969
39 303   -0.0192718 0.00318163 1.38246
39 304   -0.0187282 0.00281837 1.40146
39 305   -0.0186794 0.00306378 1.39102
39 306   -0.0189362 0.00267935 1.4068
39 307   -0.0190638 0.00267935 1.40699
39 308   -0.0193206 0.00293622 1.39643
39 309   -0.0192718 0.00281837 1.40172
39 310   -0.0189362 0.00332065 1.37607
39 311   -0.0190638 0.00332065 1.37466
39 312   -0.0188184 0.00272817 1.40485
39 313   -0.0191816 0.00327183 1.37693
39 314   -0.0188184 0.00327183 1.37994
45 67   -0.0191816 -0.00327183 1.37808
45 68   -0.0187282 -0.00281837 1.40164
45 69   -0.0186794 -0.00306378 1.39128
45 70   -0.0193206 -0.00293622 1.39652
45 71   -0.0192718 -0.00281837 1.40185
45 72   -0.0187282 -0.00318163 1.38555
45 73   -0.0190638 -0.00267935 1.40714
45 74   -0.0189362 -0.00267935 1.40695
45 75   -0.0186794 -0.00293622 1.39694
45 76   -0.0193206 -0.00306378 1.38997
45 77   -0.0192718 -0.00318163 1.38301
45 78   -0.0189362 -0.00332065 1.37711
45 79   -0.0190638 -0.00332065 1.37615
45 80   -0.0188184 -0.00327183 1.38053
45 81   -0.0188184 -0.00272817 1.40501
45 82   -0.0191816 -0.00272817 1.40543
51 83   0.0188184 0.00272817 1.40501
51 84   0.0192718 0.00318163 1.3831
51 85   0.0186794 0.00306378 1.3913
51 86   0.0193206 0.00293622 1.39677
51 87   0.0192718 0.00281837 1.40191
51 88   0.0187282 0.00318163 1.38558
51 89   0.0190638 0.00267935 1.40716
51 90   0.0189362 0.00267935 1.40693
51 91   0.0186794 0.00293622 1.39697
51 92   0.0193206 0.00306378 1.39036
51 93   0.0187282 0.00281837 1.40167
51 94   0.0189362 0.00332065 1.37715
51 95   0.0190638 0.00332065 1.3762
51 96   0.0188184 0.00327183 1.38056
51 97   0.0191816 0.00327183 1.37814
51 98   0.0191816 0.00272817 1.40547
57 283   0.0188184 -0.00327183 1.37995
57 284   0.0192718 -0.00281837 1.40173
57 285   0.0193206 -0.00306378 1.38969
57 286   0.0186794 -0.00293622 1.39673
57 287   0.0192718 -0.00318163 1.38247
57 288   0.0187282 -0.00281837 1.40146
57 289   0.0193206 -0.00293622 1.39643
57 290   0.0186794 -0.00306378 1.39103
57 291   0.0190638 -0.00267935 1.40699
57 292   0.0189362 -0.00267935 1.4068
57 293   0.0187282 -0.00318163 1.38529
57 294   0.0190638 -0.00332065 1.37466
57 295   0.0189362 -0.00332065 1.37608
57 296   0.0191816 -0.00272817 1.40528
57 297   0.0188184 -0.00272817 1.40485
57 298   0.0191816 -0.00327183 1.37693
end
