SolidID  6   307 
h  113  -726202 0.999939 0 -1 -0 0
h  114  -726196 0.999939 0 -1 -0 0
h  115  -720643 0.999939 0 -1 -0 0
h  116  -720641 0.999939 0 -1 -0 0
h  117  -738547 0.999939 0 -1 -0 0
h  118  -738540 0.999939 0 -1 -0 0
h  119  -762267 0.999939 0 -1 -0 0
h  120  -762268 0.999939 0 -1 -0 0
h  121  -715192 0.999939 0 -1 -0 0
h  122  -715195 0.999939 0 -1 -0 0
h  123  -762300 0.999939 0 -1 -0 0
h  124  -762301 0.999939 0 -1 -0 0
h  125  -748149 0.999939 0 -1 -0 0
h  126  -748145 0.999939 0 -1 -0 0
h  127  -755676 0.999939 0 -1 -0 0
h  128  -755677 0.999939 0 -1 -0 0
h  129  -763714 0.999939 0 -1 -0 0
h  130  -763714 0.999939 0 -1 -0 0
h  131  -755794 0.999939 0 -1 -0 0
h  132  -755793 0.999939 0 -1 -0 0
h  133  -711495 0.999939 0 -1 -0 0
h  134  -711512 0.999939 0 -1 -0 0
h  135  -711446 0.999939 0 -1 -0 0
h  136  -711452 0.999939 0 -1 -0 0
h  137  -763723 0.999939 0 -1 -0 0
h  138  -763723 0.999939 0 -1 -0 0
h  139  -760829 0.999939 0 -1 -0 0
h  140  -760828 0.999939 0 -1 -0 0
h  141  -760669 0.999939 0 -1 -0 0
h  142  -760672 0.999939 0 -1 -0 0
h  143  -763006 0.999939 0 -1 -0 0
h  144  -763026 0.999939 0 -1 -0 0
h  145  -763008 0.999939 0 -1 -0 0
h  146  -763027 0.999939 0 -1 -0 0
h  147  -723932 0.999939 0 -1 -0 0
h  148  -723911 0.999939 0 -1 -0 0
h  149  -762015 0.999939 0 -1 -0 0
h  150  -762022 0.999939 0 -1 -0 0
h  151  -749425 0.999939 0 -1 -0 0
h  152  -749424 0.999939 0 -1 -0 0
h  153  -762198 0.999939 0 -1 -0 0
h  154  -762198 0.999939 0 -1 -0 0
h  155  -763673 0.999939 0 -1 -0 0
h  156  -763674 0.999939 0 -1 -0 0
h  157  -763683 0.999939 0 -1 -0 0
h  158  -763684 0.999939 0 -1 -0 0
h  159  -737196 0.999939 0 -1 -0 0
h  160  -737150 0.999939 0 -1 -0 0
h  161  -759542 0.999939 0 -1 -0 0
h  162  -759559 0.999939 0 -1 -0 0
h  163  -762586 0.999939 0 -1 -0 0
h  164  -762596 0.999939 0 -1 -0 0
h  165  -762604 0.999939 0 -1 -0 0
h  166  -762605 0.999939 0 -1 -0 0
h  167  -714975 0.999939 0 -1 -0 0
h  168  -714973 0.999939 0 -1 -0 0
h  169  -714991 0.999939 0 -1 -0 0
h  170  -714988 0.999939 0 -1 -0 0
h  171  -761540 0.999939 0 -1 -0 0
h  172  -761561 0.999939 0 -1 -0 0
h  173  -761564 0.999939 0 -1 -0 0
h  174  -761561 0.999939 0 -1 -0 0
h  175  -711594 0.999939 0 -1 -0 0
h  176  -711563 0.999939 0 -1 -0 0
h  177  -711645 0.999939 0 -1 -0 0
h  178  -711638 0.999939 0 -1 -0 0
h  179  -710474 0.999939 0 -1 -0 0
h  180  -710445 0.999939 0 -1 -0 0
h  181  -710490 0.999939 0 -1 -0 0
h  182  -710498 0.999939 0 -1 -0 0
h  183  -759863 0.999939 0 -1 -0 0
h  184  -759864 0.999939 0 -1 -0 0
h  185  -756319 0.999939 0 -1 -0 0
h  186  -756316 0.999939 0 -1 -0 0
h  187  -756309 0.999939 0 -1 -0 0
h  188  -756215 0.999939 0 -1 -0 0
h  189  -708724 0.999939 0 -1 -0 0
h  190  -708717 0.999939 0 -1 -0 0
h  191  -708695 0.999939 0 -1 -0 0
h  192  -708746 0.999939 0 -1 -0 0
h  193  -752929 0.999939 0 -1 -0 0
h  194  -752931 0.999939 0 -1 -0 0
h  195  -762715 0.999939 0 -1 -0 0
h  196  -762737 0.999939 0 -1 -0 0
h  197  -762731 0.999939 0 -1 -0 0
h  198  -762739 0.999939 0 -1 -0 0
h  199  -752939 0.999939 0 -1 -0 0
h  200  -759648 0.999939 0 -1 -0 0
h  201  -759746 0.999939 0 -1 -0 0
h  202  -759748 0.999939 0 -1 -0 0
h  203  -759747 0.999939 0 -1 -0 0
h  204  -752752 0.999939 0 -1 -0 0
h  205  -759940 0.999939 0 -1 -0 0
h  206  -711883 0.999939 0 -1 -0 0
h  207  -711889 0.999939 0 -1 -0 0
h  208  -711890 0.999939 0 -1 -0 0
h  209  -711878 0.999939 0 -1 -0 0
h  210  -713577 0.999939 0 -1 -0 0
h  211  -713574 0.999939 0 -1 -0 0
h  212  -713607 0.999939 0 -1 -0 0
h  213  -713604 0.999939 0 -1 -0 0
h  214  -713022 0.999939 0 -1 -0 0
h  215  -713019 0.999939 0 -1 -0 0
h  216  -712987 0.999939 0 -1 -0 0
h  217  -712980 0.999939 0 -1 -0 0
h  218  -760122 0.999939 0 -1 -0 0
h  219  -760127 0.999939 0 -1 -0 0
h  220  -760134 0.999939 0 -1 -0 0
h  221  -754998 0.999939 0 -1 -0 0
h  222  -761593 0.999939 0 -1 -0 0
h  223  -755709 0.999939 0 -1 -0 0
h  224  -755710 0.999939 0 -1 -0 0
h  225  -755718 0.999939 0 -1 -0 0
h  226  -761667 0.999939 0 -1 -0 0
h  227  -761673 0.999939 0 -1 -0 0
h  228  -761676 0.999939 0 -1 -0 0
h  229  -752674 0.999939 0 -1 -0 0
h  230  -758163 0.999939 0 -1 -0 0
h  231  -763845 0.999939 0 -1 -0 0
h  232  -763845 0.999939 0 -1 -0 0
h  233  -713332 0.999939 0 -1 -0 0
h  234  -713330 0.999939 0 -1 -0 0
h  235  -713340 0.999939 0 -1 -0 0
h  236  -713338 0.999939 0 -1 -0 0
h  237  -763411 0.999939 0 -1 -0 0
h  238  -763413 0.999939 0 -1 -0 0
h  239  -754923 0.999939 0 -1 -0 0
h  240  -754924 0.999939 0 -1 -0 0
h  241  -753532 0.999939 0 -1 -0 0
h  242  -758716 0.999939 0 -1 -0 0
h  243  -758719 0.999939 0 -1 -0 0
h  244  -758729 0.999939 0 -1 -0 0
h  245  -763715 0.999939 0 -1 -0 0
h  246  -763715 0.999939 0 -1 -0 0
h  247  -761610 0.999939 0 -1 -0 0
h  248  -761603 0.999939 0 -1 -0 0
h  249  -761613 0.999939 0 -1 -0 0
h  250  -755303 0.999939 0 -1 -0 0
h  251  -756187 0.999939 0 -1 -0 0
h  252  -756140 0.999939 0 -1 -0 0
h  253  -761535 0.999939 0 -1 -0 0
h  254  -753919 0.999939 0 -1 -0 0
h  255  -758953 0.999939 0 -1 -0 0
h  256  -761256 0.999939 0 -1 -0 0
h  257  -761256 0.999939 0 -1 -0 0
h  258  -759724 0.999939 0 -1 -0 0
h  259  -759728 0.999939 0 -1 -0 0
h  260  -759732 0.999939 0 -1 -0 0
h  261  -763641 0.999939 0 -1 -0 0
h  262  -763641 0.999939 0 -1 -0 0
h  263  -763696 0.999939 0 -1 -0 0
h  264  -763696 0.999939 0 -1 -0 0
h  265  -761143 0.999939 0 -1 -0 0
h  266  -759082 0.999939 0 -1 -0 0
h  267  -759082 0.999939 0 -1 -0 0
h  268  -761151 0.999939 0 -1 -0 0
h  269  -713280 0.999939 0 -1 -0 0
h  270  -713278 0.999939 0 -1 -0 0
h  271  -713278 0.999939 0 -1 -0 0
h  272  -713276 0.999939 0 -1 -0 0
h  273  -713104 0.999939 0 -1 -0 0
h  274  -713103 0.999939 0 -1 -0 0
h  275  -713098 0.999939 0 -1 -0 0
h  276  -713096 0.999939 0 -1 -0 0
h  277  -755395 0.999939 0 -1 -0 0
h  278  -712839 0.999939 0 -1 -0 0
h  279  -712838 0.999939 0 -1 -0 0
h  280  -712839 0.999939 0 -1 -0 0
h  281  -712840 0.999939 0 -1 -0 0
h  282  -762439 0.999939 0 -1 -0 0
h  283  -762450 0.999939 0 -1 -0 0
h  284  -762450 0.999939 0 -1 -0 0
h  285  -762433 0.999939 0 -1 -0 0
h  286  -755347 0.999939 0 -1 -0 0
h  287  -762073 0.999939 0 -1 -0 0
h  288  -762083 0.999939 0 -1 -0 0
h  289  -762084 0.999939 0 -1 -0 0
h  290  -762066 0.999939 0 -1 -0 0
h  291  -760711 0.999939 0 -1 -0 0
h  292  -760718 0.999939 0 -1 -0 0
h  293  -760720 0.999939 0 -1 -0 0
h  294  -756937 0.999939 0 -1 -0 0
h  295  -756902 0.999939 0 -1 -0 0
h  296  -758277 0.999939 0 -1 -0 0
h  297  -758269 0.999939 0 -1 -0 0
h  298  -763620 0.999939 0 -1 -0 0
h  299  -763620 0.999939 0 -1 -0 0
h  300  -763592 0.999939 0 -1 -0 0
h  301  -763592 0.999939 0 -1 -0 0
h  302  -755672 0.999939 0 -1 -0 0
h  303  -760627 0.999939 0 -1 -0 0
h  304  -763398 0.999939 0 -1 -0 0
h  305  -763398 0.999939 0 -1 -0 0
h  306  -763548 0.999939 0 -1 -0 0
h  307  -763549 0.999939 0 -1 -0 0
h  308  -756202 0.999939 0 -1 -0 0
h  309  -756202 0.999939 0 -1 -0 0
h  310  -755685 0.999939 0 -1 -0 0
h  311  -755685 0.999939 0 -1 -0 0
h  312  -760033 0.999939 0 -1 -0 0
h  313  -758183 0.999939 0 -1 -0 0
h  314  -758588 0.999939 0 -1 -0 0
h  315  -758581 0.999939 0 -1 -0 0
h  316  -757570 0.999939 0 -1 -0 0
h  317  -758584 0.999939 0 -1 -0 0
h  318  -759272 0.999939 0 -1 -0 0
h  319  -759272 0.999939 0 -1 -0 0
h  320  -759274 0.999939 0 -1 -0 0
h  321  -763093 0.999939 0 -1 -0 0
h  322  -763093 0.999939 0 -1 -0 0
h  323  -762500 0.999939 0 -1 -0 0
h  324  -762500 0.999939 0 -1 -0 0
h  810  -719221 0.999939 0 -1 -0 0
h  811  -722416 0.999939 0 -1 -0 0
h  812  -715617 0.999939 0 -1 -0 0
h  813  -717345 0.999939 0 -1 -0 0
h  814  -736048 0.999939 0 -1 -0 0
h  815  -727024 0.999939 0 -1 -0 0
h  816  -726277 0.999939 0 -1 -0 0
h  817  -749984 0.999939 0 -1 -0 0
h  818  -741140 0.999939 0 -1 -0 0
h  819  -733878 0.999939 0 -1 -0 0
h  820  -751726 0.999939 0 -1 -0 0
h  821  -739878 0.999939 0 -1 -0 0
h  822  -719218 0.999939 0 -1 -0 0
h  823  -722413 0.999939 0 -1 -0 0
h  824  -715613 0.999939 0 -1 -0 0
h  825  -717342 0.999939 0 -1 -0 0
h  826  -736045 0.999939 0 -1 -0 0
h  827  -727021 0.999939 0 -1 -0 0
h  828  -726275 0.999939 0 -1 -0 0
h  829  -749983 0.999939 0 -1 -0 0
h  830  -741138 0.999939 0 -1 -0 0
h  831  -733876 0.999939 0 -1 -0 0
h  832  -751726 0.999939 0 -1 -0 0
h  833  -739878 0.999939 0 -1 -0 0
h  1016  -763878 0.999939 0 -1 -0 0
h  1019  -763423 0.999939 0 -1 -0 0
h  1020  -763789 0.999939 0 -1 -0 0
h  1021  -763920 0.999939 0 -1 -0 0
h  1022  -763761 0.999939 0 -1 -0 0
h  1023  -762736 0.999939 0 -1 -0 0
h  1024  -763313 0.999939 0 -1 -0 0
h  1028  -763877 0.999939 0 -1 -0 0
h  1032  -763920 0.999939 0 -1 -0 0
h  1033  -763420 0.999939 0 -1 -0 0
h  1034  -763789 0.999939 0 -1 -0 0
h  1035  -763761 0.999939 0 -1 -0 0
h  1036  -762726 0.999939 0 -1 -0 0
h  1037  -763310 0.999939 0 -1 -0 0
h  1042  -763878 0.999939 0 -1 -0 0
h  1045  -763424 0.999939 0 -1 -0 0
h  1046  -763789 0.999939 0 -1 -0 0
h  1047  -763920 0.999939 0 -1 -0 0
h  1048  -763762 0.999939 0 -1 -0 0
h  1049  -762737 0.999939 0 -1 -0 0
h  1050  -763314 0.999939 0 -1 -0 0
h  1054  -763877 0.999939 0 -1 -0 0
h  1058  -763920 0.999939 0 -1 -0 0
h  1059  -763417 0.999939 0 -1 -0 0
h  1060  -763788 0.999939 0 -1 -0 0
h  1061  -763760 0.999939 0 -1 -0 0
h  1062  -762720 0.999939 0 -1 -0 0
h  1063  -763307 0.999939 0 -1 -0 0
h  1064  -753085 0.999939 0 -1 -0 0
h  1067  -755278 0.999939 0 -1 -0 0
h  1068  -755821 0.999939 0 -1 -0 0
h  1069  -756117 0.999939 0 -1 -0 0
h  1070  -753356 0.999939 0 -1 -0 0
h  1080  -753122 0.999939 0 -1 -0 0
h  1083  -755283 0.999939 0 -1 -0 0
h  1084  -755856 0.999939 0 -1 -0 0
h  1085  -753405 0.999939 0 -1 -0 0
h  1086  -756166 0.999939 0 -1 -0 0
h  1096  -753125 0.999939 0 -1 -0 0
h  1099  -755286 0.999939 0 -1 -0 0
h  1100  -755859 0.999939 0 -1 -0 0
h  1101  -753411 0.999939 0 -1 -0 0
h  1102  -756171 0.999939 0 -1 -0 0
h  1103  -763835 0.999939 0 -1 -0 0
h  1106  -763637 0.999939 0 -1 -0 0
h  1107  -763840 0.999939 0 -1 -0 0
h  1108  -763570 0.999939 0 -1 -0 0
h  1109  -763835 0.999939 0 -1 -0 0
h  1112  -763637 0.999939 0 -1 -0 0
h  1113  -763840 0.999939 0 -1 -0 0
h  1114  -763570 0.999939 0 -1 -0 0
h  1115  -712831 0.999939 0 -1 -0 0
h  1116  -713021 0.999939 0 -1 -0 0
h  1117  -712952 0.999939 0 -1 -0 0
h  1118  -712783 0.999939 0 -1 -0 0
h  1119  -712566 0.999939 0 -1 -0 0
h  1120  -712830 0.999939 0 -1 -0 0
h  1121  -713020 0.999939 0 -1 -0 0
h  1122  -712952 0.999939 0 -1 -0 0
h  1123  -712783 0.999939 0 -1 -0 0
h  1124  -712566 0.999939 0 -1 -0 0
h  1125  -713008 0.999939 0 -1 -0 0
h  1126  -712809 0.999939 0 -1 -0 0
h  1127  -712946 0.999939 0 -1 -0 0
h  1128  -712552 0.999939 0 -1 -0 0
h  1129  -712777 0.999939 0 -1 -0 0
h  1130  -713011 0.999939 0 -1 -0 0
h  1131  -712814 0.999939 0 -1 -0 0
h  1132  -712948 0.999939 0 -1 -0 0
h  1133  -712557 0.999939 0 -1 -0 0
h  1134  -712779 0.999939 0 -1 -0 0
SolidID  6   307 
h  113  -726202 0.999939 0 -1 -0 0
h  114  -726196 0.999939 0 -1 -0 0
h  115  -720643 0.999939 0 -1 -0 0
h  116  -720641 0.999939 0 -1 -0 0
h  117  -738547 0.999939 0 -1 -0 0
h  118  -738540 0.999939 0 -1 -0 0
h  119  -762267 0.999939 0 -1 -0 0
h  120  -762268 0.999939 0 -1 -0 0
h  121  -715192 0.999939 0 -1 -0 0
h  122  -715195 0.999939 0 -1 -0 0
h  123  -762300 0.999939 0 -1 -0 0
h  124  -762301 0.999939 0 -1 -0 0
h  125  -748149 0.999939 0 -1 -0 0
h  126  -748145 0.999939 0 -1 -0 0
h  127  -755676 0.999939 0 -1 -0 0
h  128  -755677 0.999939 0 -1 -0 0
h  129  -763714 0.999939 0 -1 -0 0
h  130  -763714 0.999939 0 -1 -0 0
h  131  -755794 0.999939 0 -1 -0 0
h  132  -755793 0.999939 0 -1 -0 0
h  133  -711495 0.999939 0 -1 -0 0
h  134  -711512 0.999939 0 -1 -0 0
h  135  -711446 0.999939 0 -1 -0 0
h  136  -711452 0.999939 0 -1 -0 0
h  137  -763723 0.999939 0 -1 -0 0
h  138  -763723 0.999939 0 -1 -0 0
h  139  -760829 0.999939 0 -1 -0 0
h  140  -760828 0.999939 0 -1 -0 0
h  141  -760669 0.999939 0 -1 -0 0
h  142  -760672 0.999939 0 -1 -0 0
h  143  -763006 0.999939 0 -1 -0 0
h  144  -763026 0.999939 0 -1 -0 0
h  145  -763008 0.999939 0 -1 -0 0
h  146  -763027 0.999939 0 -1 -0 0
h  147  -723932 0.999939 0 -1 -0 0
h  148  -723911 0.999939 0 -1 -0 0
h  149  -762015 0.999939 0 -1 -0 0
h  150  -762022 0.999939 0 -1 -0 0
h  151  -749425 0.999939 0 -1 -0 0
h  152  -749424 0.999939 0 -1 -0 0
h  153  -762198 0.999939 0 -1 -0 0
h  154  -762198 0.999939 0 -1 -0 0
h  155  -763673 0.999939 0 -1 -0 0
h  156  -763674 0.999939 0 -1 -0 0
h  157  -763683 0.999939 0 -1 -0 0
h  158  -763684 0.999939 0 -1 -0 0
h  159  -737196 0.999939 0 -1 -0 0
h  160  -737150 0.999939 0 -1 -0 0
h  161  -759542 0.999939 0 -1 -0 0
h  162  -759559 0.999939 0 -1 -0 0
h  163  -762586 0.999939 0 -1 -0 0
h  164  -762596 0.999939 0 -1 -0 0
h  165  -762604 0.999939 0 -1 -0 0
h  166  -762605 0.999939 0 -1 -0 0
h  167  -714975 0.999939 0 -1 -0 0
h  168  -714973 0.999939 0 -1 -0 0
h  169  -714991 0.999939 0 -1 -0 0
h  170  -714988 0.999939 0 -1 -0 0
h  171  -761540 0.999939 0 -1 -0 0
h  172  -761561 0.999939 0 -1 -0 0
h  173  -761564 0.999939 0 -1 -0 0
h  174  -761561 0.999939 0 -1 -0 0
h  175  -711594 0.999939 0 -1 -0 0
h  176  -711563 0.999939 0 -1 -0 0
h  177  -711645 0.999939 0 -1 -0 0
h  178  -711638 0.999939 0 -1 -0 0
h  179  -710474 0.999939 0 -1 -0 0
h  180  -710445 0.999939 0 -1 -0 0
h  181  -710490 0.999939 0 -1 -0 0
h  182  -710498 0.999939 0 -1 -0 0
h  183  -759863 0.999939 0 -1 -0 0
h  184  -759864 0.999939 0 -1 -0 0
h  185  -756319 0.999939 0 -1 -0 0
h  186  -756316 0.999939 0 -1 -0 0
h  187  -756309 0.999939 0 -1 -0 0
h  188  -756215 0.999939 0 -1 -0 0
h  189  -708724 0.999939 0 -1 -0 0
h  190  -708717 0.999939 0 -1 -0 0
h  191  -708695 0.999939 0 -1 -0 0
h  192  -708746 0.999939 0 -1 -0 0
h  193  -752929 0.999939 0 -1 -0 0
h  194  -752931 0.999939 0 -1 -0 0
h  195  -762715 0.999939 0 -1 -0 0
h  196  -762737 0.999939 0 -1 -0 0
h  197  -762731 0.999939 0 -1 -0 0
h  198  -762739 0.999939 0 -1 -0 0
h  199  -752939 0.999939 0 -1 -0 0
h  200  -759648 0.999939 0 -1 -0 0
h  201  -759746 0.999939 0 -1 -0 0
h  202  -759748 0.999939 0 -1 -0 0
h  203  -759747 0.999939 0 -1 -0 0
h  204  -752752 0.999939 0 -1 -0 0
h  205  -759940 0.999939 0 -1 -0 0
h  206  -711883 0.999939 0 -1 -0 0
h  207  -711889 0.999939 0 -1 -0 0
h  208  -711890 0.999939 0 -1 -0 0
h  209  -711878 0.999939 0 -1 -0 0
h  210  -713577 0.999939 0 -1 -0 0
h  211  -713574 0.999939 0 -1 -0 0
h  212  -713607 0.999939 0 -1 -0 0
h  213  -713604 0.999939 0 -1 -0 0
h  214  -713022 0.999939 0 -1 -0 0
h  215  -713019 0.999939 0 -1 -0 0
h  216  -712987 0.999939 0 -1 -0 0
h  217  -712980 0.999939 0 -1 -0 0
h  218  -760122 0.999939 0 -1 -0 0
h  219  -760127 0.999939 0 -1 -0 0
h  220  -760134 0.999939 0 -1 -0 0
h  221  -754998 0.999939 0 -1 -0 0
h  222  -761593 0.999939 0 -1 -0 0
h  223  -755709 0.999939 0 -1 -0 0
h  224  -755710 0.999939 0 -1 -0 0
h  225  -755718 0.999939 0 -1 -0 0
h  226  -761667 0.999939 0 -1 -0 0
h  227  -761673 0.999939 0 -1 -0 0
h  228  -761676 0.999939 0 -1 -0 0
h  229  -752674 0.999939 0 -1 -0 0
h  230  -758163 0.999939 0 -1 -0 0
h  231  -763845 0.999939 0 -1 -0 0
h  232  -763845 0.999939 0 -1 -0 0
h  233  -713332 0.999939 0 -1 -0 0
h  234  -713330 0.999939 0 -1 -0 0
h  235  -713340 0.999939 0 -1 -0 0
h  236  -713338 0.999939 0 -1 -0 0
h  237  -763411 0.999939 0 -1 -0 0
h  238  -763413 0.999939 0 -1 -0 0
h  239  -754923 0.999939 0 -1 -0 0
h  240  -754924 0.999939 0 -1 -0 0
h  241  -753532 0.999939 0 -1 -0 0
h  242  -758716 0.999939 0 -1 -0 0
h  243  -758719 0.999939 0 -1 -0 0
h  244  -758729 0.999939 0 -1 -0 0
h  245  -763715 0.999939 0 -1 -0 0
h  246  -763715 0.999939 0 -1 -0 0
h  247  -761610 0.999939 0 -1 -0 0
h  248  -761603 0.999939 0 -1 -0 0
h  249  -761613 0.999939 0 -1 -0 0
h  250  -755303 0.999939 0 -1 -0 0
h  251  -756187 0.999939 0 -1 -0 0
h  252  -756140 0.999939 0 -1 -0 0
h  253  -761535 0.999939 0 -1 -0 0
h  254  -753919 0.999939 0 -1 -0 0
h  255  -758953 0.999939 0 -1 -0 0
h  256  -761256 0.999939 0 -1 -0 0
h  257  -761256 0.999939 0 -1 -0 0
h  258  -759724 0.999939 0 -1 -0 0
h  259  -759728 0.999939 0 -1 -0 0
h  260  -759732 0.999939 0 -1 -0 0
h  261  -763641 0.999939 0 -1 -0 0
h  262  -763641 0.999939 0 -1 -0 0
h  263  -763696 0.999939 0 -1 -0 0
h  264  -763696 0.999939 0 -1 -0 0
h  265  -761143 0.999939 0 -1 -0 0
h  266  -759082 0.999939 0 -1 -0 0
h  267  -759082 0.999939 0 -1 -0 0
h  268  -761151 0.999939 0 -1 -0 0
h  269  -713280 0.999939 0 -1 -0 0
h  270  -713278 0.999939 0 -1 -0 0
h  271  -713278 0.999939 0 -1 -0 0
h  272  -713276 0.999939 0 -1 -0 0
h  273  -713104 0.999939 0 -1 -0 0
h  274  -713103 0.999939 0 -1 -0 0
h  275  -713098 0.999939 0 -1 -0 0
h  276  -713096 0.999939 0 -1 -0 0
h  277  -755395 0.999939 0 -1 -0 0
h  278  -712839 0.999939 0 -1 -0 0
h  279  -712838 0.999939 0 -1 -0 0
h  280  -712839 0.999939 0 -1 -0 0
h  281  -712840 0.999939 0 -1 -0 0
h  282  -762439 0.999939 0 -1 -0 0
h  283  -762450 0.999939 0 -1 -0 0
h  284  -762450 0.999939 0 -1 -0 0
h  285  -762433 0.999939 0 -1 -0 0
h  286  -755347 0.999939 0 -1 -0 0
h  287  -762073 0.999939 0 -1 -0 0
h  288  -762083 0.999939 0 -1 -0 0
h  289  -762084 0.999939 0 -1 -0 0
h  290  -762066 0.999939 0 -1 -0 0
h  291  -760711 0.999939 0 -1 -0 0
h  292  -760718 0.999939 0 -1 -0 0
h  293  -760720 0.999939 0 -1 -0 0
h  294  -756937 0.999939 0 -1 -0 0
h  295  -756902 0.999939 0 -1 -0 0
h  296  -758277 0.999939 0 -1 -0 0
h  297  -758269 0.999939 0 -1 -0 0
h  298  -763620 0.999939 0 -1 -0 0
h  299  -763620 0.999939 0 -1 -0 0
h  300  -763592 0.999939 0 -1 -0 0
h  301  -763592 0.999939 0 -1 -0 0
h  302  -755672 0.999939 0 -1 -0 0
h  303  -760627 0.999939 0 -1 -0 0
h  304  -763398 0.999939 0 -1 -0 0
h  305  -763398 0.999939 0 -1 -0 0
h  306  -763548 0.999939 0 -1 -0 0
h  307  -763549 0.999939 0 -1 -0 0
h  308  -756202 0.999939 0 -1 -0 0
h  309  -756202 0.999939 0 -1 -0 0
h  310  -755685 0.999939 0 -1 -0 0
h  311  -755685 0.999939 0 -1 -0 0
h  312  -760033 0.999939 0 -1 -0 0
h  313  -758183 0.999939 0 -1 -0 0
h  314  -758588 0.999939 0 -1 -0 0
h  315  -758581 0.999939 0 -1 -0 0
h  316  -757570 0.999939 0 -1 -0 0
h  317  -758584 0.999939 0 -1 -0 0
h  318  -759272 0.999939 0 -1 -0 0
h  319  -759272 0.999939 0 -1 -0 0
h  320  -759274 0.999939 0 -1 -0 0
h  321  -763093 0.999939 0 -1 -0 0
h  322  -763093 0.999939 0 -1 -0 0
h  323  -762500 0.999939 0 -1 -0 0
h  324  -762500 0.999939 0 -1 -0 0
h  810  -719221 0.999939 0 -1 -0 0
h  811  -722416 0.999939 0 -1 -0 0
h  812  -715617 0.999939 0 -1 -0 0
h  813  -717345 0.999939 0 -1 -0 0
h  814  -736048 0.999939 0 -1 -0 0
h  815  -727024 0.999939 0 -1 -0 0
h  816  -726277 0.999939 0 -1 -0 0
h  817  -749984 0.999939 0 -1 -0 0
h  818  -741140 0.999939 0 -1 -0 0
h  819  -733878 0.999939 0 -1 -0 0
h  820  -751726 0.999939 0 -1 -0 0
h  821  -739878 0.999939 0 -1 -0 0
h  822  -719218 0.999939 0 -1 -0 0
h  823  -722413 0.999939 0 -1 -0 0
h  824  -715613 0.999939 0 -1 -0 0
h  825  -717342 0.999939 0 -1 -0 0
h  826  -736045 0.999939 0 -1 -0 0
h  827  -727021 0.999939 0 -1 -0 0
h  828  -726275 0.999939 0 -1 -0 0
h  829  -749983 0.999939 0 -1 -0 0
h  830  -741138 0.999939 0 -1 -0 0
h  831  -733876 0.999939 0 -1 -0 0
h  832  -751726 0.999939 0 -1 -0 0
h  833  -739878 0.999939 0 -1 -0 0
h  1016  -763878 0.999939 0 -1 -0 0
h  1019  -763423 0.999939 0 -1 -0 0
h  1020  -763789 0.999939 0 -1 -0 0
h  1021  -763920 0.999939 0 -1 -0 0
h  1022  -763761 0.999939 0 -1 -0 0
h  1023  -762736 0.999939 0 -1 -0 0
h  1024  -763313 0.999939 0 -1 -0 0
h  1028  -763877 0.999939 0 -1 -0 0
h  1032  -763920 0.999939 0 -1 -0 0
h  1033  -763420 0.999939 0 -1 -0 0
h  1034  -763789 0.999939 0 -1 -0 0
h  1035  -763761 0.999939 0 -1 -0 0
h  1036  -762726 0.999939 0 -1 -0 0
h  1037  -763310 0.999939 0 -1 -0 0
h  1042  -763878 0.999939 0 -1 -0 0
h  1045  -763424 0.999939 0 -1 -0 0
h  1046  -763789 0.999939 0 -1 -0 0
h  1047  -763920 0.999939 0 -1 -0 0
h  1048  -763762 0.999939 0 -1 -0 0
h  1049  -762737 0.999939 0 -1 -0 0
h  1050  -763314 0.999939 0 -1 -0 0
h  1054  -763877 0.999939 0 -1 -0 0
h  1058  -763920 0.999939 0 -1 -0 0
h  1059  -763417 0.999939 0 -1 -0 0
h  1060  -763788 0.999939 0 -1 -0 0
h  1061  -763760 0.999939 0 -1 -0 0
h  1062  -762720 0.999939 0 -1 -0 0
h  1063  -763307 0.999939 0 -1 -0 0
h  1064  -753085 0.999939 0 -1 -0 0
h  1067  -755278 0.999939 0 -1 -0 0
h  1068  -755821 0.999939 0 -1 -0 0
h  1069  -756117 0.999939 0 -1 -0 0
h  1070  -753356 0.999939 0 -1 -0 0
h  1080  -753122 0.999939 0 -1 -0 0
h  1083  -755283 0.999939 0 -1 -0 0
h  1084  -755856 0.999939 0 -1 -0 0
h  1085  -753405 0.999939 0 -1 -0 0
h  1086  -756166 0.999939 0 -1 -0 0
h  1096  -753125 0.999939 0 -1 -0 0
h  1099  -755286 0.999939 0 -1 -0 0
h  1100  -755859 0.999939 0 -1 -0 0
h  1101  -753411 0.999939 0 -1 -0 0
h  1102  -756171 0.999939 0 -1 -0 0
h  1103  -763835 0.999939 0 -1 -0 0
h  1106  -763637 0.999939 0 -1 -0 0
h  1107  -763840 0.999939 0 -1 -0 0
h  1108  -763570 0.999939 0 -1 -0 0
h  1109  -763835 0.999939 0 -1 -0 0
h  1112  -763637 0.999939 0 -1 -0 0
h  1113  -763840 0.999939 0 -1 -0 0
h  1114  -763570 0.999939 0 -1 -0 0
h  1115  -712831 0.999939 0 -1 -0 0
h  1116  -713021 0.999939 0 -1 -0 0
h  1117  -712952 0.999939 0 -1 -0 0
h  1118  -712783 0.999939 0 -1 -0 0
h  1119  -712566 0.999939 0 -1 -0 0
h  1120  -712830 0.999939 0 -1 -0 0
h  1121  -713020 0.999939 0 -1 -0 0
h  1122  -712952 0.999939 0 -1 -0 0
h  1123  -712783 0.999939 0 -1 -0 0
h  1124  -712566 0.999939 0 -1 -0 0
h  1125  -713008 0.999939 0 -1 -0 0
h  1126  -712809 0.999939 0 -1 -0 0
h  1127  -712946 0.999939 0 -1 -0 0
h  1128  -712552 0.999939 0 -1 -0 0
h  1129  -712777 0.999939 0 -1 -0 0
h  1130  -713011 0.999939 0 -1 -0 0
h  1131  -712814 0.999939 0 -1 -0 0
h  1132  -712948 0.999939 0 -1 -0 0
h  1133  -712557 0.999939 0 -1 -0 0
h  1134  -712779 0.999939 0 -1 -0 0
SolidID  29   16 
h  573  -713069 0.999939 0 -1 -0 0
h  574  -712988 0.999939 0 -1 -0 0
h  575  -712989 0.999939 0 -1 -0 0
h  576  -712989 0.999939 0 -1 -0 0
h  577  -713068 0.999939 0 -1 -0 0
h  578  -713045 0.999939 0 -1 -0 0
h  579  -713043 0.999939 0 -1 -0 0
h  580  -713068 0.999939 0 -1 -0 0
h  581  -713044 0.999939 0 -1 -0 0
h  582  -713010 0.999939 0 -1 -0 0
h  583  -713011 0.999939 0 -1 -0 0
h  584  -712989 0.999939 0 -1 -0 0
h  585  -713067 0.999939 0 -1 -0 0
h  586  -713045 0.999939 0 -1 -0 0
h  587  -713011 0.999939 0 -1 -0 0
h  588  -713009 0.999939 0 -1 -0 0
SolidID  6   307 
h  113  -726202 0.999939 0 -1 -0 0
h  114  -726196 0.999939 0 -1 -0 0
h  115  -720643 0.999939 0 -1 -0 0
h  116  -720641 0.999939 0 -1 -0 0
h  117  -738547 0.999939 0 -1 -0 0
h  118  -738540 0.999939 0 -1 -0 0
h  119  -762267 0.999939 0 -1 -0 0
h  120  -762268 0.999939 0 -1 -0 0
h  121  -715192 0.999939 0 -1 -0 0
h  122  -715195 0.999939 0 -1 -0 0
h  123  -762300 0.999939 0 -1 -0 0
h  124  -762301 0.999939 0 -1 -0 0
h  125  -748149 0.999939 0 -1 -0 0
h  126  -748145 0.999939 0 -1 -0 0
h  127  -755676 0.999939 0 -1 -0 0
h  128  -755677 0.999939 0 -1 -0 0
h  129  -763714 0.999939 0 -1 -0 0
h  130  -763714 0.999939 0 -1 -0 0
h  131  -755794 0.999939 0 -1 -0 0
h  132  -755793 0.999939 0 -1 -0 0
h  133  -711495 0.999939 0 -1 -0 0
h  134  -711512 0.999939 0 -1 -0 0
h  135  -711446 0.999939 0 -1 -0 0
h  136  -711452 0.999939 0 -1 -0 0
h  137  -763723 0.999939 0 -1 -0 0
h  138  -763723 0.999939 0 -1 -0 0
h  139  -760829 0.999939 0 -1 -0 0
h  140  -760828 0.999939 0 -1 -0 0
h  141  -760669 0.999939 0 -1 -0 0
h  142  -760672 0.999939 0 -1 -0 0
h  143  -763006 0.999939 0 -1 -0 0
h  144  -763026 0.999939 0 -1 -0 0
h  145  -763008 0.999939 0 -1 -0 0
h  146  -763027 0.999939 0 -1 -0 0
h  147  -723932 0.999939 0 -1 -0 0
h  148  -723911 0.999939 0 -1 -0 0
h  149  -762015 0.999939 0 -1 -0 0
h  150  -762022 0.999939 0 -1 -0 0
h  151  -749425 0.999939 0 -1 -0 0
h  152  -749424 0.999939 0 -1 -0 0
h  153  -762198 0.999939 0 -1 -0 0
h  154  -762198 0.999939 0 -1 -0 0
h  155  -763673 0.999939 0 -1 -0 0
h  156  -763674 0.999939 0 -1 -0 0
h  157  -763683 0.999939 0 -1 -0 0
h  158  -763684 0.999939 0 -1 -0 0
h  159  -737196 0.999939 0 -1 -0 0
h  160  -737150 0.999939 0 -1 -0 0
h  161  -759542 0.999939 0 -1 -0 0
h  162  -759559 0.999939 0 -1 -0 0
h  163  -762586 0.999939 0 -1 -0 0
h  164  -762596 0.999939 0 -1 -0 0
h  165  -762604 0.999939 0 -1 -0 0
h  166  -762605 0.999939 0 -1 -0 0
h  167  -714975 0.999939 0 -1 -0 0
h  168  -714973 0.999939 0 -1 -0 0
h  169  -714991 0.999939 0 -1 -0 0
h  170  -714988 0.999939 0 -1 -0 0
h  171  -761540 0.999939 0 -1 -0 0
h  172  -761561 0.999939 0 -1 -0 0
h  173  -761564 0.999939 0 -1 -0 0
h  174  -761561 0.999939 0 -1 -0 0
h  175  -711594 0.999939 0 -1 -0 0
h  176  -711563 0.999939 0 -1 -0 0
h  177  -711645 0.999939 0 -1 -0 0
h  178  -711638 0.999939 0 -1 -0 0
h  179  -710474 0.999939 0 -1 -0 0
h  180  -710445 0.999939 0 -1 -0 0
h  181  -710490 0.999939 0 -1 -0 0
h  182  -710498 0.999939 0 -1 -0 0
h  183  -759863 0.999939 0 -1 -0 0
h  184  -759864 0.999939 0 -1 -0 0
h  185  -756319 0.999939 0 -1 -0 0
h  186  -756316 0.999939 0 -1 -0 0
h  187  -756309 0.999939 0 -1 -0 0
h  188  -756215 0.999939 0 -1 -0 0
h  189  -708724 0.999939 0 -1 -0 0
h  190  -708717 0.999939 0 -1 -0 0
h  191  -708695 0.999939 0 -1 -0 0
h  192  -708746 0.999939 0 -1 -0 0
h  193  -752929 0.999939 0 -1 -0 0
h  194  -752931 0.999939 0 -1 -0 0
h  195  -762715 0.999939 0 -1 -0 0
h  196  -762737 0.999939 0 -1 -0 0
h  197  -762731 0.999939 0 -1 -0 0
h  198  -762739 0.999939 0 -1 -0 0
h  199  -752939 0.999939 0 -1 -0 0
h  200  -759648 0.999939 0 -1 -0 0
h  201  -759746 0.999939 0 -1 -0 0
h  202  -759748 0.999939 0 -1 -0 0
h  203  -759747 0.999939 0 -1 -0 0
h  204  -752752 0.999939 0 -1 -0 0
h  205  -759940 0.999939 0 -1 -0 0
h  206  -711883 0.999939 0 -1 -0 0
h  207  -711889 0.999939 0 -1 -0 0
h  208  -711890 0.999939 0 -1 -0 0
h  209  -711878 0.999939 0 -1 -0 0
h  210  -713577 0.999939 0 -1 -0 0
h  211  -713574 0.999939 0 -1 -0 0
h  212  -713607 0.999939 0 -1 -0 0
h  213  -713604 0.999939 0 -1 -0 0
h  214  -713022 0.999939 0 -1 -0 0
h  215  -713019 0.999939 0 -1 -0 0
h  216  -712987 0.999939 0 -1 -0 0
h  217  -712980 0.999939 0 -1 -0 0
h  218  -760122 0.999939 0 -1 -0 0
h  219  -760127 0.999939 0 -1 -0 0
h  220  -760134 0.999939 0 -1 -0 0
h  221  -754998 0.999939 0 -1 -0 0
h  222  -761593 0.999939 0 -1 -0 0
h  223  -755709 0.999939 0 -1 -0 0
h  224  -755710 0.999939 0 -1 -0 0
h  225  -755718 0.999939 0 -1 -0 0
h  226  -761667 0.999939 0 -1 -0 0
h  227  -761673 0.999939 0 -1 -0 0
h  228  -761676 0.999939 0 -1 -0 0
h  229  -752674 0.999939 0 -1 -0 0
h  230  -758163 0.999939 0 -1 -0 0
h  231  -763845 0.999939 0 -1 -0 0
h  232  -763845 0.999939 0 -1 -0 0
h  233  -713332 0.999939 0 -1 -0 0
h  234  -713330 0.999939 0 -1 -0 0
h  235  -713340 0.999939 0 -1 -0 0
h  236  -713338 0.999939 0 -1 -0 0
h  237  -763411 0.999939 0 -1 -0 0
h  238  -763413 0.999939 0 -1 -0 0
h  239  -754923 0.999939 0 -1 -0 0
h  240  -754924 0.999939 0 -1 -0 0
h  241  -753532 0.999939 0 -1 -0 0
h  242  -758716 0.999939 0 -1 -0 0
h  243  -758719 0.999939 0 -1 -0 0
h  244  -758729 0.999939 0 -1 -0 0
h  245  -763715 0.999939 0 -1 -0 0
h  246  -763715 0.999939 0 -1 -0 0
h  247  -761610 0.999939 0 -1 -0 0
h  248  -761603 0.999939 0 -1 -0 0
h  249  -761613 0.999939 0 -1 -0 0
h  250  -755303 0.999939 0 -1 -0 0
h  251  -756187 0.999939 0 -1 -0 0
h  252  -756140 0.999939 0 -1 -0 0
h  253  -761535 0.999939 0 -1 -0 0
h  254  -753919 0.999939 0 -1 -0 0
h  255  -758953 0.999939 0 -1 -0 0
h  256  -761256 0.999939 0 -1 -0 0
h  257  -761256 0.999939 0 -1 -0 0
h  258  -759724 0.999939 0 -1 -0 0
h  259  -759728 0.999939 0 -1 -0 0
h  260  -759732 0.999939 0 -1 -0 0
h  261  -763641 0.999939 0 -1 -0 0
h  262  -763641 0.999939 0 -1 -0 0
h  263  -763696 0.999939 0 -1 -0 0
h  264  -763696 0.999939 0 -1 -0 0
h  265  -761143 0.999939 0 -1 -0 0
h  266  -759082 0.999939 0 -1 -0 0
h  267  -759082 0.999939 0 -1 -0 0
h  268  -761151 0.999939 0 -1 -0 0
h  269  -713280 0.999939 0 -1 -0 0
h  270  -713278 0.999939 0 -1 -0 0
h  271  -713278 0.999939 0 -1 -0 0
h  272  -713276 0.999939 0 -1 -0 0
h  273  -713104 0.999939 0 -1 -0 0
h  274  -713103 0.999939 0 -1 -0 0
h  275  -713098 0.999939 0 -1 -0 0
h  276  -713096 0.999939 0 -1 -0 0
h  277  -755395 0.999939 0 -1 -0 0
h  278  -712839 0.999939 0 -1 -0 0
h  279  -712838 0.999939 0 -1 -0 0
h  280  -712839 0.999939 0 -1 -0 0
h  281  -712840 0.999939 0 -1 -0 0
h  282  -762439 0.999939 0 -1 -0 0
h  283  -762450 0.999939 0 -1 -0 0
h  284  -762450 0.999939 0 -1 -0 0
h  285  -762433 0.999939 0 -1 -0 0
h  286  -755347 0.999939 0 -1 -0 0
h  287  -762073 0.999939 0 -1 -0 0
h  288  -762083 0.999939 0 -1 -0 0
h  289  -762084 0.999939 0 -1 -0 0
h  290  -762066 0.999939 0 -1 -0 0
h  291  -760711 0.999939 0 -1 -0 0
h  292  -760718 0.999939 0 -1 -0 0
h  293  -760720 0.999939 0 -1 -0 0
h  294  -756937 0.999939 0 -1 -0 0
h  295  -756902 0.999939 0 -1 -0 0
h  296  -758277 0.999939 0 -1 -0 0
h  297  -758269 0.999939 0 -1 -0 0
h  298  -763620 0.999939 0 -1 -0 0
h  299  -763620 0.999939 0 -1 -0 0
h  300  -763592 0.999939 0 -1 -0 0
h  301  -763592 0.999939 0 -1 -0 0
h  302  -755672 0.999939 0 -1 -0 0
h  303  -760627 0.999939 0 -1 -0 0
h  304  -763398 0.999939 0 -1 -0 0
h  305  -763398 0.999939 0 -1 -0 0
h  306  -763548 0.999939 0 -1 -0 0
h  307  -763549 0.999939 0 -1 -0 0
h  308  -756202 0.999939 0 -1 -0 0
h  309  -756202 0.999939 0 -1 -0 0
h  310  -755685 0.999939 0 -1 -0 0
h  311  -755685 0.999939 0 -1 -0 0
h  312  -760033 0.999939 0 -1 -0 0
h  313  -758183 0.999939 0 -1 -0 0
h  314  -758588 0.999939 0 -1 -0 0
h  315  -758581 0.999939 0 -1 -0 0
h  316  -757570 0.999939 0 -1 -0 0
h  317  -758584 0.999939 0 -1 -0 0
h  318  -759272 0.999939 0 -1 -0 0
h  319  -759272 0.999939 0 -1 -0 0
h  320  -759274 0.999939 0 -1 -0 0
h  321  -763093 0.999939 0 -1 -0 0
h  322  -763093 0.999939 0 -1 -0 0
h  323  -762500 0.999939 0 -1 -0 0
h  324  -762500 0.999939 0 -1 -0 0
h  810  -719221 0.999939 0 -1 -0 0
h  811  -722416 0.999939 0 -1 -0 0
h  812  -715617 0.999939 0 -1 -0 0
h  813  -717345 0.999939 0 -1 -0 0
h  814  -736048 0.999939 0 -1 -0 0
h  815  -727024 0.999939 0 -1 -0 0
h  816  -726277 0.999939 0 -1 -0 0
h  817  -749984 0.999939 0 -1 -0 0
h  818  -741140 0.999939 0 -1 -0 0
h  819  -733878 0.999939 0 -1 -0 0
h  820  -751726 0.999939 0 -1 -0 0
h  821  -739878 0.999939 0 -1 -0 0
h  822  -719218 0.999939 0 -1 -0 0
h  823  -722413 0.999939 0 -1 -0 0
h  824  -715613 0.999939 0 -1 -0 0
h  825  -717342 0.999939 0 -1 -0 0
h  826  -736045 0.999939 0 -1 -0 0
h  827  -727021 0.999939 0 -1 -0 0
h  828  -726275 0.999939 0 -1 -0 0
h  829  -749983 0.999939 0 -1 -0 0
h  830  -741138 0.999939 0 -1 -0 0
h  831  -733876 0.999939 0 -1 -0 0
h  832  -751726 0.999939 0 -1 -0 0
h  833  -739878 0.999939 0 -1 -0 0
h  1016  -763878 0.999939 0 -1 -0 0
h  1019  -763423 0.999939 0 -1 -0 0
h  1020  -763789 0.999939 0 -1 -0 0
h  1021  -763920 0.999939 0 -1 -0 0
h  1022  -763761 0.999939 0 -1 -0 0
h  1023  -762736 0.999939 0 -1 -0 0
h  1024  -763313 0.999939 0 -1 -0 0
h  1028  -763877 0.999939 0 -1 -0 0
h  1032  -763920 0.999939 0 -1 -0 0
h  1033  -763420 0.999939 0 -1 -0 0
h  1034  -763789 0.999939 0 -1 -0 0
h  1035  -763761 0.999939 0 -1 -0 0
h  1036  -762726 0.999939 0 -1 -0 0
h  1037  -763310 0.999939 0 -1 -0 0
h  1042  -763878 0.999939 0 -1 -0 0
h  1045  -763424 0.999939 0 -1 -0 0
h  1046  -763789 0.999939 0 -1 -0 0
h  1047  -763920 0.999939 0 -1 -0 0
h  1048  -763762 0.999939 0 -1 -0 0
h  1049  -762737 0.999939 0 -1 -0 0
h  1050  -763314 0.999939 0 -1 -0 0
h  1054  -763877 0.999939 0 -1 -0 0
h  1058  -763920 0.999939 0 -1 -0 0
h  1059  -763417 0.999939 0 -1 -0 0
h  1060  -763788 0.999939 0 -1 -0 0
h  1061  -763760 0.999939 0 -1 -0 0
h  1062  -762720 0.999939 0 -1 -0 0
h  1063  -763307 0.999939 0 -1 -0 0
h  1064  -753085 0.999939 0 -1 -0 0
h  1067  -755278 0.999939 0 -1 -0 0
h  1068  -755821 0.999939 0 -1 -0 0
h  1069  -756117 0.999939 0 -1 -0 0
h  1070  -753356 0.999939 0 -1 -0 0
h  1080  -753122 0.999939 0 -1 -0 0
h  1083  -755283 0.999939 0 -1 -0 0
h  1084  -755856 0.999939 0 -1 -0 0
h  1085  -753405 0.999939 0 -1 -0 0
h  1086  -756166 0.999939 0 -1 -0 0
h  1096  -753125 0.999939 0 -1 -0 0
h  1099  -755286 0.999939 0 -1 -0 0
h  1100  -755859 0.999939 0 -1 -0 0
h  1101  -753411 0.999939 0 -1 -0 0
h  1102  -756171 0.999939 0 -1 -0 0
h  1103  -763835 0.999939 0 -1 -0 0
h  1106  -763637 0.999939 0 -1 -0 0
h  1107  -763840 0.999939 0 -1 -0 0
h  1108  -763570 0.999939 0 -1 -0 0
h  1109  -763835 0.999939 0 -1 -0 0
h  1112  -763637 0.999939 0 -1 -0 0
h  1113  -763840 0.999939 0 -1 -0 0
h  1114  -763570 0.999939 0 -1 -0 0
h  1115  -712831 0.999939 0 -1 -0 0
h  1116  -713021 0.999939 0 -1 -0 0
h  1117  -712952 0.999939 0 -1 -0 0
h  1118  -712783 0.999939 0 -1 -0 0
h  1119  -712566 0.999939 0 -1 -0 0
h  1120  -712830 0.999939 0 -1 -0 0
h  1121  -713020 0.999939 0 -1 -0 0
h  1122  -712952 0.999939 0 -1 -0 0
h  1123  -712783 0.999939 0 -1 -0 0
h  1124  -712566 0.999939 0 -1 -0 0
h  1125  -713008 0.999939 0 -1 -0 0
h  1126  -712809 0.999939 0 -1 -0 0
h  1127  -712946 0.999939 0 -1 -0 0
h  1128  -712552 0.999939 0 -1 -0 0
h  1129  -712777 0.999939 0 -1 -0 0
h  1130  -713011 0.999939 0 -1 -0 0
h  1131  -712814 0.999939 0 -1 -0 0
h  1132  -712948 0.999939 0 -1 -0 0
h  1133  -712557 0.999939 0 -1 -0 0
h  1134  -712779 0.999939 0 -1 -0 0
SolidID  29   16 
h  573  -713069 0.999939 0 -1 -0 0
h  574  -712988 0.999939 0 -1 -0 0
h  575  -712989 0.999939 0 -1 -0 0
h  576  -712989 0.999939 0 -1 -0 0
h  577  -713068 0.999939 0 -1 -0 0
h  578  -713045 0.999939 0 -1 -0 0
h  579  -713043 0.999939 0 -1 -0 0
h  580  -713068 0.999939 0 -1 -0 0
h  581  -713044 0.999939 0 -1 -0 0
h  582  -713010 0.999939 0 -1 -0 0
h  583  -713011 0.999939 0 -1 -0 0
h  584  -712989 0.999939 0 -1 -0 0
h  585  -713067 0.999939 0 -1 -0 0
h  586  -713045 0.999939 0 -1 -0 0
h  587  -713011 0.999939 0 -1 -0 0
h  588  -713009 0.999939 0 -1 -0 0
SolidID  35   16 
h  341  -759145 0.999939 0 -1 -0 0
h  342  -762651 0.999939 0 -1 -0 0
h  343  -762028 0.999939 0 -1 -0 0
h  344  -759580 0.999939 0 -1 -0 0
h  345  -760591 0.999939 0 -1 -0 0
h  346  -761530 0.999939 0 -1 -0 0
h  347  -762412 0.999939 0 -1 -0 0
h  348  -760287 0.999939 0 -1 -0 0
h  349  -759650 0.999939 0 -1 -0 0
h  350  -758981 0.999939 0 -1 -0 0
h  351  -758887 0.999939 0 -1 -0 0
h  352  -762688 0.999939 0 -1 -0 0
h  353  -762346 0.999939 0 -1 -0 0
h  354  -760941 0.999939 0 -1 -0 0
h  355  -761624 0.999939 0 -1 -0 0
h  356  -762760 0.999939 0 -1 -0 0
SolidID  6   307 
h  113  -726202 0.999939 0 -1 -0 0
h  114  -726196 0.999939 0 -1 -0 0
h  115  -720643 0.999939 0 -1 -0 0
h  116  -720641 0.999939 0 -1 -0 0
h  117  -738547 0.999939 0 -1 -0 0
h  118  -738540 0.999939 0 -1 -0 0
h  119  -762267 0.999939 0 -1 -0 0
h  120  -762268 0.999939 0 -1 -0 0
h  121  -715192 0.999939 0 -1 -0 0
h  122  -715195 0.999939 0 -1 -0 0
h  123  -762300 0.999939 0 -1 -0 0
h  124  -762301 0.999939 0 -1 -0 0
h  125  -748149 0.999939 0 -1 -0 0
h  126  -748145 0.999939 0 -1 -0 0
h  127  -755676 0.999939 0 -1 -0 0
h  128  -755677 0.999939 0 -1 -0 0
h  129  -763714 0.999939 0 -1 -0 0
h  130  -763714 0.999939 0 -1 -0 0
h  131  -755794 0.999939 0 -1 -0 0
h  132  -755793 0.999939 0 -1 -0 0
h  133  -711495 0.999939 0 -1 -0 0
h  134  -711512 0.999939 0 -1 -0 0
h  135  -711446 0.999939 0 -1 -0 0
h  136  -711452 0.999939 0 -1 -0 0
h  137  -763723 0.999939 0 -1 -0 0
h  138  -763723 0.999939 0 -1 -0 0
h  139  -760829 0.999939 0 -1 -0 0
h  140  -760828 0.999939 0 -1 -0 0
h  141  -760669 0.999939 0 -1 -0 0
h  142  -760672 0.999939 0 -1 -0 0
h  143  -763006 0.999939 0 -1 -0 0
h  144  -763026 0.999939 0 -1 -0 0
h  145  -763008 0.999939 0 -1 -0 0
h  146  -763027 0.999939 0 -1 -0 0
h  147  -723932 0.999939 0 -1 -0 0
h  148  -723911 0.999939 0 -1 -0 0
h  149  -762015 0.999939 0 -1 -0 0
h  150  -762022 0.999939 0 -1 -0 0
h  151  -749425 0.999939 0 -1 -0 0
h  152  -749424 0.999939 0 -1 -0 0
h  153  -762198 0.999939 0 -1 -0 0
h  154  -762198 0.999939 0 -1 -0 0
h  155  -763673 0.999939 0 -1 -0 0
h  156  -763674 0.999939 0 -1 -0 0
h  157  -763683 0.999939 0 -1 -0 0
h  158  -763684 0.999939 0 -1 -0 0
h  159  -737196 0.999939 0 -1 -0 0
h  160  -737150 0.999939 0 -1 -0 0
h  161  -759542 0.999939 0 -1 -0 0
h  162  -759559 0.999939 0 -1 -0 0
h  163  -762586 0.999939 0 -1 -0 0
h  164  -762596 0.999939 0 -1 -0 0
h  165  -762604 0.999939 0 -1 -0 0
h  166  -762605 0.999939 0 -1 -0 0
h  167  -714975 0.999939 0 -1 -0 0
h  168  -714973 0.999939 0 -1 -0 0
h  169  -714991 0.999939 0 -1 -0 0
h  170  -714988 0.999939 0 -1 -0 0
h  171  -761540 0.999939 0 -1 -0 0
h  172  -761561 0.999939 0 -1 -0 0
h  173  -761564 0.999939 0 -1 -0 0
h  174  -761561 0.999939 0 -1 -0 0
h  175  -711594 0.999939 0 -1 -0 0
h  176  -711563 0.999939 0 -1 -0 0
h  177  -711645 0.999939 0 -1 -0 0
h  178  -711638 0.999939 0 -1 -0 0
h  179  -710474 0.999939 0 -1 -0 0
h  180  -710445 0.999939 0 -1 -0 0
h  181  -710490 0.999939 0 -1 -0 0
h  182  -710498 0.999939 0 -1 -0 0
h  183  -759863 0.999939 0 -1 -0 0
h  184  -759864 0.999939 0 -1 -0 0
h  185  -756319 0.999939 0 -1 -0 0
h  186  -756316 0.999939 0 -1 -0 0
h  187  -756309 0.999939 0 -1 -0 0
h  188  -756215 0.999939 0 -1 -0 0
h  189  -708724 0.999939 0 -1 -0 0
h  190  -708717 0.999939 0 -1 -0 0
h  191  -708695 0.999939 0 -1 -0 0
h  192  -708746 0.999939 0 -1 -0 0
h  193  -752929 0.999939 0 -1 -0 0
h  194  -752931 0.999939 0 -1 -0 0
h  195  -762715 0.999939 0 -1 -0 0
h  196  -762737 0.999939 0 -1 -0 0
h  197  -762731 0.999939 0 -1 -0 0
h  198  -762739 0.999939 0 -1 -0 0
h  199  -752939 0.999939 0 -1 -0 0
h  200  -759648 0.999939 0 -1 -0 0
h  201  -759746 0.999939 0 -1 -0 0
h  202  -759748 0.999939 0 -1 -0 0
h  203  -759747 0.999939 0 -1 -0 0
h  204  -752752 0.999939 0 -1 -0 0
h  205  -759940 0.999939 0 -1 -0 0
h  206  -711883 0.999939 0 -1 -0 0
h  207  -711889 0.999939 0 -1 -0 0
h  208  -711890 0.999939 0 -1 -0 0
h  209  -711878 0.999939 0 -1 -0 0
h  210  -713577 0.999939 0 -1 -0 0
h  211  -713574 0.999939 0 -1 -0 0
h  212  -713607 0.999939 0 -1 -0 0
h  213  -713604 0.999939 0 -1 -0 0
h  214  -713022 0.999939 0 -1 -0 0
h  215  -713019 0.999939 0 -1 -0 0
h  216  -712987 0.999939 0 -1 -0 0
h  217  -712980 0.999939 0 -1 -0 0
h  218  -760122 0.999939 0 -1 -0 0
h  219  -760127 0.999939 0 -1 -0 0
h  220  -760134 0.999939 0 -1 -0 0
h  221  -754998 0.999939 0 -1 -0 0
h  222  -761593 0.999939 0 -1 -0 0
h  223  -755709 0.999939 0 -1 -0 0
h  224  -755710 0.999939 0 -1 -0 0
h  225  -755718 0.999939 0 -1 -0 0
h  226  -761667 0.999939 0 -1 -0 0
h  227  -761673 0.999939 0 -1 -0 0
h  228  -761676 0.999939 0 -1 -0 0
h  229  -752674 0.999939 0 -1 -0 0
h  230  -758163 0.999939 0 -1 -0 0
h  231  -763845 0.999939 0 -1 -0 0
h  232  -763845 0.999939 0 -1 -0 0
h  233  -713332 0.999939 0 -1 -0 0
h  234  -713330 0.999939 0 -1 -0 0
h  235  -713340 0.999939 0 -1 -0 0
h  236  -713338 0.999939 0 -1 -0 0
h  237  -763411 0.999939 0 -1 -0 0
h  238  -763413 0.999939 0 -1 -0 0
h  239  -754923 0.999939 0 -1 -0 0
h  240  -754924 0.999939 0 -1 -0 0
h  241  -753532 0.999939 0 -1 -0 0
h  242  -758716 0.999939 0 -1 -0 0
h  243  -758719 0.999939 0 -1 -0 0
h  244  -758729 0.999939 0 -1 -0 0
h  245  -763715 0.999939 0 -1 -0 0
h  246  -763715 0.999939 0 -1 -0 0
h  247  -761610 0.999939 0 -1 -0 0
h  248  -761603 0.999939 0 -1 -0 0
h  249  -761613 0.999939 0 -1 -0 0
h  250  -755303 0.999939 0 -1 -0 0
h  251  -756187 0.999939 0 -1 -0 0
h  252  -756140 0.999939 0 -1 -0 0
h  253  -761535 0.999939 0 -1 -0 0
h  254  -753919 0.999939 0 -1 -0 0
h  255  -758953 0.999939 0 -1 -0 0
h  256  -761256 0.999939 0 -1 -0 0
h  257  -761256 0.999939 0 -1 -0 0
h  258  -759724 0.999939 0 -1 -0 0
h  259  -759728 0.999939 0 -1 -0 0
h  260  -759732 0.999939 0 -1 -0 0
h  261  -763641 0.999939 0 -1 -0 0
h  262  -763641 0.999939 0 -1 -0 0
h  263  -763696 0.999939 0 -1 -0 0
h  264  -763696 0.999939 0 -1 -0 0
h  265  -761143 0.999939 0 -1 -0 0
h  266  -759082 0.999939 0 -1 -0 0
h  267  -759082 0.999939 0 -1 -0 0
h  268  -761151 0.999939 0 -1 -0 0
h  269  -713280 0.999939 0 -1 -0 0
h  270  -713278 0.999939 0 -1 -0 0
h  271  -713278 0.999939 0 -1 -0 0
h  272  -713276 0.999939 0 -1 -0 0
h  273  -713104 0.999939 0 -1 -0 0
h  274  -713103 0.999939 0 -1 -0 0
h  275  -713098 0.999939 0 -1 -0 0
h  276  -713096 0.999939 0 -1 -0 0
h  277  -755395 0.999939 0 -1 -0 0
h  278  -712839 0.999939 0 -1 -0 0
h  279  -712838 0.999939 0 -1 -0 0
h  280  -712839 0.999939 0 -1 -0 0
h  281  -712840 0.999939 0 -1 -0 0
h  282  -762439 0.999939 0 -1 -0 0
h  283  -762450 0.999939 0 -1 -0 0
h  284  -762450 0.999939 0 -1 -0 0
h  285  -762433 0.999939 0 -1 -0 0
h  286  -755347 0.999939 0 -1 -0 0
h  287  -762073 0.999939 0 -1 -0 0
h  288  -762083 0.999939 0 -1 -0 0
h  289  -762084 0.999939 0 -1 -0 0
h  290  -762066 0.999939 0 -1 -0 0
h  291  -760711 0.999939 0 -1 -0 0
h  292  -760718 0.999939 0 -1 -0 0
h  293  -760720 0.999939 0 -1 -0 0
h  294  -756937 0.999939 0 -1 -0 0
h  295  -756902 0.999939 0 -1 -0 0
h  296  -758277 0.999939 0 -1 -0 0
h  297  -758269 0.999939 0 -1 -0 0
h  298  -763620 0.999939 0 -1 -0 0
h  299  -763620 0.999939 0 -1 -0 0
h  300  -763592 0.999939 0 -1 -0 0
h  301  -763592 0.999939 0 -1 -0 0
h  302  -755672 0.999939 0 -1 -0 0
h  303  -760627 0.999939 0 -1 -0 0
h  304  -763398 0.999939 0 -1 -0 0
h  305  -763398 0.999939 0 -1 -0 0
h  306  -763548 0.999939 0 -1 -0 0
h  307  -763549 0.999939 0 -1 -0 0
h  308  -756202 0.999939 0 -1 -0 0
h  309  -756202 0.999939 0 -1 -0 0
h  310  -755685 0.999939 0 -1 -0 0
h  311  -755685 0.999939 0 -1 -0 0
h  312  -760033 0.999939 0 -1 -0 0
h  313  -758183 0.999939 0 -1 -0 0
h  314  -758588 0.999939 0 -1 -0 0
h  315  -758581 0.999939 0 -1 -0 0
h  316  -757570 0.999939 0 -1 -0 0
h  317  -758584 0.999939 0 -1 -0 0
h  318  -759272 0.999939 0 -1 -0 0
h  319  -759272 0.999939 0 -1 -0 0
h  320  -759274 0.999939 0 -1 -0 0
h  321  -763093 0.999939 0 -1 -0 0
h  322  -763093 0.999939 0 -1 -0 0
h  323  -762500 0.999939 0 -1 -0 0
h  324  -762500 0.999939 0 -1 -0 0
h  810  -719221 0.999939 0 -1 -0 0
h  811  -722416 0.999939 0 -1 -0 0
h  812  -715617 0.999939 0 -1 -0 0
h  813  -717345 0.999939 0 -1 -0 0
h  814  -736048 0.999939 0 -1 -0 0
h  815  -727024 0.999939 0 -1 -0 0
h  816  -726277 0.999939 0 -1 -0 0
h  817  -749984 0.999939 0 -1 -0 0
h  818  -741140 0.999939 0 -1 -0 0
h  819  -733878 0.999939 0 -1 -0 0
h  820  -751726 0.999939 0 -1 -0 0
h  821  -739878 0.999939 0 -1 -0 0
h  822  -719218 0.999939 0 -1 -0 0
h  823  -722413 0.999939 0 -1 -0 0
h  824  -715613 0.999939 0 -1 -0 0
h  825  -717342 0.999939 0 -1 -0 0
h  826  -736045 0.999939 0 -1 -0 0
h  827  -727021 0.999939 0 -1 -0 0
h  828  -726275 0.999939 0 -1 -0 0
h  829  -749983 0.999939 0 -1 -0 0
h  830  -741138 0.999939 0 -1 -0 0
h  831  -733876 0.999939 0 -1 -0 0
h  832  -751726 0.999939 0 -1 -0 0
h  833  -739878 0.999939 0 -1 -0 0
h  1016  -763878 0.999939 0 -1 -0 0
h  1019  -763423 0.999939 0 -1 -0 0
h  1020  -763789 0.999939 0 -1 -0 0
h  1021  -763920 0.999939 0 -1 -0 0
h  1022  -763761 0.999939 0 -1 -0 0
h  1023  -762736 0.999939 0 -1 -0 0
h  1024  -763313 0.999939 0 -1 -0 0
h  1028  -763877 0.999939 0 -1 -0 0
h  1032  -763920 0.999939 0 -1 -0 0
h  1033  -763420 0.999939 0 -1 -0 0
h  1034  -763789 0.999939 0 -1 -0 0
h  1035  -763761 0.999939 0 -1 -0 0
h  1036  -762726 0.999939 0 -1 -0 0
h  1037  -763310 0.999939 0 -1 -0 0
h  1042  -763878 0.999939 0 -1 -0 0
h  1045  -763424 0.999939 0 -1 -0 0
h  1046  -763789 0.999939 0 -1 -0 0
h  1047  -763920 0.999939 0 -1 -0 0
h  1048  -763762 0.999939 0 -1 -0 0
h  1049  -762737 0.999939 0 -1 -0 0
h  1050  -763314 0.999939 0 -1 -0 0
h  1054  -763877 0.999939 0 -1 -0 0
h  1058  -763920 0.999939 0 -1 -0 0
h  1059  -763417 0.999939 0 -1 -0 0
h  1060  -763788 0.999939 0 -1 -0 0
h  1061  -763760 0.999939 0 -1 -0 0
h  1062  -762720 0.999939 0 -1 -0 0
h  1063  -763307 0.999939 0 -1 -0 0
h  1064  -753085 0.999939 0 -1 -0 0
h  1067  -755278 0.999939 0 -1 -0 0
h  1068  -755821 0.999939 0 -1 -0 0
h  1069  -756117 0.999939 0 -1 -0 0
h  1070  -753356 0.999939 0 -1 -0 0
h  1080  -753122 0.999939 0 -1 -0 0
h  1083  -755283 0.999939 0 -1 -0 0
h  1084  -755856 0.999939 0 -1 -0 0
h  1085  -753405 0.999939 0 -1 -0 0
h  1086  -756166 0.999939 0 -1 -0 0
h  1096  -753125 0.999939 0 -1 -0 0
h  1099  -755286 0.999939 0 -1 -0 0
h  1100  -755859 0.999939 0 -1 -0 0
h  1101  -753411 0.999939 0 -1 -0 0
h  1102  -756171 0.999939 0 -1 -0 0
h  1103  -763835 0.999939 0 -1 -0 0
h  1106  -763637 0.999939 0 -1 -0 0
h  1107  -763840 0.999939 0 -1 -0 0
h  1108  -763570 0.999939 0 -1 -0 0
h  1109  -763835 0.999939 0 -1 -0 0
h  1112  -763637 0.999939 0 -1 -0 0
h  1113  -763840 0.999939 0 -1 -0 0
h  1114  -763570 0.999939 0 -1 -0 0
h  1115  -712831 0.999939 0 -1 -0 0
h  1116  -713021 0.999939 0 -1 -0 0
h  1117  -712952 0.999939 0 -1 -0 0
h  1118  -712783 0.999939 0 -1 -0 0
h  1119  -712566 0.999939 0 -1 -0 0
h  1120  -712830 0.999939 0 -1 -0 0
h  1121  -713020 0.999939 0 -1 -0 0
h  1122  -712952 0.999939 0 -1 -0 0
h  1123  -712783 0.999939 0 -1 -0 0
h  1124  -712566 0.999939 0 -1 -0 0
h  1125  -713008 0.999939 0 -1 -0 0
h  1126  -712809 0.999939 0 -1 -0 0
h  1127  -712946 0.999939 0 -1 -0 0
h  1128  -712552 0.999939 0 -1 -0 0
h  1129  -712777 0.999939 0 -1 -0 0
h  1130  -713011 0.999939 0 -1 -0 0
h  1131  -712814 0.999939 0 -1 -0 0
h  1132  -712948 0.999939 0 -1 -0 0
h  1133  -712557 0.999939 0 -1 -0 0
h  1134  -712779 0.999939 0 -1 -0 0
SolidID  29   16 
h  573  -713069 0.999939 0 -1 -0 0
h  574  -712988 0.999939 0 -1 -0 0
h  575  -712989 0.999939 0 -1 -0 0
h  576  -712989 0.999939 0 -1 -0 0
h  577  -713068 0.999939 0 -1 -0 0
h  578  -713045 0.999939 0 -1 -0 0
h  579  -713043 0.999939 0 -1 -0 0
h  580  -713068 0.999939 0 -1 -0 0
h  581  -713044 0.999939 0 -1 -0 0
h  582  -713010 0.999939 0 -1 -0 0
h  583  -713011 0.999939 0 -1 -0 0
h  584  -712989 0.999939 0 -1 -0 0
h  585  -713067 0.999939 0 -1 -0 0
h  586  -713045 0.999939 0 -1 -0 0
h  587  -713011 0.999939 0 -1 -0 0
h  588  -713009 0.999939 0 -1 -0 0
SolidID  35   16 
h  341  -759145 0.999939 0 -1 -0 0
h  342  -762651 0.999939 0 -1 -0 0
h  343  -762028 0.999939 0 -1 -0 0
h  344  -759580 0.999939 0 -1 -0 0
h  345  -760591 0.999939 0 -1 -0 0
h  346  -761530 0.999939 0 -1 -0 0
h  347  -762412 0.999939 0 -1 -0 0
h  348  -760287 0.999939 0 -1 -0 0
h  349  -759650 0.999939 0 -1 -0 0
h  350  -758981 0.999939 0 -1 -0 0
h  351  -758887 0.999939 0 -1 -0 0
h  352  -762688 0.999939 0 -1 -0 0
h  353  -762346 0.999939 0 -1 -0 0
h  354  -760941 0.999939 0 -1 -0 0
h  355  -761624 0.999939 0 -1 -0 0
h  356  -762760 0.999939 0 -1 -0 0
SolidID  41   16 
h  81  -761558 0.999939 0 -1 -0 0
h  82  -761511 0.999939 0 -1 -0 0
h  83  -762388 0.999939 0 -1 -0 0
h  84  -759040 0.999939 0 -1 -0 0
h  85  -758909 0.999939 0 -1 -0 0
h  86  -762623 0.999939 0 -1 -0 0
h  87  -759650 0.999939 0 -1 -0 0
h  88  -760279 0.999939 0 -1 -0 0
h  89  -762006 0.999939 0 -1 -0 0
h  90  -759627 0.999939 0 -1 -0 0
h  91  -760604 0.999939 0 -1 -0 0
h  92  -762596 0.999939 0 -1 -0 0
h  93  -762236 0.999939 0 -1 -0 0
h  94  -762704 0.999939 0 -1 -0 0
h  95  -760926 0.999939 0 -1 -0 0
h  96  -759155 0.999939 0 -1 -0 0
SolidID  6   307 
h  113  -726202 0.999939 0 -1 -0 0
h  114  -726196 0.999939 0 -1 -0 0
h  115  -720643 0.999939 0 -1 -0 0
h  116  -720641 0.999939 0 -1 -0 0
h  117  -738547 0.999939 0 -1 -0 0
h  118  -738540 0.999939 0 -1 -0 0
h  119  -762267 0.999939 0 -1 -0 0
h  120  -762268 0.999939 0 -1 -0 0
h  121  -715192 0.999939 0 -1 -0 0
h  122  -715195 0.999939 0 -1 -0 0
h  123  -762300 0.999939 0 -1 -0 0
h  124  -762301 0.999939 0 -1 -0 0
h  125  -748149 0.999939 0 -1 -0 0
h  126  -748145 0.999939 0 -1 -0 0
h  127  -755676 0.999939 0 -1 -0 0
h  128  -755677 0.999939 0 -1 -0 0
h  129  -763714 0.999939 0 -1 -0 0
h  130  -763714 0.999939 0 -1 -0 0
h  131  -755794 0.999939 0 -1 -0 0
h  132  -755793 0.999939 0 -1 -0 0
h  133  -711495 0.999939 0 -1 -0 0
h  134  -711512 0.999939 0 -1 -0 0
h  135  -711446 0.999939 0 -1 -0 0
h  136  -711452 0.999939 0 -1 -0 0
h  137  -763723 0.999939 0 -1 -0 0
h  138  -763723 0.999939 0 -1 -0 0
h  139  -760829 0.999939 0 -1 -0 0
h  140  -760828 0.999939 0 -1 -0 0
h  141  -760669 0.999939 0 -1 -0 0
h  142  -760672 0.999939 0 -1 -0 0
h  143  -763006 0.999939 0 -1 -0 0
h  144  -763026 0.999939 0 -1 -0 0
h  145  -763008 0.999939 0 -1 -0 0
h  146  -763027 0.999939 0 -1 -0 0
h  147  -723932 0.999939 0 -1 -0 0
h  148  -723911 0.999939 0 -1 -0 0
h  149  -762015 0.999939 0 -1 -0 0
h  150  -762022 0.999939 0 -1 -0 0
h  151  -749425 0.999939 0 -1 -0 0
h  152  -749424 0.999939 0 -1 -0 0
h  153  -762198 0.999939 0 -1 -0 0
h  154  -762198 0.999939 0 -1 -0 0
h  155  -763673 0.999939 0 -1 -0 0
h  156  -763674 0.999939 0 -1 -0 0
h  157  -763683 0.999939 0 -1 -0 0
h  158  -763684 0.999939 0 -1 -0 0
h  159  -737196 0.999939 0 -1 -0 0
h  160  -737150 0.999939 0 -1 -0 0
h  161  -759542 0.999939 0 -1 -0 0
h  162  -759559 0.999939 0 -1 -0 0
h  163  -762586 0.999939 0 -1 -0 0
h  164  -762596 0.999939 0 -1 -0 0
h  165  -762604 0.999939 0 -1 -0 0
h  166  -762605 0.999939 0 -1 -0 0
h  167  -714975 0.999939 0 -1 -0 0
h  168  -714973 0.999939 0 -1 -0 0
h  169  -714991 0.999939 0 -1 -0 0
h  170  -714988 0.999939 0 -1 -0 0
h  171  -761540 0.999939 0 -1 -0 0
h  172  -761561 0.999939 0 -1 -0 0
h  173  -761564 0.999939 0 -1 -0 0
h  174  -761561 0.999939 0 -1 -0 0
h  175  -711594 0.999939 0 -1 -0 0
h  176  -711563 0.999939 0 -1 -0 0
h  177  -711645 0.999939 0 -1 -0 0
h  178  -711638 0.999939 0 -1 -0 0
h  179  -710474 0.999939 0 -1 -0 0
h  180  -710445 0.999939 0 -1 -0 0
h  181  -710490 0.999939 0 -1 -0 0
h  182  -710498 0.999939 0 -1 -0 0
h  183  -759863 0.999939 0 -1 -0 0
h  184  -759864 0.999939 0 -1 -0 0
h  185  -756319 0.999939 0 -1 -0 0
h  186  -756316 0.999939 0 -1 -0 0
h  187  -756309 0.999939 0 -1 -0 0
h  188  -756215 0.999939 0 -1 -0 0
h  189  -708724 0.999939 0 -1 -0 0
h  190  -708717 0.999939 0 -1 -0 0
h  191  -708695 0.999939 0 -1 -0 0
h  192  -708746 0.999939 0 -1 -0 0
h  193  -752929 0.999939 0 -1 -0 0
h  194  -752931 0.999939 0 -1 -0 0
h  195  -762715 0.999939 0 -1 -0 0
h  196  -762737 0.999939 0 -1 -0 0
h  197  -762731 0.999939 0 -1 -0 0
h  198  -762739 0.999939 0 -1 -0 0
h  199  -752939 0.999939 0 -1 -0 0
h  200  -759648 0.999939 0 -1 -0 0
h  201  -759746 0.999939 0 -1 -0 0
h  202  -759748 0.999939 0 -1 -0 0
h  203  -759747 0.999939 0 -1 -0 0
h  204  -752752 0.999939 0 -1 -0 0
h  205  -759940 0.999939 0 -1 -0 0
h  206  -711883 0.999939 0 -1 -0 0
h  207  -711889 0.999939 0 -1 -0 0
h  208  -711890 0.999939 0 -1 -0 0
h  209  -711878 0.999939 0 -1 -0 0
h  210  -713577 0.999939 0 -1 -0 0
h  211  -713574 0.999939 0 -1 -0 0
h  212  -713607 0.999939 0 -1 -0 0
h  213  -713604 0.999939 0 -1 -0 0
h  214  -713022 0.999939 0 -1 -0 0
h  215  -713019 0.999939 0 -1 -0 0
h  216  -712987 0.999939 0 -1 -0 0
h  217  -712980 0.999939 0 -1 -0 0
h  218  -760122 0.999939 0 -1 -0 0
h  219  -760127 0.999939 0 -1 -0 0
h  220  -760134 0.999939 0 -1 -0 0
h  221  -754998 0.999939 0 -1 -0 0
h  222  -761593 0.999939 0 -1 -0 0
h  223  -755709 0.999939 0 -1 -0 0
h  224  -755710 0.999939 0 -1 -0 0
h  225  -755718 0.999939 0 -1 -0 0
h  226  -761667 0.999939 0 -1 -0 0
h  227  -761673 0.999939 0 -1 -0 0
h  228  -761676 0.999939 0 -1 -0 0
h  229  -752674 0.999939 0 -1 -0 0
h  230  -758163 0.999939 0 -1 -0 0
h  231  -763845 0.999939 0 -1 -0 0
h  232  -763845 0.999939 0 -1 -0 0
h  233  -713332 0.999939 0 -1 -0 0
h  234  -713330 0.999939 0 -1 -0 0
h  235  -713340 0.999939 0 -1 -0 0
h  236  -713338 0.999939 0 -1 -0 0
h  237  -763411 0.999939 0 -1 -0 0
h  238  -763413 0.999939 0 -1 -0 0
h  239  -754923 0.999939 0 -1 -0 0
h  240  -754924 0.999939 0 -1 -0 0
h  241  -753532 0.999939 0 -1 -0 0
h  242  -758716 0.999939 0 -1 -0 0
h  243  -758719 0.999939 0 -1 -0 0
h  244  -758729 0.999939 0 -1 -0 0
h  245  -763715 0.999939 0 -1 -0 0
h  246  -763715 0.999939 0 -1 -0 0
h  247  -761610 0.999939 0 -1 -0 0
h  248  -761603 0.999939 0 -1 -0 0
h  249  -761613 0.999939 0 -1 -0 0
h  250  -755303 0.999939 0 -1 -0 0
h  251  -756187 0.999939 0 -1 -0 0
h  252  -756140 0.999939 0 -1 -0 0
h  253  -761535 0.999939 0 -1 -0 0
h  254  -753919 0.999939 0 -1 -0 0
h  255  -758953 0.999939 0 -1 -0 0
h  256  -761256 0.999939 0 -1 -0 0
h  257  -761256 0.999939 0 -1 -0 0
h  258  -759724 0.999939 0 -1 -0 0
h  259  -759728 0.999939 0 -1 -0 0
h  260  -759732 0.999939 0 -1 -0 0
h  261  -763641 0.999939 0 -1 -0 0
h  262  -763641 0.999939 0 -1 -0 0
h  263  -763696 0.999939 0 -1 -0 0
h  264  -763696 0.999939 0 -1 -0 0
h  265  -761143 0.999939 0 -1 -0 0
h  266  -759082 0.999939 0 -1 -0 0
h  267  -759082 0.999939 0 -1 -0 0
h  268  -761151 0.999939 0 -1 -0 0
h  269  -713280 0.999939 0 -1 -0 0
h  270  -713278 0.999939 0 -1 -0 0
h  271  -713278 0.999939 0 -1 -0 0
h  272  -713276 0.999939 0 -1 -0 0
h  273  -713104 0.999939 0 -1 -0 0
h  274  -713103 0.999939 0 -1 -0 0
h  275  -713098 0.999939 0 -1 -0 0
h  276  -713096 0.999939 0 -1 -0 0
h  277  -755395 0.999939 0 -1 -0 0
h  278  -712839 0.999939 0 -1 -0 0
h  279  -712838 0.999939 0 -1 -0 0
h  280  -712839 0.999939 0 -1 -0 0
h  281  -712840 0.999939 0 -1 -0 0
h  282  -762439 0.999939 0 -1 -0 0
h  283  -762450 0.999939 0 -1 -0 0
h  284  -762450 0.999939 0 -1 -0 0
h  285  -762433 0.999939 0 -1 -0 0
h  286  -755347 0.999939 0 -1 -0 0
h  287  -762073 0.999939 0 -1 -0 0
h  288  -762083 0.999939 0 -1 -0 0
h  289  -762084 0.999939 0 -1 -0 0
h  290  -762066 0.999939 0 -1 -0 0
h  291  -760711 0.999939 0 -1 -0 0
h  292  -760718 0.999939 0 -1 -0 0
h  293  -760720 0.999939 0 -1 -0 0
h  294  -756937 0.999939 0 -1 -0 0
h  295  -756902 0.999939 0 -1 -0 0
h  296  -758277 0.999939 0 -1 -0 0
h  297  -758269 0.999939 0 -1 -0 0
h  298  -763620 0.999939 0 -1 -0 0
h  299  -763620 0.999939 0 -1 -0 0
h  300  -763592 0.999939 0 -1 -0 0
h  301  -763592 0.999939 0 -1 -0 0
h  302  -755672 0.999939 0 -1 -0 0
h  303  -760627 0.999939 0 -1 -0 0
h  304  -763398 0.999939 0 -1 -0 0
h  305  -763398 0.999939 0 -1 -0 0
h  306  -763548 0.999939 0 -1 -0 0
h  307  -763549 0.999939 0 -1 -0 0
h  308  -756202 0.999939 0 -1 -0 0
h  309  -756202 0.999939 0 -1 -0 0
h  310  -755685 0.999939 0 -1 -0 0
h  311  -755685 0.999939 0 -1 -0 0
h  312  -760033 0.999939 0 -1 -0 0
h  313  -758183 0.999939 0 -1 -0 0
h  314  -758588 0.999939 0 -1 -0 0
h  315  -758581 0.999939 0 -1 -0 0
h  316  -757570 0.999939 0 -1 -0 0
h  317  -758584 0.999939 0 -1 -0 0
h  318  -759272 0.999939 0 -1 -0 0
h  319  -759272 0.999939 0 -1 -0 0
h  320  -759274 0.999939 0 -1 -0 0
h  321  -763093 0.999939 0 -1 -0 0
h  322  -763093 0.999939 0 -1 -0 0
h  323  -762500 0.999939 0 -1 -0 0
h  324  -762500 0.999939 0 -1 -0 0
h  810  -719221 0.999939 0 -1 -0 0
h  811  -722416 0.999939 0 -1 -0 0
h  812  -715617 0.999939 0 -1 -0 0
h  813  -717345 0.999939 0 -1 -0 0
h  814  -736048 0.999939 0 -1 -0 0
h  815  -727024 0.999939 0 -1 -0 0
h  816  -726277 0.999939 0 -1 -0 0
h  817  -749984 0.999939 0 -1 -0 0
h  818  -741140 0.999939 0 -1 -0 0
h  819  -733878 0.999939 0 -1 -0 0
h  820  -751726 0.999939 0 -1 -0 0
h  821  -739878 0.999939 0 -1 -0 0
h  822  -719218 0.999939 0 -1 -0 0
h  823  -722413 0.999939 0 -1 -0 0
h  824  -715613 0.999939 0 -1 -0 0
h  825  -717342 0.999939 0 -1 -0 0
h  826  -736045 0.999939 0 -1 -0 0
h  827  -727021 0.999939 0 -1 -0 0
h  828  -726275 0.999939 0 -1 -0 0
h  829  -749983 0.999939 0 -1 -0 0
h  830  -741138 0.999939 0 -1 -0 0
h  831  -733876 0.999939 0 -1 -0 0
h  832  -751726 0.999939 0 -1 -0 0
h  833  -739878 0.999939 0 -1 -0 0
h  1016  -763878 0.999939 0 -1 -0 0
h  1019  -763423 0.999939 0 -1 -0 0
h  1020  -763789 0.999939 0 -1 -0 0
h  1021  -763920 0.999939 0 -1 -0 0
h  1022  -763761 0.999939 0 -1 -0 0
h  1023  -762736 0.999939 0 -1 -0 0
h  1024  -763313 0.999939 0 -1 -0 0
h  1028  -763877 0.999939 0 -1 -0 0
h  1032  -763920 0.999939 0 -1 -0 0
h  1033  -763420 0.999939 0 -1 -0 0
h  1034  -763789 0.999939 0 -1 -0 0
h  1035  -763761 0.999939 0 -1 -0 0
h  1036  -762726 0.999939 0 -1 -0 0
h  1037  -763310 0.999939 0 -1 -0 0
h  1042  -763878 0.999939 0 -1 -0 0
h  1045  -763424 0.999939 0 -1 -0 0
h  1046  -763789 0.999939 0 -1 -0 0
h  1047  -763920 0.999939 0 -1 -0 0
h  1048  -763762 0.999939 0 -1 -0 0
h  1049  -762737 0.999939 0 -1 -0 0
h  1050  -763314 0.999939 0 -1 -0 0
h  1054  -763877 0.999939 0 -1 -0 0
h  1058  -763920 0.999939 0 -1 -0 0
h  1059  -763417 0.999939 0 -1 -0 0
h  1060  -763788 0.999939 0 -1 -0 0
h  1061  -763760 0.999939 0 -1 -0 0
h  1062  -762720 0.999939 0 -1 -0 0
h  1063  -763307 0.999939 0 -1 -0 0
h  1064  -753085 0.999939 0 -1 -0 0
h  1067  -755278 0.999939 0 -1 -0 0
h  1068  -755821 0.999939 0 -1 -0 0
h  1069  -756117 0.999939 0 -1 -0 0
h  1070  -753356 0.999939 0 -1 -0 0
h  1080  -753122 0.999939 0 -1 -0 0
h  1083  -755283 0.999939 0 -1 -0 0
h  1084  -755856 0.999939 0 -1 -0 0
h  1085  -753405 0.999939 0 -1 -0 0
h  1086  -756166 0.999939 0 -1 -0 0
h  1096  -753125 0.999939 0 -1 -0 0
h  1099  -755286 0.999939 0 -1 -0 0
h  1100  -755859 0.999939 0 -1 -0 0
h  1101  -753411 0.999939 0 -1 -0 0
h  1102  -756171 0.999939 0 -1 -0 0
h  1103  -763835 0.999939 0 -1 -0 0
h  1106  -763637 0.999939 0 -1 -0 0
h  1107  -763840 0.999939 0 -1 -0 0
h  1108  -763570 0.999939 0 -1 -0 0
h  1109  -763835 0.999939 0 -1 -0 0
h  1112  -763637 0.999939 0 -1 -0 0
h  1113  -763840 0.999939 0 -1 -0 0
h  1114  -763570 0.999939 0 -1 -0 0
h  1115  -712831 0.999939 0 -1 -0 0
h  1116  -713021 0.999939 0 -1 -0 0
h  1117  -712952 0.999939 0 -1 -0 0
h  1118  -712783 0.999939 0 -1 -0 0
h  1119  -712566 0.999939 0 -1 -0 0
h  1120  -712830 0.999939 0 -1 -0 0
h  1121  -713020 0.999939 0 -1 -0 0
h  1122  -712952 0.999939 0 -1 -0 0
h  1123  -712783 0.999939 0 -1 -0 0
h  1124  -712566 0.999939 0 -1 -0 0
h  1125  -713008 0.999939 0 -1 -0 0
h  1126  -712809 0.999939 0 -1 -0 0
h  1127  -712946 0.999939 0 -1 -0 0
h  1128  -712552 0.999939 0 -1 -0 0
h  1129  -712777 0.999939 0 -1 -0 0
h  1130  -713011 0.999939 0 -1 -0 0
h  1131  -712814 0.999939 0 -1 -0 0
h  1132  -712948 0.999939 0 -1 -0 0
h  1133  -712557 0.999939 0 -1 -0 0
h  1134  -712779 0.999939 0 -1 -0 0
SolidID  29   16 
h  573  -713069 0.999939 0 -1 -0 0
h  574  -712988 0.999939 0 -1 -0 0
h  575  -712989 0.999939 0 -1 -0 0
h  576  -712989 0.999939 0 -1 -0 0
h  577  -713068 0.999939 0 -1 -0 0
h  578  -713045 0.999939 0 -1 -0 0
h  579  -713043 0.999939 0 -1 -0 0
h  580  -713068 0.999939 0 -1 -0 0
h  581  -713044 0.999939 0 -1 -0 0
h  582  -713010 0.999939 0 -1 -0 0
h  583  -713011 0.999939 0 -1 -0 0
h  584  -712989 0.999939 0 -1 -0 0
h  585  -713067 0.999939 0 -1 -0 0
h  586  -713045 0.999939 0 -1 -0 0
h  587  -713011 0.999939 0 -1 -0 0
h  588  -713009 0.999939 0 -1 -0 0
SolidID  35   16 
h  341  -759145 0.999939 0 -1 -0 0
h  342  -762651 0.999939 0 -1 -0 0
h  343  -762028 0.999939 0 -1 -0 0
h  344  -759580 0.999939 0 -1 -0 0
h  345  -760591 0.999939 0 -1 -0 0
h  346  -761530 0.999939 0 -1 -0 0
h  347  -762412 0.999939 0 -1 -0 0
h  348  -760287 0.999939 0 -1 -0 0
h  349  -759650 0.999939 0 -1 -0 0
h  350  -758981 0.999939 0 -1 -0 0
h  351  -758887 0.999939 0 -1 -0 0
h  352  -762688 0.999939 0 -1 -0 0
h  353  -762346 0.999939 0 -1 -0 0
h  354  -760941 0.999939 0 -1 -0 0
h  355  -761624 0.999939 0 -1 -0 0
h  356  -762760 0.999939 0 -1 -0 0
SolidID  41   16 
h  81  -761558 0.999939 0 -1 -0 0
h  82  -761511 0.999939 0 -1 -0 0
h  83  -762388 0.999939 0 -1 -0 0
h  84  -759040 0.999939 0 -1 -0 0
h  85  -758909 0.999939 0 -1 -0 0
h  86  -762623 0.999939 0 -1 -0 0
h  87  -759650 0.999939 0 -1 -0 0
h  88  -760279 0.999939 0 -1 -0 0
h  89  -762006 0.999939 0 -1 -0 0
h  90  -759627 0.999939 0 -1 -0 0
h  91  -760604 0.999939 0 -1 -0 0
h  92  -762596 0.999939 0 -1 -0 0
h  93  -762236 0.999939 0 -1 -0 0
h  94  -762704 0.999939 0 -1 -0 0
h  95  -760926 0.999939 0 -1 -0 0
h  96  -759155 0.999939 0 -1 -0 0
SolidID  47   16 
h  97  -760928 0.999939 0 -1 -0 0
h  98  -760585 0.999939 0 -1 -0 0
h  99  -762386 0.999939 0 -1 -0 0
h  100  -759030 0.999939 0 -1 -0 0
h  101  -758920 0.999939 0 -1 -0 0
h  102  -762621 0.999939 0 -1 -0 0
h  103  -759656 0.999939 0 -1 -0 0
h  104  -760284 0.999939 0 -1 -0 0
h  105  -762005 0.999939 0 -1 -0 0
h  106  -759572 0.999939 0 -1 -0 0
h  107  -761510 0.999939 0 -1 -0 0
h  108  -762594 0.999939 0 -1 -0 0
h  109  -762231 0.999939 0 -1 -0 0
h  110  -762702 0.999939 0 -1 -0 0
h  111  -761549 0.999939 0 -1 -0 0
h  112  -759158 0.999939 0 -1 -0 0
SolidID  6   307 
h  113  -726202 0.999939 0 -1 -0 0
h  114  -726196 0.999939 0 -1 -0 0
h  115  -720643 0.999939 0 -1 -0 0
h  116  -720641 0.999939 0 -1 -0 0
h  117  -738547 0.999939 0 -1 -0 0
h  118  -738540 0.999939 0 -1 -0 0
h  119  -762267 0.999939 0 -1 -0 0
h  120  -762268 0.999939 0 -1 -0 0
h  121  -715192 0.999939 0 -1 -0 0
h  122  -715195 0.999939 0 -1 -0 0
h  123  -762300 0.999939 0 -1 -0 0
h  124  -762301 0.999939 0 -1 -0 0
h  125  -748149 0.999939 0 -1 -0 0
h  126  -748145 0.999939 0 -1 -0 0
h  127  -755676 0.999939 0 -1 -0 0
h  128  -755677 0.999939 0 -1 -0 0
h  129  -763714 0.999939 0 -1 -0 0
h  130  -763714 0.999939 0 -1 -0 0
h  131  -755794 0.999939 0 -1 -0 0
h  132  -755793 0.999939 0 -1 -0 0
h  133  -711495 0.999939 0 -1 -0 0
h  134  -711512 0.999939 0 -1 -0 0
h  135  -711446 0.999939 0 -1 -0 0
h  136  -711452 0.999939 0 -1 -0 0
h  137  -763723 0.999939 0 -1 -0 0
h  138  -763723 0.999939 0 -1 -0 0
h  139  -760829 0.999939 0 -1 -0 0
h  140  -760828 0.999939 0 -1 -0 0
h  141  -760669 0.999939 0 -1 -0 0
h  142  -760672 0.999939 0 -1 -0 0
h  143  -763006 0.999939 0 -1 -0 0
h  144  -763026 0.999939 0 -1 -0 0
h  145  -763008 0.999939 0 -1 -0 0
h  146  -763027 0.999939 0 -1 -0 0
h  147  -723932 0.999939 0 -1 -0 0
h  148  -723911 0.999939 0 -1 -0 0
h  149  -762015 0.999939 0 -1 -0 0
h  150  -762022 0.999939 0 -1 -0 0
h  151  -749425 0.999939 0 -1 -0 0
h  152  -749424 0.999939 0 -1 -0 0
h  153  -762198 0.999939 0 -1 -0 0
h  154  -762198 0.999939 0 -1 -0 0
h  155  -763673 0.999939 0 -1 -0 0
h  156  -763674 0.999939 0 -1 -0 0
h  157  -763683 0.999939 0 -1 -0 0
h  158  -763684 0.999939 0 -1 -0 0
h  159  -737196 0.999939 0 -1 -0 0
h  160  -737150 0.999939 0 -1 -0 0
h  161  -759542 0.999939 0 -1 -0 0
h  162  -759559 0.999939 0 -1 -0 0
h  163  -762586 0.999939 0 -1 -0 0
h  164  -762596 0.999939 0 -1 -0 0
h  165  -762604 0.999939 0 -1 -0 0
h  166  -762605 0.999939 0 -1 -0 0
h  167  -714975 0.999939 0 -1 -0 0
h  168  -714973 0.999939 0 -1 -0 0
h  169  -714991 0.999939 0 -1 -0 0
h  170  -714988 0.999939 0 -1 -0 0
h  171  -761540 0.999939 0 -1 -0 0
h  172  -761561 0.999939 0 -1 -0 0
h  173  -761564 0.999939 0 -1 -0 0
h  174  -761561 0.999939 0 -1 -0 0
h  175  -711594 0.999939 0 -1 -0 0
h  176  -711563 0.999939 0 -1 -0 0
h  177  -711645 0.999939 0 -1 -0 0
h  178  -711638 0.999939 0 -1 -0 0
h  179  -710474 0.999939 0 -1 -0 0
h  180  -710445 0.999939 0 -1 -0 0
h  181  -710490 0.999939 0 -1 -0 0
h  182  -710498 0.999939 0 -1 -0 0
h  183  -759863 0.999939 0 -1 -0 0
h  184  -759864 0.999939 0 -1 -0 0
h  185  -756319 0.999939 0 -1 -0 0
h  186  -756316 0.999939 0 -1 -0 0
h  187  -756309 0.999939 0 -1 -0 0
h  188  -756215 0.999939 0 -1 -0 0
h  189  -708724 0.999939 0 -1 -0 0
h  190  -708717 0.999939 0 -1 -0 0
h  191  -708695 0.999939 0 -1 -0 0
h  192  -708746 0.999939 0 -1 -0 0
h  193  -752929 0.999939 0 -1 -0 0
h  194  -752931 0.999939 0 -1 -0 0
h  195  -762715 0.999939 0 -1 -0 0
h  196  -762737 0.999939 0 -1 -0 0
h  197  -762731 0.999939 0 -1 -0 0
h  198  -762739 0.999939 0 -1 -0 0
h  199  -752939 0.999939 0 -1 -0 0
h  200  -759648 0.999939 0 -1 -0 0
h  201  -759746 0.999939 0 -1 -0 0
h  202  -759748 0.999939 0 -1 -0 0
h  203  -759747 0.999939 0 -1 -0 0
h  204  -752752 0.999939 0 -1 -0 0
h  205  -759940 0.999939 0 -1 -0 0
h  206  -711883 0.999939 0 -1 -0 0
h  207  -711889 0.999939 0 -1 -0 0
h  208  -711890 0.999939 0 -1 -0 0
h  209  -711878 0.999939 0 -1 -0 0
h  210  -713577 0.999939 0 -1 -0 0
h  211  -713574 0.999939 0 -1 -0 0
h  212  -713607 0.999939 0 -1 -0 0
h  213  -713604 0.999939 0 -1 -0 0
h  214  -713022 0.999939 0 -1 -0 0
h  215  -713019 0.999939 0 -1 -0 0
h  216  -712987 0.999939 0 -1 -0 0
h  217  -712980 0.999939 0 -1 -0 0
h  218  -760122 0.999939 0 -1 -0 0
h  219  -760127 0.999939 0 -1 -0 0
h  220  -760134 0.999939 0 -1 -0 0
h  221  -754998 0.999939 0 -1 -0 0
h  222  -761593 0.999939 0 -1 -0 0
h  223  -755709 0.999939 0 -1 -0 0
h  224  -755710 0.999939 0 -1 -0 0
h  225  -755718 0.999939 0 -1 -0 0
h  226  -761667 0.999939 0 -1 -0 0
h  227  -761673 0.999939 0 -1 -0 0
h  228  -761676 0.999939 0 -1 -0 0
h  229  -752674 0.999939 0 -1 -0 0
h  230  -758163 0.999939 0 -1 -0 0
h  231  -763845 0.999939 0 -1 -0 0
h  232  -763845 0.999939 0 -1 -0 0
h  233  -713332 0.999939 0 -1 -0 0
h  234  -713330 0.999939 0 -1 -0 0
h  235  -713340 0.999939 0 -1 -0 0
h  236  -713338 0.999939 0 -1 -0 0
h  237  -763411 0.999939 0 -1 -0 0
h  238  -763413 0.999939 0 -1 -0 0
h  239  -754923 0.999939 0 -1 -0 0
h  240  -754924 0.999939 0 -1 -0 0
h  241  -753532 0.999939 0 -1 -0 0
h  242  -758716 0.999939 0 -1 -0 0
h  243  -758719 0.999939 0 -1 -0 0
h  244  -758729 0.999939 0 -1 -0 0
h  245  -763715 0.999939 0 -1 -0 0
h  246  -763715 0.999939 0 -1 -0 0
h  247  -761610 0.999939 0 -1 -0 0
h  248  -761603 0.999939 0 -1 -0 0
h  249  -761613 0.999939 0 -1 -0 0
h  250  -755303 0.999939 0 -1 -0 0
h  251  -756187 0.999939 0 -1 -0 0
h  252  -756140 0.999939 0 -1 -0 0
h  253  -761535 0.999939 0 -1 -0 0
h  254  -753919 0.999939 0 -1 -0 0
h  255  -758953 0.999939 0 -1 -0 0
h  256  -761256 0.999939 0 -1 -0 0
h  257  -761256 0.999939 0 -1 -0 0
h  258  -759724 0.999939 0 -1 -0 0
h  259  -759728 0.999939 0 -1 -0 0
h  260  -759732 0.999939 0 -1 -0 0
h  261  -763641 0.999939 0 -1 -0 0
h  262  -763641 0.999939 0 -1 -0 0
h  263  -763696 0.999939 0 -1 -0 0
h  264  -763696 0.999939 0 -1 -0 0
h  265  -761143 0.999939 0 -1 -0 0
h  266  -759082 0.999939 0 -1 -0 0
h  267  -759082 0.999939 0 -1 -0 0
h  268  -761151 0.999939 0 -1 -0 0
h  269  -713280 0.999939 0 -1 -0 0
h  270  -713278 0.999939 0 -1 -0 0
h  271  -713278 0.999939 0 -1 -0 0
h  272  -713276 0.999939 0 -1 -0 0
h  273  -713104 0.999939 0 -1 -0 0
h  274  -713103 0.999939 0 -1 -0 0
h  275  -713098 0.999939 0 -1 -0 0
h  276  -713096 0.999939 0 -1 -0 0
h  277  -755395 0.999939 0 -1 -0 0
h  278  -712839 0.999939 0 -1 -0 0
h  279  -712838 0.999939 0 -1 -0 0
h  280  -712839 0.999939 0 -1 -0 0
h  281  -712840 0.999939 0 -1 -0 0
h  282  -762439 0.999939 0 -1 -0 0
h  283  -762450 0.999939 0 -1 -0 0
h  284  -762450 0.999939 0 -1 -0 0
h  285  -762433 0.999939 0 -1 -0 0
h  286  -755347 0.999939 0 -1 -0 0
h  287  -762073 0.999939 0 -1 -0 0
h  288  -762083 0.999939 0 -1 -0 0
h  289  -762084 0.999939 0 -1 -0 0
h  290  -762066 0.999939 0 -1 -0 0
h  291  -760711 0.999939 0 -1 -0 0
h  292  -760718 0.999939 0 -1 -0 0
h  293  -760720 0.999939 0 -1 -0 0
h  294  -756937 0.999939 0 -1 -0 0
h  295  -756902 0.999939 0 -1 -0 0
h  296  -758277 0.999939 0 -1 -0 0
h  297  -758269 0.999939 0 -1 -0 0
h  298  -763620 0.999939 0 -1 -0 0
h  299  -763620 0.999939 0 -1 -0 0
h  300  -763592 0.999939 0 -1 -0 0
h  301  -763592 0.999939 0 -1 -0 0
h  302  -755672 0.999939 0 -1 -0 0
h  303  -760627 0.999939 0 -1 -0 0
h  304  -763398 0.999939 0 -1 -0 0
h  305  -763398 0.999939 0 -1 -0 0
h  306  -763548 0.999939 0 -1 -0 0
h  307  -763549 0.999939 0 -1 -0 0
h  308  -756202 0.999939 0 -1 -0 0
h  309  -756202 0.999939 0 -1 -0 0
h  310  -755685 0.999939 0 -1 -0 0
h  311  -755685 0.999939 0 -1 -0 0
h  312  -760033 0.999939 0 -1 -0 0
h  313  -758183 0.999939 0 -1 -0 0
h  314  -758588 0.999939 0 -1 -0 0
h  315  -758581 0.999939 0 -1 -0 0
h  316  -757570 0.999939 0 -1 -0 0
h  317  -758584 0.999939 0 -1 -0 0
h  318  -759272 0.999939 0 -1 -0 0
h  319  -759272 0.999939 0 -1 -0 0
h  320  -759274 0.999939 0 -1 -0 0
h  321  -763093 0.999939 0 -1 -0 0
h  322  -763093 0.999939 0 -1 -0 0
h  323  -762500 0.999939 0 -1 -0 0
h  324  -762500 0.999939 0 -1 -0 0
h  810  -719221 0.999939 0 -1 -0 0
h  811  -722416 0.999939 0 -1 -0 0
h  812  -715617 0.999939 0 -1 -0 0
h  813  -717345 0.999939 0 -1 -0 0
h  814  -736048 0.999939 0 -1 -0 0
h  815  -727024 0.999939 0 -1 -0 0
h  816  -726277 0.999939 0 -1 -0 0
h  817  -749984 0.999939 0 -1 -0 0
h  818  -741140 0.999939 0 -1 -0 0
h  819  -733878 0.999939 0 -1 -0 0
h  820  -751726 0.999939 0 -1 -0 0
h  821  -739878 0.999939 0 -1 -0 0
h  822  -719218 0.999939 0 -1 -0 0
h  823  -722413 0.999939 0 -1 -0 0
h  824  -715613 0.999939 0 -1 -0 0
h  825  -717342 0.999939 0 -1 -0 0
h  826  -736045 0.999939 0 -1 -0 0
h  827  -727021 0.999939 0 -1 -0 0
h  828  -726275 0.999939 0 -1 -0 0
h  829  -749983 0.999939 0 -1 -0 0
h  830  -741138 0.999939 0 -1 -0 0
h  831  -733876 0.999939 0 -1 -0 0
h  832  -751726 0.999939 0 -1 -0 0
h  833  -739878 0.999939 0 -1 -0 0
h  1016  -763878 0.999939 0 -1 -0 0
h  1019  -763423 0.999939 0 -1 -0 0
h  1020  -763789 0.999939 0 -1 -0 0
h  1021  -763920 0.999939 0 -1 -0 0
h  1022  -763761 0.999939 0 -1 -0 0
h  1023  -762736 0.999939 0 -1 -0 0
h  1024  -763313 0.999939 0 -1 -0 0
h  1028  -763877 0.999939 0 -1 -0 0
h  1032  -763920 0.999939 0 -1 -0 0
h  1033  -763420 0.999939 0 -1 -0 0
h  1034  -763789 0.999939 0 -1 -0 0
h  1035  -763761 0.999939 0 -1 -0 0
h  1036  -762726 0.999939 0 -1 -0 0
h  1037  -763310 0.999939 0 -1 -0 0
h  1042  -763878 0.999939 0 -1 -0 0
h  1045  -763424 0.999939 0 -1 -0 0
h  1046  -763789 0.999939 0 -1 -0 0
h  1047  -763920 0.999939 0 -1 -0 0
h  1048  -763762 0.999939 0 -1 -0 0
h  1049  -762737 0.999939 0 -1 -0 0
h  1050  -763314 0.999939 0 -1 -0 0
h  1054  -763877 0.999939 0 -1 -0 0
h  1058  -763920 0.999939 0 -1 -0 0
h  1059  -763417 0.999939 0 -1 -0 0
h  1060  -763788 0.999939 0 -1 -0 0
h  1061  -763760 0.999939 0 -1 -0 0
h  1062  -762720 0.999939 0 -1 -0 0
h  1063  -763307 0.999939 0 -1 -0 0
h  1064  -753085 0.999939 0 -1 -0 0
h  1067  -755278 0.999939 0 -1 -0 0
h  1068  -755821 0.999939 0 -1 -0 0
h  1069  -756117 0.999939 0 -1 -0 0
h  1070  -753356 0.999939 0 -1 -0 0
h  1080  -753122 0.999939 0 -1 -0 0
h  1083  -755283 0.999939 0 -1 -0 0
h  1084  -755856 0.999939 0 -1 -0 0
h  1085  -753405 0.999939 0 -1 -0 0
h  1086  -756166 0.999939 0 -1 -0 0
h  1096  -753125 0.999939 0 -1 -0 0
h  1099  -755286 0.999939 0 -1 -0 0
h  1100  -755859 0.999939 0 -1 -0 0
h  1101  -753411 0.999939 0 -1 -0 0
h  1102  -756171 0.999939 0 -1 -0 0
h  1103  -763835 0.999939 0 -1 -0 0
h  1106  -763637 0.999939 0 -1 -0 0
h  1107  -763840 0.999939 0 -1 -0 0
h  1108  -763570 0.999939 0 -1 -0 0
h  1109  -763835 0.999939 0 -1 -0 0
h  1112  -763637 0.999939 0 -1 -0 0
h  1113  -763840 0.999939 0 -1 -0 0
h  1114  -763570 0.999939 0 -1 -0 0
h  1115  -712831 0.999939 0 -1 -0 0
h  1116  -713021 0.999939 0 -1 -0 0
h  1117  -712952 0.999939 0 -1 -0 0
h  1118  -712783 0.999939 0 -1 -0 0
h  1119  -712566 0.999939 0 -1 -0 0
h  1120  -712830 0.999939 0 -1 -0 0
h  1121  -713020 0.999939 0 -1 -0 0
h  1122  -712952 0.999939 0 -1 -0 0
h  1123  -712783 0.999939 0 -1 -0 0
h  1124  -712566 0.999939 0 -1 -0 0
h  1125  -713008 0.999939 0 -1 -0 0
h  1126  -712809 0.999939 0 -1 -0 0
h  1127  -712946 0.999939 0 -1 -0 0
h  1128  -712552 0.999939 0 -1 -0 0
h  1129  -712777 0.999939 0 -1 -0 0
h  1130  -713011 0.999939 0 -1 -0 0
h  1131  -712814 0.999939 0 -1 -0 0
h  1132  -712948 0.999939 0 -1 -0 0
h  1133  -712557 0.999939 0 -1 -0 0
h  1134  -712779 0.999939 0 -1 -0 0
SolidID  29   16 
h  573  -713069 0.999939 0 -1 -0 0
h  574  -712988 0.999939 0 -1 -0 0
h  575  -712989 0.999939 0 -1 -0 0
h  576  -712989 0.999939 0 -1 -0 0
h  577  -713068 0.999939 0 -1 -0 0
h  578  -713045 0.999939 0 -1 -0 0
h  579  -713043 0.999939 0 -1 -0 0
h  580  -713068 0.999939 0 -1 -0 0
h  581  -713044 0.999939 0 -1 -0 0
h  582  -713010 0.999939 0 -1 -0 0
h  583  -713011 0.999939 0 -1 -0 0
h  584  -712989 0.999939 0 -1 -0 0
h  585  -713067 0.999939 0 -1 -0 0
h  586  -713045 0.999939 0 -1 -0 0
h  587  -713011 0.999939 0 -1 -0 0
h  588  -713009 0.999939 0 -1 -0 0
SolidID  35   16 
h  341  -759145 0.999939 0 -1 -0 0
h  342  -762651 0.999939 0 -1 -0 0
h  343  -762028 0.999939 0 -1 -0 0
h  344  -759580 0.999939 0 -1 -0 0
h  345  -760591 0.999939 0 -1 -0 0
h  346  -761530 0.999939 0 -1 -0 0
h  347  -762412 0.999939 0 -1 -0 0
h  348  -760287 0.999939 0 -1 -0 0
h  349  -759650 0.999939 0 -1 -0 0
h  350  -758981 0.999939 0 -1 -0 0
h  351  -758887 0.999939 0 -1 -0 0
h  352  -762688 0.999939 0 -1 -0 0
h  353  -762346 0.999939 0 -1 -0 0
h  354  -760941 0.999939 0 -1 -0 0
h  355  -761624 0.999939 0 -1 -0 0
h  356  -762760 0.999939 0 -1 -0 0
SolidID  41   16 
h  81  -761558 0.999939 0 -1 -0 0
h  82  -761511 0.999939 0 -1 -0 0
h  83  -762388 0.999939 0 -1 -0 0
h  84  -759040 0.999939 0 -1 -0 0
h  85  -758909 0.999939 0 -1 -0 0
h  86  -762623 0.999939 0 -1 -0 0
h  87  -759650 0.999939 0 -1 -0 0
h  88  -760279 0.999939 0 -1 -0 0
h  89  -762006 0.999939 0 -1 -0 0
h  90  -759627 0.999939 0 -1 -0 0
h  91  -760604 0.999939 0 -1 -0 0
h  92  -762596 0.999939 0 -1 -0 0
h  93  -762236 0.999939 0 -1 -0 0
h  94  -762704 0.999939 0 -1 -0 0
h  95  -760926 0.999939 0 -1 -0 0
h  96  -759155 0.999939 0 -1 -0 0
SolidID  47   16 
h  97  -760928 0.999939 0 -1 -0 0
h  98  -760585 0.999939 0 -1 -0 0
h  99  -762386 0.999939 0 -1 -0 0
h  100  -759030 0.999939 0 -1 -0 0
h  101  -758920 0.999939 0 -1 -0 0
h  102  -762621 0.999939 0 -1 -0 0
h  103  -759656 0.999939 0 -1 -0 0
h  104  -760284 0.999939 0 -1 -0 0
h  105  -762005 0.999939 0 -1 -0 0
h  106  -759572 0.999939 0 -1 -0 0
h  107  -761510 0.999939 0 -1 -0 0
h  108  -762594 0.999939 0 -1 -0 0
h  109  -762231 0.999939 0 -1 -0 0
h  110  -762702 0.999939 0 -1 -0 0
h  111  -761549 0.999939 0 -1 -0 0
h  112  -759158 0.999939 0 -1 -0 0
SolidID  53   16 
h  325  -762760 0.999939 0 -1 -0 0
h  326  -758887 0.999939 0 -1 -0 0
h  327  -759580 0.999939 0 -1 -0 0
h  328  -762028 0.999939 0 -1 -0 0
h  329  -760591 0.999939 0 -1 -0 0
h  330  -761530 0.999939 0 -1 -0 0
h  331  -758981 0.999939 0 -1 -0 0
h  332  -762412 0.999939 0 -1 -0 0
h  333  -759650 0.999939 0 -1 -0 0
h  334  -760287 0.999939 0 -1 -0 0
h  335  -762651 0.999939 0 -1 -0 0
h  336  -762346 0.999939 0 -1 -0 0
h  337  -762688 0.999939 0 -1 -0 0
h  338  -759145 0.999939 0 -1 -0 0
h  339  -760940 0.999939 0 -1 -0 0
h  340  -761624 0.999939 0 -1 -0 0
E_DATA
B_MESH_DATA
Dim 2 
NumPts 224 
NumElems 387 
1   0.00046194   -0.000191342    0
2   0   0    0
3   0.0005   0    0
4   0   -0.0005    0
5   -0.000191342   -0.00046194    0
6   0.000191342   -0.00046194    0
7   0   0.0005    0
8   0.000191342   0.00046194    0
9   -0.00046194   0.000191342    0
10   -0.0005   0    0
11   -0.000353553   0.000353553    0
12   -0.000353553   -0.000353553    0
13   -0.00046194   -0.000191342    0
14   0.00046194   0.000191342    0
15   0.000353553   0.000353553    0
16   -0.000191342   0.00046194    0
17   0.000353553   -0.000353553    0
18   -0.0191913   0.00253806    0
19   -0.0193536   0.00264645    0
20   -0.019   0.003    0
21   -0.0185381   0.00319134    0
22   -0.0186464   0.00335355    0
23   -0.0185381   0.00280866    0
24   -0.0185   0.003    0
25   -0.0195   0.003    0
26   -0.0194619   0.00319134    0
27   -0.0193536   0.00335355    0
28   -0.0186464   0.00264645    0
29   -0.019   0.0025    0
30   -0.0188087   0.00253806    0
31   -0.0194619   0.00280866    0
32   -0.0188087   0.00346194    0
33   -0.019   0.0035    0
34   -0.0191913   0.00346194    0
35   0.0188087   -0.00346194    0
36   0.0186464   -0.00335355    0
37   0.019   -0.003    0
38   0.0194619   -0.00280866    0
39   0.0193536   -0.00264645    0
40   0.0195   -0.003    0
41   0.0194619   -0.00319134    0
42   0.0185381   -0.00280866    0
43   0.0185   -0.003    0
44   0.0193536   -0.00335355    0
45   0.0186464   -0.00264645    0
46   0.0185381   -0.00319134    0
47   0.0191913   -0.00253806    0
48   0.019   -0.0025    0
49   0.0188087   -0.00253806    0
50   0.0191913   -0.00346194    0
51   0.019   -0.0035    0
52   0.00625879   -0.000314318    0
53   0.00445878   0.004    0
54   0.00809979   0.00227818    0
55   -0.00625878   0.000314308    0
56   -0.00445878   -0.004    0
57   -0.00809977   -0.0022782    0
58   0.00346513   -4.13823e-05    0
59   -0.00346513   4.13817e-05    0
60   0.00932781   -0.000361583    0
61   -0.0093277   0.000361471    0
62   0.0122872   -9.9324e-05    0
63   0.0136695   0.00209724    0
64   0.0156146   -1.77949e-05    0
65   -0.0122866   9.84594e-05    0
66   -0.0136685   -0.00209833    0
67   -0.0156109   1.22478e-05    0
68   0.00213698   0.00167564    0
69   -0.00213698   -0.00167564    0
70   -0.0136654   0.00216612    0
71   0.0136661   -0.00216702    0
72   0.0108434   0.00204768    0
73   -0.0108432   -0.00204787    0
74   0.0152937   0.004    0
75   0.0118537   0.004    0
76   -0.0152937   -0.004    0
77   -0.0118537   -0.004    0
78   0.0108137   -0.00242839    0
79   -0.0108135   0.00242822    0
80   0.00172475   0.004    0
81   -0.00172475   -0.004    0
82   -0.00213698   0.00168472    0
83   -0.00445878   0.004    0
84   -0.00172475   0.004    0
85   0.00213698   -0.00168472    0
86   0.00445878   -0.004    0
87   0.00172475   -0.004    0
88   -0.0118537   0.004    0
89   -0.0152937   0.004    0
90   0.0118537   -0.004    0
91   0.0152937   -0.004    0
92   0.0162659   0.00236746    0
93   -0.0162618   0.00237855    0
94   -0.0162621   -0.00237057    0
95   0.0162628   -0.00238025    0
96   0.00787303   0.004    0
97   -0.00787303   -0.004    0
98   0.01   0.004    0
99   -0.01   -0.004    0
100   0.0175053   0.00136899    0
101   -0.0174857   -0.00138262    0
102   -0.0174857   0.00138499    0
103   0.0174884   -0.00139223    0
104   0.00139798   -3.72798e-06    0
105   -0.00139798   3.72795e-06    0
106   0.0180153   -2.701e-05    0
107   -0.0180056   9.89457e-07    0
108   0.000774773   0.00154661    0
109   -0.000774773   -0.00154661    0
110   0.000774773   -0.00154726    0
111   -0.000774773   0.00154726    0
112   0   0.00267957    0
113   0   -0.00267957    0
114   -0.01   0.004    0
115   0.01   -0.004    0
116   -0.0188095   -0.00120225    0
117   -0.02   0    0
118   -0.0188095   0.00120247    0
119   0.02   -5.58436e-05    0
120   0.0188118   -0.00121841    0
121   0.0188534   0.00113319    0
122   0   0.004    0
123   0   -0.004    0
124   -0.02   0.0016728    0
125   -0.02   -0.0016728    0
126   0.0179395   0.00261664    0
127   -0.0179285   0.00261737    0
128   -0.0179285   -0.00261682    0
129   0.0179291   -0.00261862    0
130   0.02   -0.001681    0
131   0.02   0.00134084    0
132   0.0185377   0.00211314    0
133   0   0.00117155    0
134   0   -0.00117155    0
135   0.00102345   0.000725765    0
136   -0.00102345   -0.000725765    0
137   0.00102345   -0.000727271    0
138   -0.00102345   0.000727271    0
139   -0.0184405   -0.002078    0
140   -0.0184405   0.00207815    0
141   0.0184415   -0.00208189    0
142   0.0192478   0.00208059    0
143   -0.0190348   -0.00208625    0
144   -0.0190348   0.00208626    0
145   0.0190354   -0.00209027    0
146   0.02   0.00234087    0
147   -0.0186464   0.004    0
148   -0.017684   0.004    0
149   0.0186464   -0.004    0
150   0.017684   -0.004    0
151   -0.0191913   -0.00346194    0
152   -0.019   -0.004    0
153   -0.02   -0.004    0
154   0.0191913   0.00346194    0
155   0.019   0.004    0
156   0.02   0.004    0
157   -0.02   0.003    0
158   -0.02   0.004    0
159   0.02   -0.003    0
160   0.02   -0.004    0
161   0.0195   0.003    0
162   0.02   0.00340176    0
163   -0.0192442   0.00366996    0
164   0.0192442   -0.00366996    0
165   -0.0186464   -0.00264645    0
166   0.0193536   0.00264645    0
167   0.0193536   0.00335355    0
168   -0.02   -0.00340903    0
169   -0.0193536   -0.00335355    0
170   0.0186464   0.00264645    0
171   -0.02   -0.00280866    0
172   -0.0195   -0.003    0
173   0.019   0.0025    0
174   -0.0188087   -0.00253806    0
175   0.0194619   0.00280866    0
176   -0.0185381   -0.00280866    0
177   -0.0185   -0.003    0
178   0.0185381   0.00280866    0
179   0.0185   0.003    0
180   -0.0194619   -0.00319134    0
181   0.0194619   0.00319134    0
182   -0.0194619   -0.00280866    0
183   0.0188087   0.00253806    0
184   -0.019   -0.0035    0
185   0.019   0.0035    0
186   0.0188087   0.00346194    0
187   -0.0188087   -0.00346194    0
188   0.0191913   0.00253806    0
189   -0.0191913   -0.00253806    0
190   -0.019   -0.0025    0
191   0.00535878   -0.00215716    0
192   0.00787303   -0.004    0
193   0.00706591   -0.00215716    0
194   0.00893978   -0.00229278    0
195   -0.00535878   0.00215715    0
196   -0.00787303   0.004    0
197   -0.0070659   0.00215715    0
198   -0.00893971   0.00229269    0
199   -0.0164888   0.004    0
200   -0.0172087   0.00330868    0
201   -0.0164888   -0.004    0
202   -0.0172087   -0.00330841    0
203   -0.017684   -0.004    0
204   -0.0185381   -0.00319134    0
205   0.0164888   -0.004    0
206   0.017209   -0.00330931    0
207   0.0164889   0.004    0
208   0.0172142   0.00330832    0
209   0.0176841   0.004    0
210   0.0185381   0.00319134    0
211   -0.02   -0.00224073    0
212   -0.0193536   -0.00264645    0
213   -0.02   0.0023364    0
214   0.02   -0.0023405    0
215   -0.018342   -0.004    0
216   -0.0186464   -0.00335355    0
217   0.0183421   0.004    0
218   0.0186464   0.00335355    0
219   0.000564163   -0.000950405    0
220   -0.000564163   0.000950405    0
221   -0.000564163   -0.000950081    0
222   0.000564163   0.000950081    0
223   -0.019   -0.003    0
224   0.019   0.003    0
573  29  1  2  3 
574  29  4  5  2 
575  29  4  2  6 
576  29  7  8  2 
577  29  9  2  10 
578  29  9  11  2 
579  29  12  13  2 
580  29  14  3  2 
581  29  15  14  2 
582  29  15  2  8 
583  29  11  16  2 
584  29  7  2  16 
585  29  13  10  2 
586  29  1  17  2 
587  29  17  6  2 
588  29  12  2  5 
341  35  18  19  20 
342  35  21  20  22 
343  35  23  20  24 
344  35  25  26  20 
345  35  26  27  20 
346  35  23  28  20 
347  35  21  24  20 
348  35  29  20  30 
349  35  18  20  29 
350  35  31  25  20 
351  35  31  20  19 
352  35  32  20  33 
353  35  34  33  20 
354  35  28  30  20 
355  35  34  20  27 
356  35  32  22  20 
325  53  35  36  37 
326  53  38  37  39 
327  53  40  41  37 
328  53  42  37  43 
329  53  41  44  37 
330  53  42  45  37 
331  53  38  40  37 
332  53  46  43  37 
333  53  47  37  48 
334  53  48  37  49 
335  53  46  37  36 
336  53  50  51  37 
337  53  35  37  51 
338  53  47  39  37 
339  53  45  49  37 
340  53  50  37  44 
113  6  52  53  54 
114  6  55  56  57 
115  6  52  58  53 
116  6  55  59  56 
117  6  52  54  60 
118  6  55  57  61 
119  6  62  63  64 
120  6  65  66  67 
121  6  68  53  58 
122  6  69  56  59 
123  6  65  67  70 
124  6  62  64  71 
125  6  72  60  54 
126  6  73  61  57 
127  6  62  60  72 
128  6  65  61  73 
129  6  74  63  75 
130  6  76  66  77 
131  6  62  78  60 
132  6  65  79  61 
133  6  68  80  53 
134  6  69  81  56 
135  6  82  83  84 
136  6  85  86  87 
137  6  88  70  89 
138  6  90  71  91 
139  6  62  71  78 
140  6  65  70  79 
141  6  62  72  63 
142  6  65  73  66 
143  6  64  63  92 
144  6  70  67  93 
145  6  67  66  94 
146  6  71  64  95 
147  6  96  54  53 
148  6  97  57  56 
149  6  63  72  75 
150  6  66  73  77 
151  6  98  72  54 
152  6  99  73  57 
153  6  88  79  70 
154  6  90  78  71 
155  6  74  92  63 
156  6  76  94  66 
157  6  89  70  93 
158  6  91  71  95 
159  6  96  98  54 
160  6  97  99  57 
161  6  98  75  72 
162  6  99  77  73 
163  6  100  64  92 
164  6  101  67  94 
165  6  102  93  67 
166  6  103  95  64 
167  6  58  104  68 
168  6  59  105  69 
169  6  58  85  104 
170  6  59  82  105 
171  6  106  64  100 
172  6  107  67  101 
173  6  102  67  107 
174  6  103  64  106 
175  6  80  68  108 
176  6  81  69  109 
177  6  87  110  85 
178  6  84  111  82 
179  6  80  108  112 
180  6  81  109  113 
181  6  84  112  111 
182  6  87  113  110 
183  6  88  114  79 
184  6  90  115  78 
185  6  107  116  117 
186  6  107  117  118 
187  6  106  119  120 
188  6  106  121  119 
189  6  122  112  84 
190  6  122  80  112 
191  6  123  81  113 
192  6  123  113  87 
193  6  118  117  124 
194  6  117  116  125 
195  6  92  126  100 
196  6  93  102  127 
197  6  94  128  101 
198  6  95  103  129 
199  6  120  119  130 
200  6  106  100  121 
201  6  107  101  116 
202  6  107  118  102 
203  6  106  120  103 
204  6  119  121  131 
205  6  121  100  132 
206  6  133  112  108 
207  6  134  110  113 
208  6  133  111  112 
209  6  134  113  109 
210  6  135  68  104 
211  6  136  69  105 
212  6  137  104  85 
213  6  138  105  82 
214  6  137  85  110 
215  6  138  82  111 
216  6  135  108  68 
217  6  136  109  69 
218  6  116  101  139 
219  6  140  102  118 
220  6  141  103  120 
221  6  142  131  121 
222  6  132  100  126 
223  6  143  125  116 
224  6  144  118  124 
225  6  145  120  130 
226  6  139  101  128 
227  6  102  140  127 
228  6  103  141  129 
229  6  146  131  142 
230  6  121  132  142 
231  6  22  147  148 
232  6  36  149  150 
233  6  14  135  104 
234  6  13  136  105 
235  6  1  104  137 
236  6  9  105  138 
237  6  151  152  153 
238  6  154  155  156 
239  6  26  157  158 
240  6  41  159  160 
241  6  146  161  162 
242  6  116  139  143 
243  6  118  144  140 
244  6  120  145  141 
245  6  158  147  163 
246  6  160  149  164 
247  6  28  127  140 
248  6  165  139  128 
249  6  45  129  141 
250  6  166  146  142 
251  6  156  162  167 
252  6  153  168  169 
253  6  170  132  126 
254  6  171  172  168 
255  6  173  142  132 
256  6  160  164  44 
257  6  158  163  27 
258  6  174  143  139 
259  6  144  30  140 
260  6  145  49  141 
261  6  21  22  148 
262  6  46  36  150 
263  6  51  164  149 
264  6  33  163  147 
265  6  153  169  151 
266  6  160  44  41 
267  6  158  27  26 
268  6  156  167  154 
269  6  1  3  104 
270  6  9  10  105 
271  6  14  104  3 
272  6  13  105  10 
273  6  1  137  17 
274  6  9  138  11 
275  6  15  135  14 
276  6  12  136  13 
277  6  175  146  166 
278  6  4  6  134 
279  6  4  134  5 
280  6  7  133  8 
281  6  7  16  133 
282  6  176  128  177 
283  6  23  24  127 
284  6  42  43  129 
285  6  178  126  179 
286  6  146  175  161 
287  6  165  128  176 
288  6  23  127  28 
289  6  42  129  45 
290  6  170  126  178 
291  6  165  174  139 
292  6  28  140  30 
293  6  45  141  49 
294  6  172  180  168 
295  6  161  181  162 
296  6  180  169  168 
297  6  167  162  181 
298  6  35  51  149 
299  6  32  33  147 
300  6  35  149  36 
301  6  32  147  22 
302  6  171  182  172 
303  6  170  183  132 
304  6  151  184  152 
305  6  154  185  155 
306  6  186  155  185 
307  6  187  152  184 
308  6  41  40  159 
309  6  26  25  157 
310  6  157  25  31 
311  6  159  40  38 
312  6  173  132  183 
313  6  173  188  142 
314  6  189  143  190 
315  6  18  29  144 
316  6  166  142  188 
317  6  47  48  145 
318  6  190  143  174 
319  6  29  30  144 
320  6  48  49  145 
321  6  50  164  51 
322  6  34  163  33 
323  6  50  44  164 
324  6  34  27  163 
810  6  86  191  192 
811  6  52  191  58 
812  6  191  86  85 
813  6  85  58  191 
814  6  193  52  60 
815  6  52  193  191 
816  6  193  192  191 
817  6  78  194  60 
818  6  194  193  60 
819  6  193  194  192 
820  6  194  78  115 
821  6  115  192  194 
822  6  83  195  196 
823  6  55  195  59 
824  6  195  83  82 
825  6  82  59  195 
826  6  197  55  61 
827  6  55  197  195 
828  6  197  196  195 
829  6  79  198  61 
830  6  198  197  61 
831  6  197  198  196 
832  6  198  79  114 
833  6  114  196  198 
1016  6  199  89  93 
1019  6  127  200  93 
1020  6  200  199  93 
1021  6  199  200  148 
1022  6  21  148  200 
1023  6  127  24  21 
1024  6  21  200  127 
1028  6  76  201  94 
1032  6  202  201  203 
1033  6  202  128  94 
1034  6  201  202  94 
1035  6  202  203  204 
1036  6  204  177  128 
1037  6  128  202  204 
1042  6  205  91  95 
1045  6  129  206  95 
1046  6  206  205  95 
1047  6  205  206  150 
1048  6  46  150  206 
1049  6  129  43  46 
1050  6  46  206  129 
1054  6  74  207  92 
1058  6  208  207  209 
1059  6  208  126  92 
1060  6  207  208  92 
1061  6  208  209  210 
1062  6  210  179  126 
1063  6  126  208  210 
1064  6  171  211  182 
1067  6  212  182  211 
1068  6  189  212  211 
1069  6  143  189  211 
1070  6  211  125  143 
1080  6  213  157  31 
1083  6  213  31  19 
1084  6  213  19  18 
1085  6  144  124  213 
1086  6  213  18  144 
1096  6  214  159  38 
1099  6  214  38  39 
1100  6  214  39  47 
1101  6  145  130  214 
1102  6  214  47  145 
1103  6  215  152  187 
1106  6  215  187  216 
1107  6  204  203  215 
1108  6  215  216  204 
1109  6  217  155  186 
1112  6  217  186  218 
1113  6  210  209  217 
1114  6  217  218  210 
1115  6  110  219  137 
1116  6  219  17  137 
1117  6  17  219  6 
1118  6  134  6  219 
1119  6  219  110  134 
1120  6  111  220  138 
1121  6  220  11  138 
1122  6  11  220  16 
1123  6  133  16  220 
1124  6  220  111  133 
1125  6  12  221  136 
1126  6  221  109  136 
1127  6  221  12  5 
1128  6  134  109  221 
1129  6  221  5  134 
1130  6  15  222  135 
1131  6  222  108  135 
1132  6  222  15  8 
1133  6  133  108  222 
1134  6  222  8  133 
81  41  151  169  223 
82  41  165  176  223 
83  41  204  223  177 
84  41  182  223  172 
85  41  182  212  223 
86  41  204  216  223 
87  41  189  190  223 
88  41  190  174  223 
89  41  176  177  223 
90  41  172  223  180 
91  41  180  223  169 
92  41  187  184  223 
93  41  151  223  184 
94  41  216  187  223 
95  41  165  223  174 
96  41  189  223  212 
97  47  170  224  183 
98  47  167  181  224 
99  47  210  224  179 
100  47  175  224  161 
101  47  175  166  224 
102  47  210  218  224 
103  47  173  224  188 
104  47  173  183  224 
105  47  178  179  224 
106  47  161  224  181 
107  47  170  178  224 
108  47  186  185  224 
109  47  154  224  185 
110  47  218  186  224 
111  47  154  167  224 
112  47  166  188  224 
E_MESH_DATA
