SolidID  69   6 
h  166  -968376 1.04774 0 -0 -1 0
h  167  -968376 1.04774 0 -0 -1 0
h  276  -968376 1.04774 0 -0 -1 0
h  277  -968376 1.04774 0 -0 -1 0
h  303  -968376 1.04774 0 -0 -1 0
h  304  -968376 1.04774 0 -0 -1 0
E_DATA
B_MESH_DATA
Dim 2 
NumPts 7 
NumElems 6 
1   -0.029   0    0
2   -0.0315   0.00287    0
3   -0.0265   0.00287    0
4   -0.0265   -0.00287    0
5   -0.0315   -0.00287    0
6   -0.0265   0    0
7   -0.0315   0    0
166  69  1  2  3 
167  69  1  4  5 
276  69  6  4  1 
277  69  3  6  1 
303  69  7  2  1 
304  69  5  7  1 
E_MESH_DATA
