SolidID  2373   314 
h 319   -261458  0.999939  -0.715266  0.921461  0.388471  0.631463
h 320   -261296  0.999939  -0.715488  0.921461  0.388471  0.631666
h 456   -287858  0.999939  -0.679077  0.921461  0.388471  0.598289
h 641   -292635  0.999939  -0.672527  0.921461  0.388471  0.592286
h 642   -365129  0.999939  -0.573154  0.921461  0.388471  0.501193
h 643   -277421  0.999939  -0.693383  0.921461  0.388471  0.611403
h 644   -292390  0.999939  -0.672864  0.921461  0.388471  0.592594
h 645   -278669  0.999939  -0.691672  0.921461  0.388471  0.609835
h 649   -646834  0.999939  -0.118879  0.921461  0.388471  0.147214
h 650   -524027  0.999939  -0.337785  0.921461  0.388471  0.301528
h 690   -266308  0.999939  -0.708617  0.921461  0.388471  0.625368
h 691   -260965  0.999939  -0.715941  0.921461  0.388471  0.632081
h 693   -248726  0.999939  -0.732718  0.921461  0.388471  0.647461
h 695   -702510  0.999939  0.0512768  0.921461  0.388471  0.0772532
h 696   -383595  0.999939  -0.547402  0.921461  0.388471  0.47799
h 697   -498529  0.999939  -0.378912  0.921461  0.388471  0.333568
h 698   -572881  0.999939  -0.2583  0.921461  0.388471  0.24014
h 699   -484932  0.999939  -0.398845  0.921461  0.388471  0.350654
h 713   -259952  0.999939  -0.71733  0.921461  0.388471  0.633355
h 714   -262979  0.999939  -0.71318  0.921461  0.388471  0.62955
h 727   -274963  0.999939  -0.696752  0.921461  0.388471  0.614492
h 728   -273029  0.999939  -0.699404  0.921461  0.388471  0.616923
h 729   -272085  0.999939  -0.700698  0.921461  0.388471  0.618109
h 730   -267681  0.999939  -0.706735  0.921461  0.388471  0.623642
h 731   -485045  0.999939  -0.398678  0.921461  0.388471  0.350511
h 732   -381475  0.999939  -0.550509  0.921461  0.388471  0.480653
h 733   -361623  0.999939  -0.577961  0.921461  0.388471  0.505599
h 758   -260430  0.999939  -0.716674  0.921461  0.388471  0.632754
h 759   -260784  0.999939  -0.71619  0.921461  0.388471  0.63231
h 760   -258720  0.999939  -0.719018  0.921461  0.388471  0.634902
h 779   -248454  0.999939  -0.733091  0.921461  0.388471  0.647802
h 788   -254131  0.999939  -0.725309  0.921461  0.388471  0.640669
h 789   -247538  0.999939  -0.734347  0.921461  0.388471  0.648954
h 790   -250166  0.999939  -0.730744  0.921461  0.388471  0.645651
h 791   -246933  0.999939  -0.735176  0.921461  0.388471  0.649714
h 792   -247571  0.999939  -0.734301  0.921461  0.388471  0.648912
h 793   -248136  0.999939  -0.733527  0.921461  0.388471  0.648202
h 794   -212125  0.999939  -0.78289  0.921461  0.388471  0.693452
h 799   -758619  0.999939  0.400142  0.921461  0.388471  0.00674937
h 820   -758804  0.999939  0.402813  0.921461  0.388471  0.00651645
h 821   -763811  0.999939  0.527155  0.921461  0.388471  0.00022456
h 824   -740145  0.999939  0.242558  0.921461  0.388471  0.0299626
h 825   -727935  0.999939  0.172035  0.921461  0.388471  0.0453049
h 826   -722711  0.999939  0.144368  0.921461  0.388471  0.0518692
h 842   -274034  0.999939  -0.698027  0.921461  0.388471  0.61566
h 843   -271722  0.999939  -0.701195  0.921461  0.388471  0.618564
h 844   -270998  0.999939  -0.702188  0.921461  0.388471  0.619475
h 845   -269841  0.999939  -0.703773  0.921461  0.388471  0.620928
h 846   -261669  0.999939  -0.714976  0.921461  0.388471  0.631197
h 848   -294620  0.999939  -0.669807  0.921461  0.388471  0.589792
h 849   -323209  0.999939  -0.630618  0.921461  0.388471  0.553869
h 850   -273987  0.999939  -0.698091  0.921461  0.388471  0.615719
h 851   -286248  0.999939  -0.681284  0.921461  0.388471  0.600312
h 861   -209029  0.999939  -0.787134  0.921461  0.388471  0.697342
h 862   -151299  0.999939  -0.865901  0.921461  0.388471  0.769884
h 875   -493302  0.999939  -0.386573  0.921461  0.388471  0.340136
h 876   -665348  0.999939  -0.0732573  0.921461  0.388471  0.123949
h 877   -596992  0.999939  -0.215885  0.921461  0.388471  0.209843
h 878   -604888  0.999939  -0.201996  0.921461  0.388471  0.199922
h 879   -530279  0.999939  -0.327686  0.921461  0.388471  0.293673
h 880   -530047  0.999939  -0.32806  0.921461  0.388471  0.293964
h 954   -242573  0.999939  -0.741153  0.921461  0.388471  0.655193
h 955   -290004  0.999939  -0.676134  0.921461  0.388471  0.595592
h 956   -420709  0.999939  -0.492993  0.921461  0.388471  0.431353
h 957   -342024  0.999939  -0.604826  0.921461  0.388471  0.530226
h 958   -414820  0.999939  -0.501626  0.921461  0.388471  0.438753
h 959   -401596  0.999939  -0.521013  0.921461  0.388471  0.45537
h 960   -460980  0.999939  -0.433957  0.921461  0.388471  0.380751
h 961   -559983  0.999939  -0.279697  0.921461  0.388471  0.256347
h 964   -506701  0.999939  -0.365778  0.921461  0.388471  0.3233
h 965   -620139  0.999939  -0.174782  0.921461  0.388471  0.180757
h 966   -652129  0.999939  -0.106477  0.921461  0.388471  0.14056
h 967   -681628  0.999939  -0.0255467  0.921461  0.388471  0.103493
h 969   -754417  0.999939  0.353498  0.921461  0.388471  0.0120295
h 970   -763972  0.999939  0.551591  0.921461  0.388471  2.23248e-05
h 1003   -247357  0.999939  -0.734594  0.921461  0.388471  0.64918
h 1004   -246240  0.999939  -0.736125  0.921461  0.388471  0.650584
h 1017   -250122  0.999939  -0.730804  0.921461  0.388471  0.645706
h 1018   -257013  0.999939  -0.721359  0.921461  0.388471  0.637048
h 1019   -249976  0.999939  -0.731004  0.921461  0.388471  0.64589
h 1028   -763986  0.999939  0.83736  0.921461  0.388471  5.24158e-06
h 1029   -763979  0.999939  0.681863  0.921461  0.388471  1.43679e-05
h 1037   -762907  0.999939  0.477092  0.921461  0.388471  0.00136072
h 1038   -755623  0.999939  0.366118  0.921461  0.388471  0.010514
h 1052   -371115  0.999939  -0.564948  0.921461  0.388471  0.493671
h 1054   -270585  0.999939  -0.702753  0.921461  0.388471  0.619993
h 1055   -271917  0.999939  -0.700928  0.921461  0.388471  0.618319
h 1058   -261080  0.999939  -0.715783  0.921461  0.388471  0.631937
h 1059   -263993  0.999939  -0.711791  0.921461  0.388471  0.628277
h 1060   -369443  0.999939  -0.56724  0.921461  0.388471  0.495772
h 1069   -268099  0.999939  -0.706162  0.921461  0.388471  0.623117
h 1070   -269301  0.999939  -0.704514  0.921461  0.388471  0.621607
h 1073   -313309  0.999939  -0.644189  0.921461  0.388471  0.566308
h 1074   -333594  0.999939  -0.616382  0.921461  0.388471  0.540819
h 1075   -324942  0.999939  -0.628242  0.921461  0.388471  0.551691
h 1076   -289662  0.999939  -0.676604  0.921461  0.388471  0.596023
h 1077   -282935  0.999939  -0.685825  0.921461  0.388471  0.604475
h 1078   -0  0.999939  -1.14365  0.921461  0.388471  0.96
h 1079   -0  0.999939  -1.09592  0.921461  0.388471  0.96
h 1091   -727821  0.999939  0.171424  0.921461  0.388471  0.0454489
h 1092   -742383  0.999939  0.257888  0.921461  0.388471  0.027151
h 1093   -696597  0.999939  0.0269423  0.921461  0.388471  0.0846836
h 1094   -699606  0.999939  0.0392314  0.921461  0.388471  0.0809025
h 1098   -595743  0.999939  -0.218084  0.921461  0.388471  0.211413
h 1099   -549042  0.999939  -0.297372  0.921461  0.388471  0.270095
h 1102   -675351  0.999939  -0.0446998  0.921461  0.388471  0.111381
h 1103   -632197  0.999939  -0.149531  0.921461  0.388471  0.165606
h 1104   -625285  0.999939  -0.164005  0.921461  0.388471  0.174291
h 1108   -490283  0.999939  -0.391  0.921461  0.388471  0.34393
h 1171   -246590  0.999939  -0.735647  0.921461  0.388471  0.650145
h 1172   -247357  0.999939  -0.734594  0.921461  0.388471  0.649181
h 1178   -251439  0.999939  -0.728999  0.921461  0.388471  0.644051
h 1179   -255837  0.999939  -0.722971  0.921461  0.388471  0.638526
h 1180   -254498  0.999939  -0.724806  0.921461  0.388471  0.640208
h 1181   -251680  0.999939  -0.728668  0.921461  0.388471  0.643748
h 1182   -254502  0.999939  -0.724801  0.921461  0.388471  0.640203
h 1185   -252215  0.999939  -0.727935  0.921461  0.388471  0.643077
h 1186   -251135  0.999939  -0.729415  0.921461  0.388471  0.644433
h 1187   -248941  0.999939  -0.732424  0.921461  0.388471  0.647191
h 1205   -763978  0.999939  0.671578  0.921461  0.388471  1.48338e-05
h 1206   -763987  0.999939  0.864105  0.921461  0.388471  3.32568e-06
h 1257   -267704  0.999939  -0.706703  0.921461  0.388471  0.623614
h 1271   -257234  0.999939  -0.721056  0.921461  0.388471  0.63677
h 1272   -261133  0.999939  -0.71571  0.921461  0.388471  0.63187
h 1273   -261089  0.999939  -0.715771  0.921461  0.388471  0.631926
h 1274   -252544  0.999939  -0.727485  0.921461  0.388471  0.642664
h 1275   -252621  0.999939  -0.727379  0.921461  0.388471  0.642567
h 1276   -247040  0.999939  -0.73503  0.921461  0.388471  0.64958
h 1277   -247900  0.999939  -0.733851  0.921461  0.388471  0.648499
h 1278   -247681  0.999939  -0.73415  0.921461  0.388471  0.648774
h 1281   -246976  0.999939  -0.735116  0.921461  0.388471  0.649659
h 1282   -245637  0.999939  -0.736952  0.921461  0.388471  0.651342
h 1310   -250771  0.999939  -0.729914  0.921461  0.388471  0.644891
h 1311   -248065  0.999939  -0.733624  0.921461  0.388471  0.648292
h 1323   -447400  0.999939  -0.453865  0.921461  0.388471  0.397814
h 1324   -392858  0.999939  -0.533823  0.921461  0.388471  0.466351
h 1325   -416829  0.999939  -0.498682  0.921461  0.388471  0.436229
h 1326   -438391  0.999939  -0.467072  0.921461  0.388471  0.409135
h 1327   -712780  0.999939  0.0965945  0.921461  0.388471  0.0643486
h 1328   -676186  0.999939  -0.0421528  0.921461  0.388471  0.110332
h 1329   -718922  0.999939  0.126106  0.921461  0.388471  0.0566305
h 1330   -735209  0.999939  0.212852  0.921461  0.388471  0.0361659
h 1331   -657126  0.999939  -0.0939195  0.921461  0.388471  0.134281
h 1332   -681166  0.999939  -0.0269561  0.921461  0.388471  0.104074
h 1334   -709390  0.999939  0.0816347  0.921461  0.388471  0.0686085
h 1337   -685937  0.999939  -0.0123989  0.921461  0.388471  0.098079
h 1338   -680419  0.999939  -0.0292341  0.921461  0.388471  0.105012
h 1339   -658401  0.999939  -0.0907168  0.921461  0.388471  0.13268
h 1340   -646698  0.999939  -0.119164  0.921461  0.388471  0.147385
h 1341   -668748  0.999939  -0.0647149  0.921461  0.388471  0.119678
h 1350   -622765  0.999939  -0.169282  0.921461  0.388471  0.177457
h 1351   -608253  0.999939  -0.196077  0.921461  0.388471  0.195694
h 1352   -573729  0.999939  -0.256809  0.921461  0.388471  0.239075
h 1353   -532163  0.999939  -0.324642  0.921461  0.388471  0.291305
h 1354   -540076  0.999939  -0.311858  0.921461  0.388471  0.281362
h 1374   -245940  0.999939  -0.736538  0.921461  0.388471  0.650962
h 1375   -245988  0.999939  -0.736471  0.921461  0.388471  0.650901
h 1376   -245724  0.999939  -0.736833  0.921461  0.388471  0.651232
h 1377   -277725  0.999939  -0.692966  0.921461  0.388471  0.611021
h 1378   -304199  0.999939  -0.656676  0.921461  0.388471  0.577755
h 1379   -324444  0.999939  -0.628925  0.921461  0.388471  0.552316
h 1380   -299414  0.999939  -0.663236  0.921461  0.388471  0.583768
h 1381   -275236  0.999939  -0.696379  0.921461  0.388471  0.614149
h 1382   -303691  0.999939  -0.657373  0.921461  0.388471  0.578394
h 1383   -299222  0.999939  -0.663499  0.921461  0.388471  0.58401
h 1384   -271063  0.999939  -0.702098  0.921461  0.388471  0.619393
h 1385   -276531  0.999939  -0.694603  0.921461  0.388471  0.612522
h 1395   -254590  0.999939  -0.72468  0.921461  0.388471  0.640092
h 1396   -248930  0.999939  -0.732438  0.921461  0.388471  0.647204
h 1399   -247869  0.999939  -0.733893  0.921461  0.388471  0.648538
h 1400   -246121  0.999939  -0.736289  0.921461  0.388471  0.650734
h 1401   -245629  0.999939  -0.736964  0.921461  0.388471  0.651352
h 1408   -253723  0.999939  -0.725868  0.921461  0.388471  0.641181
h 1409   -249041  0.999939  -0.732286  0.921461  0.388471  0.647065
h 1415   -260179  0.999939  -0.717019  0.921461  0.388471  0.63307
h 1416   -261020  0.999939  -0.715865  0.921461  0.388471  0.632012
h 1417   -262661  0.999939  -0.713616  0.921461  0.388471  0.62995
h 1498   -285631  0.999939  -0.682129  0.921461  0.388471  0.601087
h 1499   -307233  0.999939  -0.652518  0.921461  0.388471  0.573943
h 1500   -296406  0.999939  -0.66736  0.921461  0.388471  0.587548
h 1501   -285933  0.999939  -0.681715  0.921461  0.388471  0.600707
h 1502   -285123  0.999939  -0.682825  0.921461  0.388471  0.601725
h 1503   -302390  0.999939  -0.659156  0.921461  0.388471  0.580029
h 1504   -288567  0.999939  -0.678104  0.921461  0.388471  0.597398
h 1505   -283932  0.999939  -0.684458  0.921461  0.388471  0.603223
h 1506   -284899  0.999939  -0.683133  0.921461  0.388471  0.602007
h 1507   -273614  0.999939  -0.698602  0.921461  0.388471  0.616187
h 1508   -273610  0.999939  -0.698607  0.921461  0.388471  0.616192
h 1509   -371964  0.999939  -0.563786  0.921461  0.388471  0.492605
h 1510   -420805  0.999939  -0.492852  0.921461  0.388471  0.431233
h 1511   -426092  0.999939  -0.485102  0.921461  0.388471  0.42459
h 1512   -413653  0.999939  -0.503337  0.921461  0.388471  0.44022
h 1521   -357007  0.999939  -0.584288  0.921461  0.388471  0.5114
h 1522   -362053  0.999939  -0.577371  0.921461  0.388471  0.505058
h 1533   -334232  0.999939  -0.615508  0.921461  0.388471  0.540018
h 1536   -380755  0.999939  -0.551565  0.921461  0.388471  0.481559
h 1537   -379336  0.999939  -0.553646  0.921461  0.388471  0.483342
h 1541   -282590  0.999939  -0.686298  0.921461  0.388471  0.604909
h 1542   -302696  0.999939  -0.658736  0.921461  0.388471  0.579644
h 1545   -730899  0.999939  0.187856  0.921461  0.388471  0.0415806
h 1546   -714973  0.999939  0.107071  0.921461  0.388471  0.0615932
h 1549   -678497  0.999939  -0.0351003  0.921461  0.388471  0.107427
h 1550   -654266  0.999939  -0.101106  0.921461  0.388471  0.137875
h 1568   -247181  0.999939  -0.734836  0.921461  0.388471  0.649402
h 1569   -247558  0.999939  -0.734319  0.921461  0.388471  0.648928
h 1570   -245869  0.999939  -0.736634  0.921461  0.388471  0.651051
h 1577   -246508  0.999939  -0.735758  0.921461  0.388471  0.650247
h 1578   -245421  0.999939  -0.737248  0.921461  0.388471  0.651613
h 1604   -269562  0.999939  -0.704156  0.921461  0.388471  0.621279
h 1605   -262935  0.999939  -0.713241  0.921461  0.388471  0.629606
h 1612   -258318  0.999939  -0.719569  0.921461  0.388471  0.635407
h 1613   -253737  0.999939  -0.725849  0.921461  0.388471  0.641164
h 1627   -644486  0.999939  -0.123796  0.921461  0.388471  0.150164
h 1628   -644285  0.999939  -0.124217  0.921461  0.388471  0.150417
h 1629   -614266  0.999939  -0.185498  0.921461  0.388471  0.188137
h 1630   -616244  0.999939  -0.18202  0.921461  0.388471  0.185652
h 1631   -608560  0.999939  -0.195537  0.921461  0.388471  0.195308
h 1632   -582628  0.999939  -0.241155  0.921461  0.388471  0.227893
h 1633   -593161  0.999939  -0.222625  0.921461  0.388471  0.214657
h 1634   -599614  0.999939  -0.211273  0.921461  0.388471  0.206548
h 1641   -404401  0.999939  -0.516901  0.921461  0.388471  0.451846
h 1642   -425346  0.999939  -0.486196  0.921461  0.388471  0.425527
h 1649   -533134  0.999939  -0.323073  0.921461  0.388471  0.290085
h 1650   -542957  0.999939  -0.307203  0.921461  0.388471  0.277742
h 1655   -563265  0.999939  -0.274394  0.921461  0.388471  0.252223
h 1656   -572598  0.999939  -0.258798  0.921461  0.388471  0.240495
h 1657   -506431  0.999939  -0.366213  0.921461  0.388471  0.323639
h 1658   -494496  0.999939  -0.384824  0.921461  0.388471  0.338636
h 1659   -466131  0.999939  -0.426406  0.921461  0.388471  0.374278
h 1660   -450254  0.999939  -0.449681  0.921461  0.388471  0.394228
h 1661   -579983  0.999939  -0.245807  0.921461  0.388471  0.231216
h 1662   -525766  0.999939  -0.334977  0.921461  0.388471  0.299343
h 1663   -547826  0.999939  -0.299338  0.921461  0.388471  0.271624
h 1664   -573073  0.999939  -0.257962  0.921461  0.388471  0.239899
h 1667   -448856  0.999939  -0.451731  0.921461  0.388471  0.395985
h 1668   -472111  0.999939  -0.417639  0.921461  0.388471  0.366764
h 1689   -258873  0.999939  -0.718809  0.921461  0.388471  0.634711
h 1690   -270453  0.999939  -0.702934  0.921461  0.388471  0.620159
h 1693   -245267  0.999939  -0.73746  0.921461  0.388471  0.651807
h 1694   -244919  0.999939  -0.737936  0.921461  0.388471  0.652244
h 1697   -253904  0.999939  -0.72562  0.921461  0.388471  0.640954
h 1698   -258866  0.999939  -0.718818  0.921461  0.388471  0.634719
h 1699   -257696  0.999939  -0.720422  0.921461  0.388471  0.636189
h 1700   -247724  0.999939  -0.734091  0.921461  0.388471  0.648719
h 1701   -248449  0.999939  -0.733097  0.921461  0.388471  0.647808
h 1707   -245422  0.999939  -0.737247  0.921461  0.388471  0.651612
h 1708   -246086  0.999939  -0.736337  0.921461  0.388471  0.650778
h 1721   -248251  0.999939  -0.733369  0.921461  0.388471  0.648057
h 1722   -252999  0.999939  -0.72686  0.921461  0.388471  0.642091
h 1723   -254681  0.999939  -0.724555  0.921461  0.388471  0.639978
h 1724   -253876  0.999939  -0.725659  0.921461  0.388471  0.64099
h 1725   -249166  0.999939  -0.732115  0.921461  0.388471  0.646908
h 1726   -249630  0.999939  -0.731479  0.921461  0.388471  0.646325
h 1729   -249287  0.999939  -0.731949  0.921461  0.388471  0.646756
h 1730   -251509  0.999939  -0.728903  0.921461  0.388471  0.643964
h 1742   -253991  0.999939  -0.725501  0.921461  0.388471  0.640845
h 1743   -256978  0.999939  -0.721407  0.921461  0.388471  0.637092
h 1751   -245526  0.999939  -0.737104  0.921461  0.388471  0.651482
h 1752   -246198  0.999939  -0.736184  0.921461  0.388471  0.650638
h 1753   -246636  0.999939  -0.735582  0.921461  0.388471  0.650086
h 1754   -246136  0.999939  -0.736268  0.921461  0.388471  0.650715
h 1834   -387314  0.999939  -0.541949  0.921461  0.388471  0.473316
h 1835   -368460  0.999939  -0.568588  0.921461  0.388471  0.497008
h 1838   -285303  0.999939  -0.682578  0.921461  0.388471  0.601499
h 1839   -276714  0.999939  -0.694352  0.921461  0.388471  0.612292
h 1842   -292442  0.999939  -0.672793  0.921461  0.388471  0.592529
h 1843   -292285  0.999939  -0.673007  0.921461  0.388471  0.592726
h 1844   -303270  0.999939  -0.65795  0.921461  0.388471  0.578923
h 1845   -304344  0.999939  -0.656478  0.921461  0.388471  0.577573
h 1846   -322907  0.999939  -0.631031  0.921461  0.388471  0.554247
h 1847   -312131  0.999939  -0.645803  0.921461  0.388471  0.567788
h 1848   -325963  0.999939  -0.626843  0.921461  0.388471  0.550408
h 1849   -310815  0.999939  -0.647608  0.921461  0.388471  0.569442
h 1850   -346176  0.999939  -0.599135  0.921461  0.388471  0.525009
h 1852   -324163  0.999939  -0.62931  0.921461  0.388471  0.552669
h 1853   -331132  0.999939  -0.619757  0.921461  0.388471  0.543913
h 1907   -502281  0.999939  -0.372918  0.921461  0.388471  0.328854
h 1908   -509108  0.999939  -0.361889  0.921461  0.388471  0.320275
h 1911   -247568  0.999939  -0.734306  0.921461  0.388471  0.648916
h 1912   -251967  0.999939  -0.728275  0.921461  0.388471  0.643388
h 1915   -246115  0.999939  -0.736296  0.921461  0.388471  0.650741
h 1916   -247638  0.999939  -0.734209  0.921461  0.388471  0.648828
h 1920   -244990  0.999939  -0.737839  0.921461  0.388471  0.652155
h 1921   -245491  0.999939  -0.737152  0.921461  0.388471  0.651525
h 1925   -306423  0.999939  -0.653628  0.921461  0.388471  0.574961
h 1926   -295889  0.999939  -0.668068  0.921461  0.388471  0.588198
h 1990   -256676  0.999939  -0.72182  0.921461  0.388471  0.63747
h 1991   -256890  0.999939  -0.721526  0.921461  0.388471  0.637202
h 1997   -253815  0.999939  -0.725743  0.921461  0.388471  0.641067
h 1998   -221415  0.999939  -0.770156  0.921461  0.388471  0.681779
h 1999   -213410  0.999939  -0.781129  0.921461  0.388471  0.691838
h 2000   -254819  0.999939  -0.724366  0.921461  0.388471  0.639805
h 2001   -254074  0.999939  -0.725387  0.921461  0.388471  0.64074
h 2005   -27705.9  0.999939  -1.02938  0.921461  0.388471  0.925186
h 2006   -90676.1  0.999939  -0.946086  0.921461  0.388471  0.84606
h 2007   -172615  0.999939  -0.83705  0.921461  0.388471  0.743099
h 2008   -161079  0.999939  -0.852863  0.921461  0.388471  0.757594
h 2009   -144457  0.999939  -0.874951  0.921461  0.388471  0.778481
h 2010   -91120.4  0.999939  -0.945499  0.921461  0.388471  0.845502
h 2029   -256885  0.999939  -0.721533  0.921461  0.388471  0.637208
h 2030   -256437  0.999939  -0.722148  0.921461  0.388471  0.637771
h 2031   -256726  0.999939  -0.721752  0.921461  0.388471  0.637409
h 2034   -254038  0.999939  -0.725436  0.921461  0.388471  0.640786
h 2035   -256822  0.999939  -0.72162  0.921461  0.388471  0.637288
h 2040   -256009  0.999939  -0.722735  0.921461  0.388471  0.63831
h 2041   -254757  0.999939  -0.724451  0.921461  0.388471  0.639882
h 2044   -252200  0.999939  -0.727955  0.921461  0.388471  0.643095
h 2045   -230190  0.999939  -0.758127  0.921461  0.388471  0.670752
h 2046   -253568  0.999939  -0.726081  0.921461  0.388471  0.641377
h 2047   -254014  0.999939  -0.72547  0.921461  0.388471  0.640816
h 2049   -227374  0.999939  -0.761987  0.921461  0.388471  0.674291
h 2050   -241056  0.999939  -0.743232  0.921461  0.388471  0.657098
h 2053   -66368  0.999939  -0.978239  0.921461  0.388471  0.876605
h 2054   -157936  0.999939  -0.857122  0.921461  0.388471  0.761543
SolidID  2424   299 
h 455   -480127  0.999939  -0.405888  0.388471  0.921461  0.356691
h 647   -643258  0.999939  -0.126368  0.388471  0.921461  0.151708
h 683   -599222  0.999939  -0.211963  0.388471  0.921461  0.207041
h 684   -563763  0.999939  -0.27359  0.388471  0.921461  0.251597
h 685   -616997  0.999939  -0.180695  0.388471  0.921461  0.184706
h 689   -521391  0.999939  -0.342045  0.388471  0.921461  0.304841
h 694   -543341  0.999939  -0.306584  0.388471  0.921461  0.277259
h 712   -521122  0.999939  -0.342479  0.388471  0.921461  0.305179
h 715   -541895  0.999939  -0.308919  0.388471  0.921461  0.279076
h 721   -492166  0.999939  -0.388239  0.388471  0.921461  0.341563
h 723   -531101  0.999939  -0.326357  0.388471  0.921461  0.292639
h 736   -485883  0.999939  -0.39745  0.388471  0.921461  0.349458
h 737   -480681  0.999939  -0.405076  0.388471  0.921461  0.355995
h 738   -487072  0.999939  -0.395707  0.388471  0.921461  0.347964
h 739   -486058  0.999939  -0.397194  0.388471  0.921461  0.349239
h 740   -486462  0.999939  -0.396601  0.388471  0.921461  0.34873
h 741   -479643  0.999939  -0.406597  0.388471  0.921461  0.357299
h 742   -484975  0.999939  -0.398781  0.388471  0.921461  0.350599
h 743   -485589  0.999939  -0.397881  0.388471  0.921461  0.349828
h 744   -478353  0.999939  -0.408489  0.388471  0.921461  0.35892
h 745   -517775  0.999939  -0.347886  0.388471  0.921461  0.309384
h 746   -508709  0.999939  -0.362533  0.388471  0.921461  0.320776
h 747   -503770  0.999939  -0.370512  0.388471  0.921461  0.326982
h 748   -497240  0.999939  -0.380801  0.388471  0.921461  0.335187
h 774   -572459  0.999939  -0.259042  0.388471  0.921461  0.24067
h 775   -517607  0.999939  -0.348158  0.388471  0.921461  0.309596
h 776   -492593  0.999939  -0.387613  0.388471  0.921461  0.341026
h 777   -497766  0.999939  -0.38003  0.388471  0.921461  0.334527
h 781   -497364  0.999939  -0.380619  0.388471  0.921461  0.335032
h 782   -486522  0.999939  -0.396514  0.388471  0.921461  0.348656
h 783   -476449  0.999939  -0.41128  0.388471  0.921461  0.361313
h 784   -470844  0.999939  -0.419496  0.388471  0.921461  0.368355
h 785   -515701  0.999939  -0.351237  0.388471  0.921461  0.31199
h 786   -526997  0.999939  -0.332988  0.388471  0.921461  0.297797
h 787   -460240  0.999939  -0.435042  0.388471  0.921461  0.38168
h 796   -509061  0.999939  -0.361964  0.388471  0.921461  0.320334
h 798   -689531  0.999939  -0.00143234  0.388471  0.921461  0.0935629
h 817   -495294  0.999939  -0.383654  0.388471  0.921461  0.337633
h 818   -554488  0.999939  -0.288575  0.388471  0.921461  0.263252
h 819   -523246  0.999939  -0.339047  0.388471  0.921461  0.302509
h 865   -684422  0.999939  -0.0170191  0.388471  0.921461  0.0999816
h 866   -656760  0.999939  -0.0948406  0.388471  0.921461  0.134742
h 871   -643508  0.999939  -0.125843  0.388471  0.921461  0.151393
h 872   -654547  0.999939  -0.1004  0.388471  0.921461  0.137521
h 874   -632610  0.999939  -0.148666  0.388471  0.921461  0.165087
h 905   -540581  0.999939  -0.311042  0.388471  0.921461  0.280727
h 906   -520929  0.999939  -0.342791  0.388471  0.921461  0.305421
h 907   -523029  0.999939  -0.339398  0.388471  0.921461  0.302782
h 909   -412716  0.999939  -0.504712  0.388471  0.921461  0.441398
h 910   -296470  0.999939  -0.667272  0.388471  0.921461  0.587468
h 911   -414676  0.999939  -0.501837  0.388471  0.921461  0.438934
h 912   -366574  0.999939  -0.571174  0.388471  0.921461  0.499377
h 914   -569004  0.999939  -0.265121  0.388471  0.921461  0.245012
h 939   -562089  0.999939  -0.276294  0.388471  0.921461  0.253701
h 940   -522638  0.999939  -0.34003  0.388471  0.921461  0.303274
h 941   -591380  0.999939  -0.225759  0.388471  0.921461  0.216896
h 942   -581268  0.999939  -0.243547  0.388471  0.921461  0.229602
h 943   -590660  0.999939  -0.227024  0.388471  0.921461  0.217799
h 944   -634457  0.999939  -0.144798  0.388471  0.921461  0.162766
h 945   -665236  0.999939  -0.0735387  0.388471  0.921461  0.12409
h 946   -717345  0.999939  0.118503  0.388471  0.921461  0.0586126
h 947   -693832  0.999939  0.0156516  0.388471  0.921461  0.0881575
h 948   -678296  0.999939  -0.0357136  0.388471  0.921461  0.10768
h 949   -730911  0.999939  0.18792  0.388471  0.921461  0.0415655
h 950   -746848  0.999939  0.288925  0.388471  0.921461  0.0215401
h 952   -763974  0.999939  0.581537  0.388471  0.921461  2.03965e-05
h 953   -763982  0.999939  0.755566  0.388471  0.921461  9.77297e-06
h 981   -607812  0.999939  -0.196852  0.388471  0.921461  0.196247
h 982   -582392  0.999939  -0.241569  0.388471  0.921461  0.228189
h 998   -639756  0.999939  -0.133701  0.388471  0.921461  0.156108
h 999   -662279  0.999939  -0.0809695  0.388471  0.921461  0.127806
h 1000   -563988  0.999939  -0.273227  0.388471  0.921461  0.251315
h 1001   -550940  0.999939  -0.294306  0.388471  0.921461  0.26771
h 1002   -550669  0.999939  -0.294744  0.388471  0.921461  0.268051
h 1012   -529245  0.999939  -0.329355  0.388471  0.921461  0.294971
h 1013   -538580  0.999939  -0.314275  0.388471  0.921461  0.283242
h 1014   -540003  0.999939  -0.311976  0.388471  0.921461  0.281454
h 1015   -545164  0.999939  -0.303639  0.388471  0.921461  0.274969
h 1016   -545309  0.999939  -0.303404  0.388471  0.921461  0.274786
h 1020   -514001  0.999939  -0.353984  0.388471  0.921461  0.314127
h 1021   -509174  0.999939  -0.361781  0.388471  0.921461  0.320192
h 1024   -533139  0.999939  -0.323065  0.388471  0.921461  0.290078
h 1025   -538329  0.999939  -0.31468  0.388471  0.921461  0.283556
h 1034   -410573  0.999939  -0.507852  0.388471  0.921461  0.44409
h 1035   -446227  0.999939  -0.455584  0.388471  0.921461  0.399288
h 1087   -685127  0.999939  -0.0148697  0.388471  0.921461  0.0990964
h 1088   -669441  0.999939  -0.0627345  0.388471  0.921461  0.118807
h 1144   -547035  0.999939  -0.300615  0.388471  0.921461  0.272617
h 1145   -530177  0.999939  -0.32785  0.388471  0.921461  0.2938
h 1152   -492184  0.999939  -0.388212  0.388471  0.921461  0.34154
h 1153   -400764  0.999939  -0.522232  0.388471  0.921461  0.456415
h 1160   -243350  0.999939  -0.740087  0.388471  0.921461  0.654216
h 1161   -21284.2  0.999939  -1.03787  0.388471  0.921461  0.933255
h 1164   -570407  0.999939  -0.262652  0.388471  0.921461  0.243249
h 1165   -578476  0.999939  -0.248459  0.388471  0.921461  0.23311
h 1169   -555528  0.999939  -0.286894  0.388471  0.921461  0.261945
h 1170   -545859  0.999939  -0.302515  0.388471  0.921461  0.274095
h 1177   -564361  0.999939  -0.272623  0.388471  0.921461  0.250846
h 1190   -555131  0.999939  -0.287536  0.388471  0.921461  0.262444
h 1191   -556913  0.999939  -0.284657  0.388471  0.921461  0.260205
h 1195   -697353  0.999939  0.0300311  0.388471  0.921461  0.0837332
h 1196   -743692  0.999939  0.266987  0.388471  0.921461  0.0255062
h 1209   -603079  0.999939  -0.205178  0.388471  0.921461  0.202194
h 1210   -613899  0.999939  -0.186144  0.388471  0.921461  0.188599
h 1211   -581995  0.999939  -0.242268  0.388471  0.921461  0.228688
h 1212   -589126  0.999939  -0.229723  0.388471  0.921461  0.219727
h 1217   -645005  0.999939  -0.122709  0.388471  0.921461  0.149512
h 1218   -628656  0.999939  -0.156946  0.388471  0.921461  0.170055
h 1219   -629906  0.999939  -0.154329  0.388471  0.921461  0.168485
h 1227   -763976  0.999939  0.612328  0.388471  0.921461  1.83215e-05
h 1228   -758552  0.999939  0.399177  0.388471  0.921461  0.00683348
h 1231   -707490  0.999939  0.0732491  0.388471  0.921461  0.0709964
h 1232   -678975  0.999939  -0.0336415  0.388471  0.921461  0.106827
h 1233   -673290  0.999939  -0.0509874  0.388471  0.921461  0.11397
h 1234   -667268  0.999939  -0.0684321  0.388471  0.921461  0.121537
h 1238   -663484  0.999939  -0.0779417  0.388471  0.921461  0.126292
h 1239   -643360  0.999939  -0.126154  0.388471  0.921461  0.151579
h 1247   -565905  0.999939  -0.27013  0.388471  0.921461  0.248906
h 1248   -558087  0.999939  -0.28276  0.388471  0.921461  0.25873
h 1249   -558209  0.999939  -0.282562  0.388471  0.921461  0.258576
h 1250   -573539  0.999939  -0.257143  0.388471  0.921461  0.239314
h 1251   -573897  0.999939  -0.256514  0.388471  0.921461  0.238864
h 1254   -519492  0.999939  -0.345112  0.388471  0.921461  0.307226
h 1255   -515451  0.999939  -0.351641  0.388471  0.921461  0.312305
h 1256   -515915  0.999939  -0.350892  0.388471  0.921461  0.311722
h 1262   -529215  0.999939  -0.329404  0.388471  0.921461  0.295009
h 1263   -535171  0.999939  -0.319782  0.388471  0.921461  0.287525
h 1264   -535089  0.999939  -0.319915  0.388471  0.921461  0.287628
h 1265   -525051  0.999939  -0.336131  0.388471  0.921461  0.300241
h 1266   -525355  0.999939  -0.335641  0.388471  0.921461  0.29986
h 1267   -554354  0.999939  -0.288791  0.388471  0.921461  0.263421
h 1268   -548337  0.999939  -0.298512  0.388471  0.921461  0.270982
h 1301   -542555  0.999939  -0.307853  0.388471  0.921461  0.278247
h 1302   -537888  0.999939  -0.315393  0.388471  0.921461  0.284111
h 1359   -503841  0.999939  -0.370397  0.388471  0.921461  0.326893
h 1360   -501934  0.999939  -0.373478  0.388471  0.921461  0.32929
h 1361   -509483  0.999939  -0.361283  0.388471  0.921461  0.319804
h 1362   -504120  0.999939  -0.369946  0.388471  0.921461  0.326542
h 1363   -509371  0.999939  -0.361464  0.388471  0.921461  0.319945
h 1368   -519220  0.999939  -0.345551  0.388471  0.921461  0.307568
h 1369   -517999  0.999939  -0.347524  0.388471  0.921461  0.309103
h 1370   -517570  0.999939  -0.348217  0.388471  0.921461  0.309641
h 1405   -535062  0.999939  -0.319958  0.388471  0.921461  0.287662
h 1406   -528155  0.999939  -0.331116  0.388471  0.921461  0.296341
h 1407   -535230  0.999939  -0.319687  0.388471  0.921461  0.287451
h 1426   -543558  0.999939  -0.306233  0.388471  0.921461  0.276986
h 1427   -538811  0.999939  -0.313902  0.388471  0.921461  0.282952
h 1428   -538384  0.999939  -0.314591  0.388471  0.921461  0.283488
h 1465   -491206  0.999939  -0.389647  0.388471  0.921461  0.34277
h 1466   -488389  0.999939  -0.393776  0.388471  0.921461  0.34631
h 1467   -492121  0.999939  -0.388306  0.388471  0.921461  0.34162
h 1470   -497731  0.999939  -0.380081  0.388471  0.921461  0.33457
h 1471   -495697  0.999939  -0.383064  0.388471  0.921461  0.337127
h 1472   -496021  0.999939  -0.382589  0.388471  0.921461  0.33672
h 1473   -487945  0.999939  -0.394427  0.388471  0.921461  0.346867
h 1474   -487986  0.999939  -0.394368  0.388471  0.921461  0.346816
h 1475   -487675  0.999939  -0.394823  0.388471  0.921461  0.347207
h 1483   -551980  0.999939  -0.292626  0.388471  0.921461  0.266403
h 1484   -595530  0.999939  -0.218459  0.388471  0.921461  0.211681
h 1485   -588394  0.999939  -0.231011  0.388471  0.921461  0.220647
h 1486   -602332  0.999939  -0.206491  0.388471  0.921461  0.203133
h 1492   -494311  0.999939  -0.385095  0.388471  0.921461  0.338868
h 1493   -511870  0.999939  -0.357426  0.388471  0.921461  0.316804
h 1494   -517560  0.999939  -0.348234  0.388471  0.921461  0.309654
h 1527   -500978  0.999939  -0.375023  0.388471  0.921461  0.330491
h 1528   -506349  0.999939  -0.366346  0.388471  0.921461  0.323742
h 1529   -506881  0.999939  -0.365487  0.388471  0.921461  0.323074
h 1553   -570724  0.999939  -0.262096  0.388471  0.921461  0.242851
h 1554   -564203  0.999939  -0.27288  0.388471  0.921461  0.251045
h 1555   -561031  0.999939  -0.278004  0.388471  0.921461  0.25503
h 1556   -562379  0.999939  -0.275826  0.388471  0.921461  0.253336
h 1557   -555795  0.999939  -0.286464  0.388471  0.921461  0.26161
h 1559   -558649  0.999939  -0.281852  0.388471  0.921461  0.258023
h 1560   -555416  0.999939  -0.287075  0.388471  0.921461  0.262086
h 1563   -553884  0.999939  -0.28955  0.388471  0.921461  0.264011
h 1564   -546017  0.999939  -0.302259  0.388471  0.921461  0.273896
h 1565   -547031  0.999939  -0.300622  0.388471  0.921461  0.272622
h 1566   -554987  0.999939  -0.287768  0.388471  0.921461  0.262625
h 1567   -556980  0.999939  -0.284548  0.388471  0.921461  0.26012
h 1573   -547250  0.999939  -0.300268  0.388471  0.921461  0.272348
h 1574   -550685  0.999939  -0.294718  0.388471  0.921461  0.268031
h 1583   -586685  0.999939  -0.234017  0.388471  0.921461  0.222794
h 1584   -578252  0.999939  -0.248852  0.388471  0.921461  0.233391
h 1587   -621029  0.999939  -0.172919  0.388471  0.921461  0.17964
h 1588   -605762  0.999939  -0.200457  0.388471  0.921461  0.198823
h 1592   -712310  0.999939  0.0945211  0.388471  0.921461  0.064939
h 1593   -693769  0.999939  0.015394  0.388471  0.921461  0.0882367
h 1596   -569704  0.999939  -0.263889  0.388471  0.921461  0.244132
h 1597   -562219  0.999939  -0.276085  0.388471  0.921461  0.253538
h 1600   -523308  0.999939  -0.338948  0.388471  0.921461  0.302432
h 1601   -519428  0.999939  -0.345216  0.388471  0.921461  0.307307
h 1608   -532601  0.999939  -0.323935  0.388471  0.921461  0.290755
h 1609   -528118  0.999939  -0.331177  0.388471  0.921461  0.296388
h 1673   -504026  0.999939  -0.370098  0.388471  0.921461  0.326661
h 1674   -502220  0.999939  -0.373016  0.388471  0.921461  0.32893
h 1675   -501967  0.999939  -0.373425  0.388471  0.921461  0.329248
h 1678   -504878  0.999939  -0.368721  0.388471  0.921461  0.32559
h 1679   -507800  0.999939  -0.364002  0.388471  0.921461  0.321919
h 1680   -513488  0.999939  -0.354813  0.388471  0.921461  0.314772
h 1681   -510541  0.999939  -0.359572  0.388471  0.921461  0.318474
h 1682   -508843  0.999939  -0.362316  0.388471  0.921461  0.320608
h 1683   -507621  0.999939  -0.364291  0.388471  0.921461  0.322143
h 1684   -515711  0.999939  -0.351221  0.388471  0.921461  0.311978
h 1687   -511855  0.999939  -0.35745  0.388471  0.921461  0.316823
h 1688   -513392  0.999939  -0.354967  0.388471  0.921461  0.314891
h 1711   -533085  0.999939  -0.323152  0.388471  0.921461  0.290147
h 1712   -536054  0.999939  -0.318355  0.388471  0.921461  0.286415
h 1716   -527419  0.999939  -0.332306  0.388471  0.921461  0.297266
h 1717   -523791  0.999939  -0.338167  0.388471  0.921461  0.301825
h 1718   -523750  0.999939  -0.338233  0.388471  0.921461  0.301876
h 1719   -531118  0.999939  -0.32633  0.388471  0.921461  0.292618
h 1720   -531320  0.999939  -0.326004  0.388471  0.921461  0.292365
h 1733   -525840  0.999939  -0.334856  0.388471  0.921461  0.29925
h 1734   -528918  0.999939  -0.329884  0.388471  0.921461  0.295383
h 1738   -519240  0.999939  -0.345519  0.388471  0.921461  0.307543
h 1739   -521871  0.999939  -0.341269  0.388471  0.921461  0.304237
h 1746   -539989  0.999939  -0.311998  0.388471  0.921461  0.281471
h 1747   -542809  0.999939  -0.307442  0.388471  0.921461  0.277927
h 1779   -492961  0.999939  -0.387074  0.388471  0.921461  0.340565
h 1780   -494992  0.999939  -0.384096  0.388471  0.921461  0.338012
h 1785   -498777  0.999939  -0.378547  0.388471  0.921461  0.333256
h 1786   -501095  0.999939  -0.374834  0.388471  0.921461  0.330344
h 1787   -487535  0.999939  -0.395028  0.388471  0.921461  0.347383
h 1788   -487589  0.999939  -0.394949  0.388471  0.921461  0.347315
h 1791   -488541  0.999939  -0.393554  0.388471  0.921461  0.346119
h 1792   -487763  0.999939  -0.394694  0.388471  0.921461  0.347097
h 1793   -487957  0.999939  -0.394409  0.388471  0.921461  0.346852
h 1794   -491003  0.999939  -0.389945  0.388471  0.921461  0.343025
h 1795   -490824  0.999939  -0.390207  0.388471  0.921461  0.34325
h 1798   -488924  0.999939  -0.392992  0.388471  0.921461  0.345637
h 1799   -490234  0.999939  -0.391071  0.388471  0.921461  0.343991
h 1800   -563542  0.999939  -0.273947  0.388471  0.921461  0.251875
h 1801   -547325  0.999939  -0.300147  0.388471  0.921461  0.272253
h 1802   -533050  0.999939  -0.323209  0.388471  0.921461  0.29019
h 1803   -534327  0.999939  -0.321145  0.388471  0.921461  0.288585
h 1808   -490969  0.999939  -0.389995  0.388471  0.921461  0.343068
h 1809   -488637  0.999939  -0.393413  0.388471  0.921461  0.345999
h 1814   -560569  0.999939  -0.27875  0.388471  0.921461  0.25561
h 1815   -543501  0.999939  -0.306325  0.388471  0.921461  0.277058
h 1821   -526539  0.999939  -0.333728  0.388471  0.921461  0.298372
h 1822   -514862  0.999939  -0.352592  0.388471  0.921461  0.313045
h 1825   -496813  0.999939  -0.381427  0.388471  0.921461  0.335724
h 1826   -508159  0.999939  -0.363421  0.388471  0.921461  0.321467
h 1827   -507324  0.999939  -0.36477  0.388471  0.921461  0.322517
h 1828   -492127  0.999939  -0.388296  0.388471  0.921461  0.341612
h 1829   -492853  0.999939  -0.387233  0.388471  0.921461  0.340701
h 1832   -503621  0.999939  -0.370752  0.388471  0.921461  0.327169
h 1833   -496503  0.999939  -0.381882  0.388471  0.921461  0.336114
h 1859   -503540  0.999939  -0.370884  0.388471  0.921461  0.327272
h 1860   -500953  0.999939  -0.375063  0.388471  0.921461  0.330522
h 1861   -499860  0.999939  -0.376829  0.388471  0.921461  0.331896
h 1864   -477565  0.999939  -0.409645  0.388471  0.921461  0.359911
h 1865   -483403  0.999939  -0.401085  0.388471  0.921461  0.352574
h 1866   -489835  0.999939  -0.391656  0.388471  0.921461  0.344492
h 1867   -494641  0.999939  -0.384611  0.388471  0.921461  0.338453
h 1868   -489477  0.999939  -0.392181  0.388471  0.921461  0.344942
h 1875   -497226  0.999939  -0.380821  0.388471  0.921461  0.335205
h 1876   -495130  0.999939  -0.383894  0.388471  0.921461  0.337839
h 1877   -492353  0.999939  -0.387965  0.388471  0.921461  0.341328
h 1878   -492458  0.999939  -0.387811  0.388471  0.921461  0.341196
h 1882   -446898  0.999939  -0.454601  0.388471  0.921461  0.398446
h 1883   -430949  0.999939  -0.477982  0.388471  0.921461  0.418487
h 1884   -453542  0.999939  -0.444861  0.388471  0.921461  0.390097
h 1885   -476071  0.999939  -0.411835  0.388471  0.921461  0.361788
h 1889   -458115  0.999939  -0.438157  0.388471  0.921461  0.38435
h 1890   -468192  0.999939  -0.423385  0.388471  0.921461  0.371689
h 1896   -451541  0.999939  -0.447795  0.388471  0.921461  0.392612
h 1897   -678461  0.999939  -0.0352098  0.388471  0.921461  0.107473
h 1898   -661485  0.999939  -0.0829662  0.388471  0.921461  0.128804
h 1929   -503484  0.999939  -0.370974  0.388471  0.921461  0.327342
h 1930   -501158  0.999939  -0.374733  0.388471  0.921461  0.330265
h 1938   -490349  0.999939  -0.390904  0.388471  0.921461  0.343847
h 1939   -486651  0.999939  -0.396324  0.388471  0.921461  0.348493
h 1942   -483102  0.999939  -0.401526  0.388471  0.921461  0.352953
h 1943   -485903  0.999939  -0.397421  0.388471  0.921461  0.349434
h 1944   -485421  0.999939  -0.398127  0.388471  0.921461  0.350039
h 1945   -477579  0.999939  -0.409623  0.388471  0.921461  0.359893
h 1946   -478398  0.999939  -0.408423  0.388471  0.921461  0.358864
h 1949   -482260  0.999939  -0.402761  0.388471  0.921461  0.354011
h 1950   -478440  0.999939  -0.408361  0.388471  0.921461  0.358811
h 1951   -497042  0.999939  -0.381091  0.388471  0.921461  0.335436
h 1952   -494163  0.999939  -0.385312  0.388471  0.921461  0.339055
h 1959   -472873  0.999939  -0.416523  0.388471  0.921461  0.365807
h 1960   -468174  0.999939  -0.423412  0.388471  0.921461  0.371711
h 1963   -434153  0.999939  -0.473285  0.388471  0.921461  0.41446
h 1964   -407703  0.999939  -0.51206  0.388471  0.921461  0.447697
h 1965   -433389  0.999939  -0.474404  0.388471  0.921461  0.41542
h 1966   -424941  0.999939  -0.486789  0.388471  0.921461  0.426036
h 1969   -399143  0.999939  -0.524609  0.388471  0.921461  0.458453
h 1970   -391833  0.999939  -0.535325  0.388471  0.921461  0.467638
h 1971   -465513  0.999939  -0.427312  0.388471  0.921461  0.375054
h 1972   -468827  0.999939  -0.422454  0.388471  0.921461  0.370891
h 1973   -467091  0.999939  -0.424998  0.388471  0.921461  0.373072
h 1974   -451196  0.999939  -0.448301  0.388471  0.921461  0.393045
h 1975   -454058  0.999939  -0.444105  0.388471  0.921461  0.389449
h 1978   -459216  0.999939  -0.436543  0.388471  0.921461  0.382967
h 1979   -452036  0.999939  -0.447068  0.388471  0.921461  0.391989
h 1982   -437922  0.999939  -0.467759  0.388471  0.921461  0.409724
h 1983   -423769  0.999939  -0.488508  0.388471  0.921461  0.427509
SolidID  2745   14 
h 321   -271584  0.999939  -0.701384  0.921461  0.388471  0.618738
h 322   -272020  0.999939  -0.700788  0.921461  0.388471  0.618191
h 323   -272322  0.999939  -0.700373  0.921461  0.388471  0.617811
h 324   -274171  0.999939  -0.697839  0.921461  0.388471  0.615488
h 325   -273937  0.999939  -0.698159  0.921461  0.388471  0.615781
h 326   -271835  0.999939  -0.701041  0.921461  0.388471  0.618423
h 327   -269820  0.999939  -0.703802  0.921461  0.388471  0.620954
h 328   -276334  0.999939  -0.694873  0.921461  0.388471  0.612769
h 329   -277649  0.999939  -0.693071  0.921461  0.388471  0.611117
h 330   -268096  0.999939  -0.706166  0.921461  0.388471  0.623122
h 331   -277525  0.999939  -0.69324  0.921461  0.388471  0.611273
h 332   -269124  0.999939  -0.704756  0.921461  0.388471  0.621829
h 333   -275209  0.999939  -0.696416  0.921461  0.388471  0.614183
h 334   -270317  0.999939  -0.703121  0.921461  0.388471  0.62033
E_DATA
B_MESH_DATA
Dim 2 
NumPts 411 
NumElems 627 
1   0.00734561   0.0237364    0
2   0.00736845   0.0236216    0
3   0.00679129   0.0235068    0
4   0.00728058   0.0238337    0
5   0.00685632   0.0234094    0
6   0.00718325   0.0238987    0
7   0.00706845   0.0239216    0
8   0.00695364   0.0233444    0
9   0.00706845   0.0233216    0
10   0.00695364   0.0238987    0
11   0.00685632   0.0238337    0
12   0.00718325   0.0233444    0
13   0.00679129   0.0237364    0
14   0.00728058   0.0234094    0
15   0.00676845   0.0236216    0
16   0.00734561   0.0235068    0
17   0.00762088   0.0217792    0
18   0.0123354   0.0149897    0
19   0.0114139   0.0146012    0
20   0.0115888   0.0159506    0
21   0.00635328   0.0254679    0
22   0.00563812   0.0270143    0
23   0.00711162   0.0267369    0
24   0.00793285   0.0251466    0
25   0.00459291   0.0281897    0
26   0.0035477   0.0293651    0
27   0.005173   0.0293375    0
28   0.00421266   0.0271778    0
29   0.00624844   0.0220829    0
30   0.00859557   0.0199992    0
31   0.00710703   0.0203123    0
32   0.00498947   0.032736    0
33   0.00449155   0.0316647    0
34   0.00364447   0.0330304    0
35   0.00663116   0.0278766    0
36   0.0063986   0.0290382    0
37   0.00876686   0.023082    0
38   0.00582223   0.0230041    0
39   0.00464507   0.0261521    0
40   0.00525417   0.0245618    0
41   0.0105805   0.0177141    0
42   0.00969034   0.0166078    0
43   0.0089509   0.0175671    0
44   0.00831974   0.0166411    0
45   0.0110846   0.0168323    0
46   0.00939184   0.0213282    0
47   0.00958803   0.0188566    0
48   0.00765594   0.0182157    0
49   0.00948993   0.0200924    0
50   0.0104066   0.019527    0
51   0.0119424   0.0166468    0
52   0.00160139   0.0314411    0
53   0.00180155   0.0322535    0
54   0.00278343   0.0312115    0
55   0.00235291   0.0303021    0
56   0.00140124   0.0306288    0
57   0.00272301   0.0326419    0
58   0.00834986   0.0241143    0
59   0.00752224   0.0259417    0
60   0.00825899   0.025803    0
61   0.00906558   0.0253198    0
62   0.0125678   0.0157255    0
63   0.0132568   0.0153781    0
64   0.00393235   0.0262338    0
65   0.00347385   0.0282783    0
66   0.00349994   0.0272595    0
67   0.00321962   0.0263156    0
68   0.0100914   0.0154102    0
69   0.0104924   0.0142127    0
70   0.0088002   0.0155015    0
71   0.00918559   0.0146629    0
72   0.00816904   0.0145755    0
73   0.00957097   0.0138242    0
74   0.00840928   0.0140056    0
75   0.00899012   0.0139149    0
76   0.00864951   0.0134358    0
77   0.00911024   0.01363    0
78   0.00738148   0.019264    0
79   0.00667774   0.0211976    0
80   0.00636276   0.0204689    0
81   0.00114066   0.0312469    0
82   0.000880084   0.031865    0
83   0.00166182   0.0300107    0
84   0.00192239   0.0293926    0
85   0.00792881   0.0151453    0
86   0.00870772   0.024717    0
87   0.00930581   0.02475    0
88   0.00954604   0.0241802    0
89   0.00736791   0.0277378    0
90   0.00882535   0.0258896    0
91   0.00858512   0.0264595    0
92   0.00784837   0.0265982    0
93   0.00810467   0.0275991    0
94   0.0130285   0.0159197    0
95   0.0128002   0.0164613    0
96   0.00273504   0.0293789    0
97   0.0023548   0.0283669    0
98   0.00300341   0.0268284    0
99   0.00278721   0.0273413    0
100   0.00313053   0.0278098    0
101   0.00343582   0.0258027    0
102   0.0101601   0.0206133    0
103   0.0103441   0.018672    0
104   0.0111002   0.0184874    0
105   0.0107534   0.0190072    0
106   0.0114225   0.0197291    0
107   0.01162   0.0192607    0
108   0.0112251   0.0201975    0
109   0.00134081   0.0320592    0
110   0.00556222   0.0222348    0
111   0.00596249   0.0213518    0
112   0.00524725   0.021506    0
113   0.00561849   0.0206254    0
114   0.00668561   0.0195044    0
115   0.00598973   0.0197448    0
116   0.00617535   0.0193045    0
117   0.00636098   0.0188642    0
118   0.00580411   0.0201851    0
119   0.00712769   0.0283077    0
120   0.00701141   0.0288885    0
121   0.00762421   0.0287388    0
122   0.00401962   0.0305149    0
123   0.00483227   0.0305011    0
124   0.00456593   0.0334189    0
125   0.00523843   0.0332717    0
126   0.00548739   0.0338074    0
127   0.00551597   0.0313095    0
128   0.00525272   0.0320227    0
129   0.0058721   0.0304647    0
130   0.00613535   0.0297514    0
131   0.00691194   0.0304283    0
132   0.00703718   0.0186705    0
133   0.00924527   0.0160546    0
134   0.00855997   0.0160713    0
135   0.00768858   0.0157151    0
136   0.00800416   0.0161781    0
137   0.00798784   0.0174284    0
138   0.00734036   0.0177527    0
139   0.00669288   0.0180769    0
140   0.00907935   0.0222051    0
141   0.00915645   0.0236311    0
142   0.00605524   0.0241977    0
143   0.0055382   0.0237829    0
144   0.00519612   0.0230583    0
145   0.00487601   0.0223866    0
146   0.00430155   0.0253581    0
147   0.00365203   0.0252899    0
148   0.0046061   0.0245629    0
149   0.00395802   0.0245641    0
150   0.00786444   0.0281689    0
151   0.00834489   0.0270293    0
152   0.0021386   0.0288798    0
153   0.00257101   0.0278541    0
154   0.0106926   0.0204054    0
155   0.0108302   0.0211342    0
156   0.0110276   0.0206658    0
157   0.00506163   0.0219463    0
158   0.00543287   0.0210657    0
159   0.00554812   0.0324927    0
160   0.00584353   0.0329626    0
161   0.00585781   0.0317136    0
162   0.00619966   0.0321178    0
163   0.00566546   0.033385    0
164   0.00744614   0.0291612    0
165   0.00726807   0.0295835    0
166   0.00637773   0.0316954    0
167   0.0065558   0.0312731    0
168   0.00602159   0.0325402    0
169   0.00670171   0.0296675    0
170   0.00621395   0.0308689    0
171   0.00709   0.0300059    0
172   0.00752263   0.0161088    0
173   0.00735668   0.0165024    0
174   0.00652693   0.0184706    0
175   0.00767226   0.0169654    0
176   0.00702478   0.0172897    0
177   0.00685883   0.0176833    0
178   0.00979424   0.0220504    0
179   0.00947321   0.0228119    0
180   0.00986707   0.0234187    0
181   0.0101881   0.0226572    0
182   0.0100276   0.0230379    0
183   0.00970656   0.0237994    0
184   0.0103346   0.0212545    0
185   0.0105091   0.0218957    0
186   0.00380503   0.024927    0
187   0.00472301   0.0227495    0
188   0.00457001   0.0231124    0
189   0.00490111   0.0238106    0
190   0.00507764   0.0241862    0
191   0.0047536   0.0241868    0
192   0.00426402   0.0238382    0
193   0.00411102   0.0242012    0
194   0.00673387   0.0308507    0
195   0.00719073   0.016896    0
196   0.0103486   0.0222764    0
197   0.0106697   0.0215149    0
198   0.00441701   0.0234753    0
199   0.0113953   0.0177876    0
200   0.0116688   0.0172172    0
201   0.0125051   0.0171612    0
202   0.0113601   0.0188741    0
203   0.0122551   0.0161862    0
204   0.0123713   0.0165541    0
205   0.0116552   0.0181742    0
206   0.011915   0.0185609    0
207   0.0120625   0.018211    0
208   0.0122101   0.017861    0
209   0.0117675   0.0189108    0
210   0.0119395   0.0175391    0
211   0.0123576   0.0175111    0
212   0.0126526   0.0168112    0
213   0.0146012   0.0114139    0
214   0.0149897   0.0123354    0
215   0.0159506   0.0115888    0
216   0.0312115   0.00278343    0
217   0.0314379   0.00458716    0
218   0.0330304   0.00364447    0
219   0.0175671   0.0089509    0
220   0.0158899   0.00972167    0
221   0.0174433   0.0106946    0
222   0.0164062   0.00841878    0
223   0.0220829   0.00624844    0
224   0.0217792   0.00762088    0
225   0.0240915   0.00687033    0
226   0.0201493   0.00695219    0
227   0.0196732   0.00828589    0
228   0.0229797   0.00858346    0
229   0.0214567   0.00922553    0
230   0.0257115   0.00663038    0
231   0.0273315   0.00639043    0
232   0.0259242   0.00515665    0
233   0.0293375   0.005173    0
234   0.0305009   0.00578195    0
235   0.0283345   0.00578171    0
236   0.0290382   0.0063986    0
237   0.0279345   0.00415079    0
238   0.0280351   0.00700732    0
239   0.027633   0.00527061    0
240   0.0269294   0.00465372    0
241   0.023239   0.00587317    0
242   0.0245816   0.00551491    0
243   0.018364   0.00770486    0
244   0.0241358   0.00820819    0
245   0.0264895   0.00743741    0
246   0.0257539   0.00774752    0
247   0.0248406   0.00462357    0
248   0.0260145   0.00419297    0
249   0.027233   0.00363968    0
250   0.0293651   0.0035477    0
251   0.0286636   0.00303659    0
252   0.0234534   0.00510453    0
253   0.0322535   0.00180155    0
254   0.0314411   0.00160139    0
255   0.0303021   0.00235291    0
256   0.0306288   0.00140124    0
257   0.0328831   0.0047918    0
258   0.0338074   0.00548739    0
259   0.0320868   0.00526315    0
260   0.0327358   0.00593914    0
261   0.0322   0.00616502    0
262   0.0173814   0.0115665    0
263   0.016635   0.0120136    0
264   0.0173194   0.0124384    0
265   0.0156692   0.0125915    0
266   0.0153781   0.0132568    0
267   0.0163488   0.0128476    0
268   0.019467   0.00995293    0
269   0.0152456   0.0105678    0
270   0.0142127   0.0104924    0
271   0.014664   0.00974365    0
272   0.0138242   0.00957097    0
273   0.0151152   0.00899488    0
274   0.0144697   0.00928292    0
275   0.0143405   0.00826809    0
276   0.0139528   0.00896622    0
277   0.01363   0.00911024    0
278   0.0134358   0.00864951    0
279   0.0173109   0.00803736    0
280   0.0157607   0.00870683    0
281   0.0192566   0.00732852    0
282   0.0195068   0.00665658    0
283   0.0211161   0.00660032    0
284   0.0203874   0.00628534    0
285   0.0197448   0.00598973    0
286   0.0230272   0.00460595    0
287   0.0223866   0.00487601    0
288   0.0236678   0.00433588    0
289   0.0312469   0.00114066    0
290   0.031865   0.000880084    0
291   0.0300107   0.00166182    0
292   0.0293926   0.00192239    0
293   0.0332716   0.00571326    0
294   0.0178048   0.0122338    0
295   0.0182901   0.0120292    0
296   0.0168341   0.012643    0
297   0.0158635   0.0130522    0
298   0.0184551   0.0103238    0
299   0.0204618   0.00958923    0
300   0.0193639   0.0107865    0
301   0.0197291   0.0114225    0
302   0.0201975   0.0112251    0
303   0.0192607   0.01162    0
304   0.0320592   0.00134081    0
305   0.0167305   0.0077713    0
306   0.0170547   0.00712382    0
307   0.0177094   0.00741434    0
308   0.0159554   0.00810604    0
309   0.01615   0.00750524    0
310   0.0138881   0.0084588    0
311   0.0151802   0.00844077    0
312   0.0152453   0.00788666    0
313   0.0156976   0.00769595    0
314   0.0186081   0.00703546    0
315   0.0188642   0.00636098    0
316   0.0179595   0.0067424    0
317   0.0222348   0.00556222    0
318   0.0213111   0.00592378    0
319   0.0206254   0.00561849    0
320   0.021506   0.00524725    0
321   0.0193045   0.00617535    0
322   0.0201851   0.00580411    0
323   0.0249227   0.00730893    0
324   0.0249449   0.00797785    0
325   0.0235799   0.00906475    0
326   0.0241802   0.00954604    0
327   0.024158   0.00887711    0
328   0.0222182   0.00890449    0
329   0.0220569   0.00970682    0
330   0.0212954   0.0100278    0
331   0.0218957   0.0105091    0
332   0.0272623   0.00722236    0
333   0.0268786   0.00784092    0
334   0.026143   0.00815104    0
335   0.026532   0.00855455    0
336   0.0288885   0.00701141    0
337   0.028387   0.00731576    0
338   0.0287388   0.00762421    0
339   0.0312939   0.00552255    0
340   0.0316642   0.00639089    0
341   0.0297695   0.00609028    0
342   0.0303512   0.00639475    0
343   0.024147   0.00486405    0
344   0.0183726   0.0111765    0
345   0.0187754   0.0118246    0
346   0.0203296   0.0104072    0
347   0.0211342   0.0108302    0
348   0.0206658   0.0110276    0
349   0.0175071   0.00693311    0
350   0.0166024   0.00731453    0
351   0.0147929   0.00807738    0
352   0.0184119   0.00655169    0
353   0.0219463   0.00506163    0
354   0.0210657   0.00543287    0
355   0.0253706   0.00842126    0
356   0.0257964   0.00886466    0
357   0.0253923   0.00903501    0
358   0.0247643   0.00864919    0
359   0.0249883   0.00920535    0
360   0.0245842   0.0093757    0
361   0.0222764   0.0103486    0
362   0.0226572   0.0101881    0
363   0.0228184   0.00938578    0
364   0.0234187   0.00986707    0
365   0.0230379   0.0100276    0
366   0.0237994   0.00970656    0
367   0.0215149   0.0106697    0
368   0.0268998   0.00839949    0
369   0.0272676   0.00824444    0
370   0.0261642   0.00870961    0
371   0.028371   0.00777927    0
372   0.0280032   0.00793432    0
373   0.0276328   0.00757834    0
374   0.0276354   0.00808938    0
375   0.0311134   0.00611088    0
376   0.0309329   0.00669922    0
377   0.0291045   0.00747004    0
378   0.0294701   0.00731588    0
379   0.0312985   0.00654506    0
380   0.0305672   0.00685339    0
381   0.0302015   0.00700755    0
382   0.0296198   0.00670308    0
383   0.0298358   0.00716171    0
384   0.0242654   0.00444905    0
385   0.0243837   0.00403406    0
386   0.0266238   0.00391633    0
387   0.0254276   0.00440827    0
388   0.0255571   0.0039626    0
389   0.0249701   0.0041779    0
390   0.0250997   0.00373223    0
391   0.0293789   0.00273504    0
392   0.0268823   0.00338413    0
393   0.0279483   0.00333813    0
394   0.0283128   0.00278104    0
395   0.0326419   0.00272301    0
396   0.0240257   0.00418497    0
397   0.0254576   0.00358132    0
398   0.0258156   0.0034304    0
399   0.0262197   0.00367336    0
400   0.0265315   0.00312857    0
401   0.0261736   0.00327949    0
402   0.0247417   0.00388314    0
403   0.0268892   0.0029778    0
404   0.0272468   0.00282703    0
405   0.0290281   0.00247949    0
406   0.0286774   0.00222394    0
407   0.029035   0.00207316    0
408   0.0275976   0.00308258    0
409   0.0279621   0.00252548    0
410   0.0276044   0.00267626    0
411   0.0283197   0.00237471    0
321  2745  1  2  3 
322  2745  4  1  3 
323  2745  5  3  2 
324  2745  4  3  6 
325  2745  7  6  3 
326  2745  8  5  2 
327  2745  8  2  9 
328  2745  7  3  10 
329  2745  10  3  11 
330  2745  12  9  2 
331  2745  13  11  3 
332  2745  14  12  2 
333  2745  15  13  3 
334  2745  16  14  2 
319  2373  12  17  9 
320  2373  14  17  12 
456  2373  18  19  20 
641  2373  21  7  10 
642  2373  22  23  21 
643  2373  24  4  6 
644  2373  7  21  24 
645  2373  24  6  7 
649  2373  25  26  27 
650  2373  22  28  25 
690  2373  29  8  9 
691  2373  9  17  29 
693  2373  30  31  17 
695  2373  32  33  34 
696  2373  22  35  23 
697  2373  35  22  25 
698  2373  25  27  36 
699  2373  36  35  25 
713  2373  37  17  14 
714  2373  14  16  37 
727  2373  38  15  3 
728  2373  38  3  5 
729  2373  38  5  8 
730  2373  8  29  38 
731  2373  22  39  28 
732  2373  39  22  21 
733  2373  21  40  39 
758  2373  41  42  43 
759  2373  44  43  42 
760  2373  41  45  42 
779  2373  46  30  17 
788  2373  47  41  43 
789  2373  48  30  47 
790  2373  47  43  48 
791  2373  46  49  30 
792  2373  49  47  30 
793  2373  50  47  49 
794  2373  45  51  20 
799  2373  52  53  54 
820  2373  52  54  55 
821  2373  55  56  52 
824  2373  53  57  54 
825  2373  33  54  57 
826  2373  57  34  33 
842  2373  4  24  58 
843  2373  58  1  4 
844  2373  2  1  58 
845  2373  16  2  58 
846  2373  58  37  16 
848  2373  59  24  21 
849  2373  23  59  21 
850  2373  24  60  61 
851  2373  60  24  59 
861  2373  62  18  20 
862  2373  18  62  63 
875  2373  39  64  28 
876  2373  25  65  26 
877  2373  65  25  28 
878  2373  28  66  65 
879  2373  66  28  64 
880  2373  64  67  66 
954  2373  45  20  68 
955  2373  68  42  45 
956  2373  19  69  68 
957  2373  68  20  19 
958  2373  70  71  72 
959  2373  71  70  68 
960  2373  71  68  69 
961  2373  69  73  71 
964  2373  74  72  71 
965  2373  74  75  76 
966  2373  75  74  71 
967  2373  73  75  71 
969  2373  77  76  75 
970  2373  73  77  75 
1003  2373  78  31  30 
1004  2373  48  78  30 
1017  2373  31  79  17 
1018  2373  79  29  17 
1019  2373  31  80  79 
1028  2373  81  82  52 
1029  2373  56  81  52 
1037  2373  83  56  55 
1038  2373  84  83  55 
1052  2373  72  85  70 
1054  2373  61  86  24 
1055  2373  86  58  24 
1058  2373  87  88  86 
1059  2373  61  87  86 
1060  2373  35  89  23 
1069  2373  90  61  60 
1070  2373  91  90  60 
1073  2373  23  92  59 
1074  2373  92  23  89 
1075  2373  89  93  92 
1076  2373  60  59  92 
1077  2373  92  91  60 
1078  2373  94  63  62 
1079  2373  95  94  62 
1091  2373  26  96  55 
1092  2373  96  84  55 
1093  2373  96  26  65 
1094  2373  65  97  96 
1098  2373  98  99  66 
1099  2373  67  98  66 
1102  2373  65  100  97 
1103  2373  100  65  66 
1104  2373  99  100  66 
1108  2373  101  67  64 
1171  2373  102  49  46 
1172  2373  49  102  50 
1178  2373  103  47  50 
1179  2373  103  104  41 
1180  2373  47  103  41 
1181  2373  50  105  103 
1182  2373  105  104  103 
1185  2373  106  107  105 
1186  2373  106  105  50 
1187  2373  50  108  106 
1205  2373  109  53  52 
1206  2373  82  109  52 
1257  2373  29  110  38 
1271  2373  79  111  29 
1272  2373  110  29  111 
1273  2373  111  112  110 
1274  2373  80  113  111 
1275  2373  111  79  80 
1276  2373  78  114  31 
1277  2373  80  31  114 
1278  2373  114  115  80 
1281  2373  116  115  114 
1282  2373  117  116  114 
1310  2373  118  113  80 
1311  2373  115  118  80 
1323  2373  119  35  36 
1324  2373  35  119  89 
1325  2373  120  121  119 
1326  2373  36  120  119 
1327  2373  33  122  54 
1328  2373  26  122  27 
1329  2373  122  26  55 
1330  2373  55  54  122 
1331  2373  123  27  122 
1332  2373  33  123  122 
1334  2373  34  124  32 
1337  2373  125  32  124 
1338  2373  126  125  124 
1339  2373  127  123  33 
1340  2373  128  127  33 
1341  2373  32  128  33 
1350  2373  123  129  27 
1351  2373  129  123  127 
1352  2373  129  130  27 
1353  2373  130  36  27 
1354  2373  130  129  131 
1374  2373  132  78  48 
1375  2373  114  78  132 
1376  2373  132  117  114 
1377  2373  42  133  44 
1378  2373  133  42  68 
1379  2373  70  133  68 
1380  2373  70  134  133 
1381  2373  134  44  133 
1382  2373  134  70  85 
1383  2373  85  135  134 
1384  2373  136  44  134 
1385  2373  135  136  134 
1395  2373  44  137  43 
1396  2373  137  48  43 
1399  2373  138  48  137 
1400  2373  132  48  138 
1401  2373  138  139  132 
1408  2373  37  140  17 
1409  2373  140  46  17 
1415  2373  141  37  58 
1416  2373  86  88  141 
1417  2373  141  58  86 
1498  2373  142  11  13 
1499  2373  142  40  21 
1500  2373  142  21  10 
1501  2373  10  11  142 
1502  2373  142  13  15 
1503  2373  143  40  142 
1504  2373  143  142  15 
1505  2373  15  38  143 
1506  2373  38  144  143 
1507  2373  110  145  144 
1508  2373  144  38  110 
1509  2373  146  39  40 
1510  2373  64  39  146 
1511  2373  101  64  146 
1512  2373  146  147  101 
1521  2373  40  148  146 
1522  2373  148  149  146 
1533  2373  150  93  89 
1536  2373  150  89  119 
1537  2373  119  121  150 
1541  2373  151  91  92 
1542  2373  93  151  92 
1545  2373  152  84  96 
1546  2373  97  152  96 
1549  2373  153  97  100 
1550  2373  99  153  100 
1568  2373  102  154  50 
1569  2373  154  108  50 
1570  2373  154  102  155 
1577  2373  156  108  154 
1578  2373  155  156  154 
1604  2373  157  145  110 
1605  2373  112  157  110 
1612  2373  158  112  111 
1613  2373  113  158  111 
1627  2373  159  128  32 
1628  2373  159  32  125 
1629  2373  125  160  159 
1630  2373  161  127  128 
1631  2373  161  128  159 
1632  2373  159  162  161 
1633  2373  163  160  125 
1634  2373  126  163  125 
1641  2373  164  121  120 
1642  2373  165  164  120 
1649  2373  166  167  161 
1650  2373  162  166  161 
1655  2373  168  162  159 
1656  2373  160  168  159 
1657  2373  130  169  36 
1658  2373  169  130  131 
1659  2373  120  36  169 
1660  2373  169  165  120 
1661  2373  170  129  127 
1662  2373  129  170  131 
1663  2373  161  167  170 
1664  2373  170  127  161 
1667  2373  171  165  169 
1668  2373  131  171  169 
1689  2373  172  173  136 
1690  2373  135  172  136 
1693  2373  174  117  132 
1694  2373  139  174  132 
1697  2373  175  137  44 
1698  2373  175  44  136 
1699  2373  136  173  175 
1700  2373  175  176  138 
1701  2373  138  137  175 
1707  2373  177  139  138 
1708  2373  176  177  138 
1721  2373  140  178  46 
1722  2373  179  140  37 
1723  2373  179  37  141 
1724  2373  141  180  179 
1725  2373  179  181  178 
1726  2373  178  140  179 
1729  2373  182  181  179 
1730  2373  180  182  179 
1742  2373  183  180  141 
1743  2373  88  183  141 
1751  2373  102  184  155 
1752  2373  184  102  46 
1753  2373  184  46  178 
1754  2373  178  185  184 
1834  2373  186  147  146 
1835  2373  149  186  146 
1838  2373  187  188  144 
1839  2373  145  187  144 
1842  2373  189  143  144 
1843  2373  144  188  189 
1844  2373  189  190  143 
1845  2373  190  40  143 
1846  2373  40  190  148 
1847  2373  191  189  192 
1848  2373  191  148  190 
1849  2373  189  191  190 
1850  2373  193  149  148 
1852  2373  191  192  193 
1853  2373  193  148  191 
1907  2373  194  131  170 
1908  2373  167  194  170 
1911  2373  195  176  175 
1912  2373  173  195  175 
1915  2373  196  185  178 
1916  2373  181  196  178 
1920  2373  197  155  184 
1921  2373  185  197  184 
1925  2373  198  192  189 
1926  2373  188  198  189 
1990  2373  41  199  45 
1991  2373  199  41  104 
1997  2373  199  200  45 
1998  2373  200  51  45 
1999  2373  201  51  200 
2000  2373  202  104  105 
2001  2373  107  202  105 
2005  2373  62  203  95 
2006  2373  203  62  20 
2007  2373  51  203  20 
2008  2373  204  51  201 
2009  2373  51  204  203 
2010  2373  204  95  203 
2029  2373  205  199  104 
2030  2373  205  104  202 
2031  2373  202  206  205 
2034  2373  207  208  205 
2035  2373  206  207  205 
2040  2373  209  206  202 
2041  2373  107  209  202 
2044  2373  210  200  199 
2045  2373  200  210  201 
2046  2373  205  208  210 
2047  2373  210  199  205 
2049  2373  211  201  210 
2050  2373  208  211  210 
2053  2373  212  95  204 
2054  2373  201  212  204 
455  2424  213  214  215 
647  2424  216  217  218 
683  2424  219  220  221 
684  2424  215  221  220 
685  2424  219  222  220 
689  2424  223  224  225 
694  2424  226  227  224 
712  2424  224  228  225 
715  2424  229  224  227 
721  2424  230  231  232 
723  2424  233  234  217 
736  2424  233  235  236 
737  2424  235  233  237 
738  2424  238  236  235 
739  2424  235  231  238 
740  2424  231  239  232 
741  2424  237  239  235 
742  2424  239  231  235 
743  2424  240  232  239 
744  2424  237  240  239 
745  2424  225  241  223 
746  2424  242  241  225 
747  2424  242  225  230 
748  2424  230  232  242 
774  2424  227  243  219 
775  2424  244  225  228 
776  2424  230  245  231 
777  2424  230  246  245 
781  2424  247  242  232 
782  2424  240  248  232 
783  2424  237  249  240 
784  2424  233  250  237 
785  2424  250  233  217 
786  2424  217  216  250 
787  2424  250  251  237 
796  2424  252  241  242 
798  2424  253  254  216 
817  2424  216  255  250 
818  2424  255  216  254 
819  2424  254  256  255 
865  2424  218  257  258 
866  2424  257  218  217 
871  2424  217  259  257 
872  2424  259  260  257 
874  2424  261  260  259 
905  2424  262  221  215 
906  2424  215  263  262 
907  2424  263  264  262 
909  2424  214  265  215 
910  2424  265  214  266 
911  2424  263  215  265 
912  2424  265  267  263 
914  2424  268  227  219 
939  2424  213  269  270 
940  2424  269  213  215 
941  2424  220  269  215 
942  2424  270  271  272 
943  2424  271  270  269 
944  2424  271  269  220 
945  2424  220  273  271 
946  2424  274  273  275 
947  2424  273  274  271 
948  2424  274  272  271 
949  2424  274  276  272 
950  2424  276  274  275 
952  2424  277  272  276 
953  2424  278  277  276 
981  2424  219  279  222 
982  2424  279  219  243 
998  2424  222  280  220 
999  2424  280  273  220 
1000  2424  281  243  227 
1001  2424  226  281  227 
1002  2424  226  282  281 
1012  2424  223  283  224 
1013  2424  283  226  224 
1014  2424  284  226  283 
1015  2424  282  226  284 
1016  2424  284  285  282 
1020  2424  286  287  252 
1021  2424  288  286  252 
1024  2424  289  256  254 
1025  2424  290  289  254 
1034  2424  291  292  255 
1035  2424  256  291  255 
1087  2424  293  258  257 
1088  2424  260  293  257 
1144  2424  294  295  262 
1145  2424  264  294  262 
1152  2424  296  264  263 
1153  2424  267  296  263 
1160  2424  297  267  265 
1161  2424  266  297  265 
1164  2424  298  268  219 
1165  2424  221  298  219 
1169  2424  268  299  227 
1170  2424  299  229  227 
1177  2424  300  268  298 
1190  2424  301  302  300 
1191  2424  303  301  300 
1195  2424  304  290  254 
1196  2424  253  304  254 
1209  2424  305  279  306 
1210  2424  279  305  222 
1211  2424  243  307  279 
1212  2424  307  306  279 
1217  2424  308  280  222 
1218  2424  308  222  305 
1219  2424  305  309  308 
1227  2424  310  278  276 
1228  2424  275  310  276 
1231  2424  273  311  275 
1232  2424  311  273  280 
1233  2424  308  312  311 
1234  2424  311  280  308 
1238  2424  313  312  308 
1239  2424  309  313  308 
1247  2424  281  314  243 
1248  2424  314  281  282 
1249  2424  282  315  314 
1250  2424  307  243  314 
1251  2424  314  316  307 
1254  2424  317  223  241 
1255  2424  317  241  252 
1256  2424  252  287  317 
1262  2424  318  283  223 
1263  2424  318  319  284 
1264  2424  284  283  318 
1265  2424  318  223  317 
1266  2424  317  320  318 
1267  2424  321  315  282 
1268  2424  285  321  282 
1301  2424  322  285  284 
1302  2424  319  322  284 
1359  2424  225  323  230 
1360  2424  323  246  230 
1361  2424  323  225  244 
1362  2424  324  246  323 
1363  2424  244  324  323 
1368  2424  228  325  244 
1369  2424  326  327  325 
1370  2424  327  244  325 
1405  2424  229  328  224 
1406  2424  328  228  224 
1407  2424  229  329  328 
1426  2424  330  229  299 
1427  2424  329  229  330 
1428  2424  330  331  329 
1465  2424  245  332  231 
1466  2424  332  238  231 
1467  2424  245  333  332 
1470  2424  246  334  245 
1471  2424  333  245  334 
1472  2424  334  335  333 
1473  2424  336  236  238 
1474  2424  337  338  336 
1475  2424  238  337  336 
1483  2424  234  339  217 
1484  2424  339  259  217 
1485  2424  339  340  261 
1486  2424  261  259  339 
1492  2424  236  341  233 
1493  2424  341  234  233 
1494  2424  342  234  341 
1527  2424  247  343  242 
1528  2424  343  252  242 
1529  2424  252  343  288 
1553  2424  344  298  221 
1554  2424  300  298  344 
1555  2424  344  303  300 
1556  2424  344  221  262 
1557  2424  262  295  344 
1559  2424  345  303  344 
1560  2424  295  345  344 
1563  2424  346  299  268 
1564  2424  346  347  330 
1565  2424  330  299  346 
1566  2424  300  302  346 
1567  2424  346  268  300 
1573  2424  348  347  346 
1574  2424  302  348  346 
1583  2424  349  306  307 
1584  2424  316  349  307 
1587  2424  350  309  305 
1588  2424  306  350  305 
1592  2424  351  275  311 
1593  2424  312  351  311 
1596  2424  352  316  314 
1597  2424  315  352  314 
1600  2424  353  320  317 
1601  2424  287  353  317 
1608  2424  354  319  318 
1609  2424  320  354  318 
1673  2424  324  355  246 
1674  2424  355  356  334 
1675  2424  334  246  355 
1678  2424  357  356  355 
1679  2424  358  355  324 
1680  2424  244  327  358 
1681  2424  358  324  244 
1682  2424  358  359  357 
1683  2424  357  355  358 
1684  2424  326  360  327 
1687  2424  360  359  358 
1688  2424  358  327  360 
1711  2424  361  362  329 
1712  2424  331  361  329 
1716  2424  328  363  228 
1717  2424  325  228  363 
1718  2424  363  364  325 
1719  2424  329  362  363 
1720  2424  363  328  329 
1733  2424  365  364  363 
1734  2424  362  365  363 
1738  2424  366  326  325 
1739  2424  364  366  325 
1746  2424  367  331  330 
1747  2424  347  367  330 
1779  2424  368  369  333 
1780  2424  335  368  333 
1785  2424  370  335  334 
1786  2424  356  370  334 
1787  2424  371  338  337 
1788  2424  372  371  337 
1791  2424  332  373  238 
1792  2424  337  238  373 
1793  2424  373  372  337 
1794  2424  333  369  373 
1795  2424  373  332  333 
1798  2424  374  372  373 
1799  2424  369  374  373 
1800  2424  339  375  340 
1801  2424  375  339  234 
1802  2424  375  234  342 
1803  2424  342  376  375 
1808  2424  377  378  336 
1809  2424  338  377  336 
1814  2424  379  340  375 
1815  2424  376  379  375 
1821  2424  380  376  342 
1822  2424  381  380  342 
1825  2424  382  341  236 
1826  2424  382  381  342 
1827  2424  342  341  382 
1828  2424  382  236  336 
1829  2424  336  378  382 
1832  2424  383  381  382 
1833  2424  378  383  382 
1859  2424  343  384  288 
1860  2424  384  343  247 
1861  2424  385  384  247 
1864  2424  249  386  240 
1865  2424  386  248  240 
1866  2424  248  387  232 
1867  2424  387  247  232 
1868  2424  248  388  387 
1875  2424  247  389  385 
1876  2424  389  247  387 
1877  2424  388  390  389 
1878  2424  389  387  388 
1882  2424  250  391  251 
1883  2424  292  391  255 
1884  2424  391  250  255 
1885  2424  249  392  386 
1889  2424  251  393  237 
1890  2424  393  249  237 
1896  2424  251  394  393 
1897  2424  395  253  216 
1898  2424  218  395  216 
1929  2424  396  288  384 
1930  2424  385  396  384 
1938  2424  397  390  388 
1939  2424  398  397  388 
1942  2424  386  399  248 
1943  2424  388  248  399 
1944  2424  399  398  388 
1945  2424  392  400  399 
1946  2424  399  386  392 
1949  2424  401  398  399 
1950  2424  400  401  399 
1951  2424  402  385  389 
1952  2424  390  402  389 
1959  2424  403  400  392 
1960  2424  404  403  392 
1963  2424  391  405  251 
1964  2424  405  391  292 
1965  2424  394  251  405 
1966  2424  405  406  394 
1969  2424  407  406  405 
1970  2424  292  407  405 
1971  2424  393  408  249 
1972  2424  392  249  408 
1973  2424  408  404  392 
1974  2424  394  409  408 
1975  2424  408  393  394 
1978  2424  410  404  408 
1979  2424  409  410  408 
1982  2424  411  409  394 
1983  2424  406  411  394 
E_MESH_DATA
