SolidID  2373   330 
h 338   -763990  0.999939  0.905308  0.921461  0.388471  1.78221e-07
h 339   -763990  0.999939  0.905412  0.921461  0.388471  1.70243e-07
h 340   -763990  0.999939  0.905331  0.921461  0.388471  1.76453e-07
h 341   -763990  0.999939  0.905214  0.921461  0.388471  1.85407e-07
h 342   -763990  0.999939  0.905413  0.921461  0.388471  1.70197e-07
h 343   -763990  0.999939  0.905272  0.921461  0.388471  1.80959e-07
h 344   -763990  0.999939  0.905288  0.921461  0.388471  1.79752e-07
h 345   -763990  0.999939  0.905239  0.921461  0.388471  1.83522e-07
h 346   -763990  0.999939  0.905401  0.921461  0.388471  1.71089e-07
h 347   -763990  0.999939  0.905373  0.921461  0.388471  1.73274e-07
h 348   -763990  0.999939  0.905322  0.921461  0.388471  1.77118e-07
h 349   -763990  0.999939  0.905274  0.921461  0.388471  1.80824e-07
h 350   -763990  0.999939  0.905244  0.921461  0.388471  1.83114e-07
h 351   -763990  0.999939  0.905261  0.921461  0.388471  1.81795e-07
h 352   -763990  0.999939  0.905317  0.921461  0.388471  1.7752e-07
h 353   -763990  0.999939  0.905247  0.921461  0.388471  1.82909e-07
h 354   -763990  0.999939  0.905388  0.921461  0.388471  1.72124e-07
h 355   -763990  0.999939  0.905318  0.921461  0.388471  1.7743e-07
h 356   -763990  0.999939  0.905388  0.921461  0.388471  1.72081e-07
h 357   -763990  0.999939  0.905363  0.921461  0.388471  1.74031e-07
h 358   -763990  0.999939  0.905363  0.921461  0.388471  1.73983e-07
h 359   -763990  0.999939  0.905267  0.921461  0.388471  1.81333e-07
h 360   -763990  0.999939  0.905284  0.921461  0.388471  1.80076e-07
h 361   -763990  0.999939  0.905301  0.921461  0.388471  1.78758e-07
h 362   -763990  0.999939  0.90534  0.921461  0.388471  1.75762e-07
h 363   -763990  0.999939  0.905382  0.921461  0.388471  1.72575e-07
h 364   -763990  0.999939  0.905278  0.921461  0.388471  1.80547e-07
h 365   -763990  0.999939  0.905369  0.921461  0.388471  1.73551e-07
h 366   -763990  0.999939  0.905341  0.921461  0.388471  1.75729e-07
h 367   -763990  0.999939  0.905303  0.921461  0.388471  1.7858e-07
h 368   -763990  0.999939  0.905367  0.921461  0.388471  1.73707e-07
h 369   -763990  0.999939  0.905285  0.921461  0.388471  1.80007e-07
h 370   -763990  0.999939  0.905299  0.921461  0.388471  1.78894e-07
h 371   -763990  0.999939  0.905361  0.921461  0.388471  1.74167e-07
h 372   -763990  0.999939  0.905355  0.921461  0.388471  1.74638e-07
h 373   -763990  0.999939  0.9053  0.921461  0.388471  1.78815e-07
h 374   -763990  0.999939  0.905313  0.921461  0.388471  1.77816e-07
h 375   -763990  0.999939  0.905354  0.921461  0.388471  1.74695e-07
h 376   -763990  0.999939  0.905336  0.921461  0.388471  1.76089e-07
h 377   -763990  0.999939  0.905336  0.921461  0.388471  1.76112e-07
h 378   -763990  0.999939  0.905314  0.921461  0.388471  1.77748e-07
h 379   -763990  0.999939  0.905355  0.921461  0.388471  1.74654e-07
h 380   -763990  0.999939  0.905303  0.921461  0.388471  1.78574e-07
h 381   -763990  0.999939  0.90531  0.921461  0.388471  1.78046e-07
h 382   -763990  0.999939  0.905307  0.921461  0.388471  1.7826e-07
h 383   -763990  0.999939  0.905354  0.921461  0.388471  1.74704e-07
h 384   -763990  0.999939  0.905342  0.921461  0.388471  1.75652e-07
h 385   -763990  0.999939  0.905328  0.921461  0.388471  1.76703e-07
h 386   -763990  0.999939  0.905323  0.921461  0.388471  1.77095e-07
h 387   -763990  0.999939  0.905323  0.921461  0.388471  1.77087e-07
h 388   -763990  0.999939  0.905328  0.921461  0.388471  1.76706e-07
h 389   -763990  0.999939  0.905346  0.921461  0.388471  1.75331e-07
h 390   -763990  0.999939  0.905342  0.921461  0.388471  1.75642e-07
h 391   -763990  0.999939  0.905346  0.921461  0.388471  1.75336e-07
h 392   -763990  0.999939  0.905311  0.921461  0.388471  1.77981e-07
h 393   -763990  0.999939  0.905355  0.921461  0.388471  1.74647e-07
h 394   -763990  0.999939  0.905308  0.921461  0.388471  1.78188e-07
h 415   -763990  0.999939  0.904518  0.921461  0.388471  2.38577e-07
h 420   -763990  0.999939  0.905729  0.921461  0.388471  1.46057e-07
h 423   -763990  0.999939  0.899161  0.921461  0.388471  6.47789e-07
h 718   -763990  0.999939  0.904527  0.921461  0.388471  2.37851e-07
h 734   -763990  0.999939  0.904684  0.921461  0.388471  2.25877e-07
h 736   -763990  0.999939  0.90346  0.921461  0.388471  3.19351e-07
h 748   -763990  0.999939  0.906487  0.921461  0.388471  8.81873e-08
h 764   -763990  0.999939  0.90361  0.921461  0.388471  3.07921e-07
h 765   -763990  0.999939  0.902178  0.921461  0.388471  4.17313e-07
h 766   -763990  0.999939  0.902027  0.921461  0.388471  4.28816e-07
h 767   -763990  0.999939  0.90675  0.921461  0.388471  6.80816e-08
h 768   -763990  0.999939  0.906745  0.921461  0.388471  6.84496e-08
h 769   -763990  0.999939  0.909947  0.921461  0.388471  0
h 775   -763990  0.999939  0.902155  0.921461  0.388471  4.19042e-07
h 795   -763990  0.999939  0.911414  0.921461  0.388471  0
h 799   -763990  0.999939  0.90553  0.921461  0.388471  1.61249e-07
h 800   -763990  0.999939  0.905449  0.921461  0.388471  1.67461e-07
h 801   -763990  0.999939  0.905426  0.921461  0.388471  1.69166e-07
h 805   -763990  0.999939  0.905576  0.921461  0.388471  1.57753e-07
h 806   -763990  0.999939  0.905503  0.921461  0.388471  1.63327e-07
h 808   -763990  0.999939  0.908267  0.921461  0.388471  0
h 809   -763990  0.999939  0.910213  0.921461  0.388471  0
h 810   -763990  0.999939  0.908977  0.921461  0.388471  0
h 811   -763990  0.999939  0.907829  0.921461  0.388471  0
h 832   -763990  0.999939  0.905236  0.921461  0.388471  1.83739e-07
h 833   -763990  0.999939  0.905184  0.921461  0.388471  1.87709e-07
h 834   -763990  0.999939  0.905164  0.921461  0.388471  1.89205e-07
h 835   -763990  0.999939  0.905049  0.921461  0.388471  1.9799e-07
h 836   -763990  0.999939  0.905087  0.921461  0.388471  1.95136e-07
h 837   -763990  0.999939  0.905043  0.921461  0.388471  1.9846e-07
h 850   -763990  0.999939  0.905486  0.921461  0.388471  1.64655e-07
h 856   -763990  0.999939  0.906006  0.921461  0.388471  1.24895e-07
h 896   -763990  0.999939  0.900453  0.921461  0.388471  5.491e-07
h 897   -763990  0.999939  0.902623  0.921461  0.388471  3.83336e-07
h 898   -763989  0.999939  0.895276  0.921461  0.388471  9.44526e-07
h 899   -763990  0.999939  0.897845  0.921461  0.388471  7.48327e-07
h 903   -763989  0.999939  0.89278  0.921461  0.388471  1.13522e-06
h 904   -763989  0.999939  0.892649  0.921461  0.388471  1.14521e-06
h 905   -763989  0.999939  0.885231  0.921461  0.388471  1.71193e-06
h 906   -763989  0.999939  0.890712  0.921461  0.388471  1.29318e-06
h 952   -763990  0.999939  0.907712  0.921461  0.388471  0
h 953   -763990  0.999939  0.899771  0.921461  0.388471  6.01211e-07
h 954   -763990  0.999939  0.904166  0.921461  0.388471  2.65419e-07
h 955   -763990  0.999939  0.91009  0.921461  0.388471  0
h 956   -763990  0.999939  0.914041  0.921461  0.388471  0
h 957   -763990  0.999939  0.910108  0.921461  0.388471  0
h 958   -763990  0.999939  0.925095  0.921461  0.388471  0
h 960   -763990  0.999939  0.953564  0.921461  0.388471  0
h 961   -763990  0.999939  0.947769  0.921461  0.388471  0
h 972   -763990  0.999939  0.905216  0.921461  0.388471  1.85258e-07
h 973   -763990  0.999939  0.905228  0.921461  0.388471  1.84336e-07
h 974   -763990  0.999939  0.905177  0.921461  0.388471  1.8822e-07
h 975   -763990  0.999939  0.905178  0.921461  0.388471  1.88143e-07
h 1036   -763990  0.999939  0.901866  0.921461  0.388471  4.41122e-07
h 1037   -763990  0.999939  0.902462  0.921461  0.388471  3.95617e-07
h 1038   -763990  0.999939  0.899549  0.921461  0.388471  6.18164e-07
h 1039   -763990  0.999939  0.897654  0.921461  0.388471  7.62898e-07
h 1040   -763990  0.999939  0.897986  0.921461  0.388471  7.37538e-07
h 1041   -763990  0.999939  0.899058  0.921461  0.388471  6.55679e-07
h 1045   -763990  0.999939  0.90525  0.921461  0.388471  1.82613e-07
h 1046   -763990  0.999939  0.905248  0.921461  0.388471  1.82796e-07
h 1047   -763990  0.999939  0.905177  0.921461  0.388471  1.88254e-07
h 1048   -763990  0.999939  0.905195  0.921461  0.388471  1.86852e-07
h 1054   -763990  0.999939  0.905221  0.921461  0.388471  1.84846e-07
h 1055   -763990  0.999939  0.90523  0.921461  0.388471  1.84147e-07
h 1060   -763990  0.999939  0.905541  0.921461  0.388471  1.60405e-07
h 1061   -763990  0.999939  0.905491  0.921461  0.388471  1.64218e-07
h 1062   -763990  0.999939  0.905741  0.921461  0.388471  1.45111e-07
h 1063   -763990  0.999939  0.905126  0.921461  0.388471  1.92143e-07
h 1064   -763990  0.999939  0.905256  0.921461  0.388471  1.82195e-07
h 1065   -763990  0.999939  0.90501  0.921461  0.388471  2.00966e-07
h 1066   -763990  0.999939  0.905543  0.921461  0.388471  1.60251e-07
h 1067   -763990  0.999939  0.905475  0.921461  0.388471  1.65443e-07
h 1068   -763990  0.999939  0.905725  0.921461  0.388471  1.46326e-07
h 1069   -763990  0.999939  0.905694  0.921461  0.388471  1.48719e-07
h 1070   -763990  0.999939  0.905871  0.921461  0.388471  1.35244e-07
h 1073   -763990  0.999939  0.905898  0.921461  0.388471  1.33129e-07
h 1074   -763990  0.999939  0.905759  0.921461  0.388471  1.43793e-07
h 1075   -763990  0.999939  0.905681  0.921461  0.388471  1.49711e-07
h 1080   -763990  0.999939  0.922166  0.921461  0.388471  0
h 1081   -763990  0.999939  0.923533  0.921461  0.388471  0
h 1082   -763990  0.999939  0.912604  0.921461  0.388471  0
h 1083   -763990  0.999939  0.918408  0.921461  0.388471  0
h 1084   -763990  0.999939  0.913922  0.921461  0.388471  0
h 1086   -763990  0.999939  0.917034  0.921461  0.388471  0
h 1087   -763990  0.999939  0.91381  0.921461  0.388471  0
h 1103   -763990  0.999939  0.905137  0.921461  0.388471  1.91308e-07
h 1104   -763990  0.999939  0.905086  0.921461  0.388471  1.9515e-07
h 1106   -763990  0.999939  0.904959  0.921461  0.388471  2.04875e-07
h 1107   -763990  0.999939  0.904841  0.921461  0.388471  2.13916e-07
h 1122   -763990  0.999939  0.905571  0.921461  0.388471  1.58108e-07
h 1123   -763990  0.999939  0.90565  0.921461  0.388471  1.52089e-07
h 1126   -763990  0.999939  0.905283  0.921461  0.388471  1.80121e-07
h 1127   -763990  0.999939  0.905012  0.921461  0.388471  2.00831e-07
h 1128   -763990  0.999939  0.904905  0.921461  0.388471  2.08979e-07
h 1129   -763990  0.999939  0.905068  0.921461  0.388471  1.96569e-07
h 1130   -763990  0.999939  0.905409  0.921461  0.388471  1.70486e-07
h 1131   -763990  0.999939  0.905304  0.921461  0.388471  1.78489e-07
h 1132   -763990  0.999939  0.905643  0.921461  0.388471  1.5262e-07
h 1133   -763990  0.999939  0.905576  0.921461  0.388471  1.57776e-07
h 1134   -763990  0.999939  0.905753  0.921461  0.388471  1.44203e-07
h 1135   -763990  0.999939  0.905581  0.921461  0.388471  1.57343e-07
h 1136   -763990  0.999939  0.905693  0.921461  0.388471  1.48789e-07
h 1137   -763990  0.999939  0.905864  0.921461  0.388471  1.35767e-07
h 1138   -763990  0.999939  0.905935  0.921461  0.388471  1.303e-07
h 1141   -763990  0.999939  0.905945  0.921461  0.388471  1.29555e-07
h 1142   -763990  0.999939  0.906142  0.921461  0.388471  1.14499e-07
h 1197   -763990  0.999939  0.897931  0.921461  0.388471  7.41744e-07
h 1198   -763989  0.999939  0.89598  0.921461  0.388471  8.90785e-07
h 1201   -763989  0.999939  0.8904  0.921461  0.388471  1.31703e-06
h 1202   -763989  0.999939  0.886226  0.921461  0.388471  1.63588e-06
h 1251   -763990  0.999939  0.904308  0.921461  0.388471  2.546e-07
h 1253   -763990  0.999939  0.903257  0.921461  0.388471  3.34862e-07
h 1254   -763990  0.999939  0.903863  0.921461  0.388471  2.88587e-07
h 1255   -763990  0.999939  0.903823  0.921461  0.388471  2.91666e-07
h 1281   -763990  0.999939  0.907853  0.921461  0.388471  0
h 1282   -763990  0.999939  0.908489  0.921461  0.388471  0
h 1286   -763990  0.999939  0.906558  0.921461  0.388471  8.27097e-08
h 1287   -763990  0.999939  0.906368  0.921461  0.388471  9.72243e-08
h 1288   -763990  0.999939  0.906277  0.921461  0.388471  1.0417e-07
h 1289   -763990  0.999939  0.907164  0.921461  0.388471  3.64221e-08
h 1290   -763990  0.999939  0.907344  0.921461  0.388471  2.27158e-08
h 1292   -763990  0.999939  0.942564  0.921461  0.388471  0
h 1293   -763990  0.999939  0.950163  0.921461  0.388471  0
h 1302   -763990  0.999939  0.905197  0.921461  0.388471  1.86666e-07
h 1303   -763990  0.999939  0.905214  0.921461  0.388471  1.85384e-07
h 1304   -763990  0.999939  0.905213  0.921461  0.388471  1.85479e-07
h 1397   -763990  0.999939  0.905144  0.921461  0.388471  1.90732e-07
h 1398   -763990  0.999939  0.905059  0.921461  0.388471  1.97248e-07
h 1399   -763990  0.999939  0.905135  0.921461  0.388471  1.91426e-07
h 1400   -763990  0.999939  0.905094  0.921461  0.388471  1.94576e-07
h 1403   -763990  0.999939  0.904704  0.921461  0.388471  2.24344e-07
h 1404   -763990  0.999939  0.904464  0.921461  0.388471  2.42661e-07
h 1405   -763990  0.999939  0.90484  0.921461  0.388471  2.13933e-07
h 1406   -763990  0.999939  0.904736  0.921461  0.388471  2.2188e-07
h 1407   -763990  0.999939  0.904605  0.921461  0.388471  2.31942e-07
h 1417   -763990  0.999939  0.901302  0.921461  0.388471  4.84248e-07
h 1418   -763990  0.999939  0.899675  0.921461  0.388471  6.08533e-07
h 1419   -763990  0.999939  0.898248  0.921461  0.388471  7.17517e-07
h 1422   -763990  0.999939  0.90267  0.921461  0.388471  3.7971e-07
h 1423   -763990  0.999939  0.902743  0.921461  0.388471  3.74132e-07
h 1424   -763990  0.999939  0.901748  0.921461  0.388471  4.50144e-07
h 1425   -763990  0.999939  0.901156  0.921461  0.388471  4.95376e-07
h 1426   -763989  0.999939  0.894416  0.921461  0.388471  1.01029e-06
h 1427   -763989  0.999939  0.889363  0.921461  0.388471  1.39626e-06
h 1430   -763987  0.999939  0.863571  0.921461  0.388471  3.36651e-06
h 1431   -763989  0.999939  0.88286  0.921461  0.388471  1.89301e-06
h 1437   -763989  0.999939  0.896004  0.921461  0.388471  8.88955e-07
h 1438   -763989  0.999939  0.89532  0.921461  0.388471  9.41215e-07
h 1439   -763989  0.999939  0.88936  0.921461  0.388471  1.39647e-06
h 1440   -763989  0.999939  0.892446  0.921461  0.388471  1.16074e-06
h 1441   -763990  0.999939  0.905226  0.921461  0.388471  1.84447e-07
h 1442   -763990  0.999939  0.905203  0.921461  0.388471  1.86229e-07
h 1443   -763990  0.999939  0.905225  0.921461  0.388471  1.84562e-07
h 1444   -763990  0.999939  0.905216  0.921461  0.388471  1.85236e-07
h 1447   -763990  0.999939  0.905206  0.921461  0.388471  1.85993e-07
h 1448   -763990  0.999939  0.905195  0.921461  0.388471  1.86885e-07
h 1451   -763990  0.999939  0.905217  0.921461  0.388471  1.85146e-07
h 1452   -763990  0.999939  0.905216  0.921461  0.388471  1.8523e-07
h 1455   -763990  0.999939  0.905426  0.921461  0.388471  1.69198e-07
h 1456   -763990  0.999939  0.905436  0.921461  0.388471  1.68435e-07
h 1461   -763990  0.999939  0.905477  0.921461  0.388471  1.65294e-07
h 1462   -763990  0.999939  0.905521  0.921461  0.388471  1.61913e-07
h 1463   -763990  0.999939  0.905439  0.921461  0.388471  1.68196e-07
h 1464   -763990  0.999939  0.90545  0.921461  0.388471  1.67359e-07
h 1471   -763990  0.999939  0.906204  0.921461  0.388471  1.09747e-07
h 1472   -763990  0.999939  0.906592  0.921461  0.388471  8.016e-08
h 1473   -763990  0.999939  0.906525  0.921461  0.388471  8.52646e-08
h 1474   -763990  0.999939  0.906582  0.921461  0.388471  8.0927e-08
h 1491   -763990  0.999939  0.910749  0.921461  0.388471  0
h 1492   -763990  0.999939  0.909236  0.921461  0.388471  0
h 1496   -763990  0.999939  0.904265  0.921461  0.388471  2.57862e-07
h 1497   -763990  0.999939  0.904649  0.921461  0.388471  2.28593e-07
h 1501   -763990  0.999939  0.901538  0.921461  0.388471  4.66174e-07
h 1502   -763990  0.999939  0.8993  0.921461  0.388471  6.37139e-07
h 1503   -763990  0.999939  0.899635  0.921461  0.388471  6.11549e-07
h 1504   -763990  0.999939  0.903315  0.921461  0.388471  3.30478e-07
h 1505   -763990  0.999939  0.902335  0.921461  0.388471  4.05343e-07
h 1506   -763990  0.999939  0.901928  0.921461  0.388471  4.36401e-07
h 1507   -763990  0.999939  0.904735  0.921461  0.388471  2.21988e-07
h 1508   -763990  0.999939  0.904385  0.921461  0.388471  2.48742e-07
h 1509   -763990  0.999939  0.904737  0.921461  0.388471  2.21833e-07
h 1510   -763990  0.999939  0.904866  0.921461  0.388471  2.11976e-07
h 1517   -763990  0.999939  0.905464  0.921461  0.388471  1.66271e-07
h 1518   -763990  0.999939  0.905443  0.921461  0.388471  1.67932e-07
h 1524   -763990  0.999939  0.905404  0.921461  0.388471  1.70914e-07
h 1525   -763990  0.999939  0.905421  0.921461  0.388471  1.69619e-07
h 1526   -763990  0.999939  0.905427  0.921461  0.388471  1.69143e-07
h 1602   -763990  0.999939  0.938042  0.921461  0.388471  0
h 1603   -763990  0.999939  0.947512  0.921461  0.388471  0
h 1608   -763990  0.999939  0.942087  0.921461  0.388471  0
h 1609   -763990  0.999939  0.929475  0.921461  0.388471  0
h 1635   -763990  0.999939  0.904133  0.921461  0.388471  2.68003e-07
h 1638   -763990  0.999939  0.904343  0.921461  0.388471  2.51942e-07
h 1639   -763990  0.999939  0.90445  0.921461  0.388471  2.43727e-07
h 1642   -763990  0.999939  0.903095  0.921461  0.388471  3.47297e-07
h 1643   -763990  0.999939  0.903513  0.921461  0.388471  3.15359e-07
h 1646   -763990  0.999939  0.90663  0.921461  0.388471  7.72314e-08
h 1647   -763990  0.999939  0.906952  0.921461  0.388471  5.26049e-08
h 1722   -763990  0.999939  0.905043  0.921461  0.388471  1.98446e-07
h 1723   -763990  0.999939  0.904923  0.921461  0.388471  2.07658e-07
h 1724   -763990  0.999939  0.904997  0.921461  0.388471  2.01954e-07
h 1727   -763990  0.999939  0.90468  0.921461  0.388471  2.26166e-07
h 1728   -763990  0.999939  0.904792  0.921461  0.388471  2.17658e-07
h 1740   -763990  0.999939  0.898979  0.921461  0.388471  6.61669e-07
h 1741   -763990  0.999939  0.900083  0.921461  0.388471  5.7733e-07
h 1746   -763990  0.999939  0.901653  0.921461  0.388471  4.57395e-07
h 1747   -763990  0.999939  0.90226  0.921461  0.388471  4.11027e-07
h 1750   -763989  0.999939  0.892519  0.921461  0.388471  1.15515e-06
h 1751   -763989  0.999939  0.895147  0.921461  0.388471  9.54391e-07
h 1754   -763990  0.999939  0.905471  0.921461  0.388471  1.65777e-07
h 1755   -763990  0.999939  0.905497  0.921461  0.388471  1.63759e-07
h 1760   -763990  0.999939  0.906973  0.921461  0.388471  5.10398e-08
h 1761   -763990  0.999939  0.906701  0.921461  0.388471  7.18077e-08
h 1764   -763990  0.999939  0.907475  0.921461  0.388471  1.27066e-08
h 1765   -763990  0.999939  0.908355  0.921461  0.388471  0
h 1766   -763990  0.999939  0.908675  0.921461  0.388471  0
h 1767   -763990  0.999939  0.907273  0.921461  0.388471  2.80928e-08
h 1768   -763990  0.999939  0.907101  0.921461  0.388471  4.12537e-08
h 1771   -763990  0.999939  0.908152  0.921461  0.388471  0
h 1772   -763990  0.999939  0.907683  0.921461  0.388471  0
h 1775   -763990  0.999939  0.91022  0.921461  0.388471  0
h 1776   -763990  0.999939  0.909393  0.921461  0.388471  0
h 1777   -763990  0.999939  0.906044  0.921461  0.388471  1.22007e-07
h 1780   -763990  0.999939  0.906126  0.921461  0.388471  1.15735e-07
h 1781   -763990  0.999939  0.906355  0.921461  0.388471  9.82499e-08
h 1784   -763990  0.999939  0.904081  0.921461  0.388471  2.71967e-07
h 1785   -763990  0.999939  0.904129  0.921461  0.388471  2.68276e-07
h 1786   -763990  0.999939  0.903333  0.921461  0.388471  3.29088e-07
h 1787   -763990  0.999939  0.90352  0.921461  0.388471  3.1483e-07
h 1795   -763990  0.999939  0.904535  0.921461  0.388471  2.37299e-07
h 1796   -763990  0.999939  0.904375  0.921461  0.388471  2.49522e-07
h 1803   -763990  0.999939  0.902945  0.921461  0.388471  3.58711e-07
h 1804   -763990  0.999939  0.902469  0.921461  0.388471  3.95065e-07
h 1805   -763990  0.999939  0.901169  0.921461  0.388471  4.94366e-07
h 1806   -763990  0.999939  0.900381  0.921461  0.388471  5.54618e-07
h 1811   -763990  0.999939  0.90545  0.921461  0.388471  1.67384e-07
h 1812   -763990  0.999939  0.905437  0.921461  0.388471  1.68396e-07
h 1813   -763990  0.999939  0.90538  0.921461  0.388471  1.72751e-07
h 1814   -763990  0.999939  0.905389  0.921461  0.388471  1.72067e-07
h 1815   -763990  0.999939  0.905416  0.921461  0.388471  1.69995e-07
h 1816   -763990  0.999939  0.905404  0.921461  0.388471  1.70908e-07
h 1817   -763990  0.999939  0.905397  0.921461  0.388471  1.71386e-07
h 1818   -763990  0.999939  0.905412  0.921461  0.388471  1.70279e-07
h 1819   -763990  0.999939  0.905421  0.921461  0.388471  1.69557e-07
h 1820   -763990  0.999939  0.905412  0.921461  0.388471  1.70288e-07
h 1821   -763990  0.999939  0.905416  0.921461  0.388471  1.69947e-07
h 1824   -763990  0.999939  0.905421  0.921461  0.388471  1.696e-07
h 1825   -763990  0.999939  0.905419  0.921461  0.388471  1.69736e-07
h 1826   -763990  0.999939  0.905417  0.921461  0.388471  1.69865e-07
h 1929   -763990  0.999939  0.918758  0.921461  0.388471  0
h 1930   -763990  0.999939  0.92598  0.921461  0.388471  0
h 1931   -763990  0.999939  0.930519  0.921461  0.388471  0
h 1932   -763990  0.999939  0.914638  0.921461  0.388471  0
h 1933   -763990  0.999939  0.918078  0.921461  0.388471  0
h 1934   -763990  0.999939  0.913076  0.921461  0.388471  0
h 1935   -763990  0.999939  0.914589  0.921461  0.388471  0
h 1936   -763990  0.999939  0.916729  0.921461  0.388471  0
h 1942   -763990  0.999939  0.908955  0.921461  0.388471  0
h 1943   -763990  0.999939  0.908649  0.921461  0.388471  0
h 1944   -763990  0.999939  0.909879  0.921461  0.388471  0
h 1979   -763990  0.999939  0.904957  0.921461  0.388471  2.05049e-07
h 1980   -763990  0.999939  0.905017  0.921461  0.388471  2.00468e-07
h 2010   -763990  0.999939  0.913761  0.921461  0.388471  0
h 2011   -763990  0.999939  0.915609  0.921461  0.388471  0
h 2016   -763990  0.999939  0.925189  0.921461  0.388471  0
h 2019   -763990  0.999939  0.920924  0.921461  0.388471  0
h 2020   -763990  0.999939  0.919349  0.921461  0.388471  0
h 2021   -763990  0.999939  0.911821  0.921461  0.388471  0
h 2022   -763990  0.999939  0.910805  0.921461  0.388471  0
h 2023   -763990  0.999939  0.909927  0.921461  0.388471  0
h 2026   -763990  0.999939  0.910185  0.921461  0.388471  0
h 2027   -763990  0.999939  0.911148  0.921461  0.388471  0
SolidID  2424   252 
h 417   -763990  0.999939  0.900835  0.388471  0.921461  5.19888e-07
h 418   -763990  0.999939  0.904098  0.388471  0.921461  2.70611e-07
h 419   -763990  0.999939  0.905381  0.388471  0.921461  1.72639e-07
h 702   -763990  0.999939  0.905244  0.388471  0.921461  1.83069e-07
h 703   -763990  0.999939  0.905082  0.388471  0.921461  1.9549e-07
h 704   -763990  0.999939  0.904411  0.388471  0.921461  2.4673e-07
h 705   -763990  0.999939  0.904848  0.388471  0.921461  2.13393e-07
h 708   -763990  0.999939  0.907179  0.388471  0.921461  3.52841e-08
h 720   -763990  0.999939  0.905039  0.388471  0.921461  1.98751e-07
h 722   -763990  0.999939  0.902787  0.388471  0.921461  3.70791e-07
h 723   -763990  0.999939  0.904722  0.388471  0.921461  2.2295e-07
h 724   -763990  0.999939  0.905311  0.388471  0.921461  1.77996e-07
h 726   -763990  0.999939  0.905279  0.388471  0.921461  1.80396e-07
h 727   -763990  0.999939  0.905349  0.388471  0.921461  1.7512e-07
h 729   -763990  0.999939  0.905543  0.388471  0.921461  1.60254e-07
h 730   -763990  0.999939  0.905401  0.388471  0.921461  1.71149e-07
h 731   -763990  0.999939  0.905377  0.388471  0.921461  1.72945e-07
h 732   -763990  0.999939  0.905409  0.388471  0.921461  1.70495e-07
h 758   -763990  0.999939  0.90737  0.388471  0.921461  2.06655e-08
h 761   -763990  0.999939  0.905684  0.388471  0.921461  1.49479e-07
h 813   -763990  0.999939  0.909417  0.388471  0.921461  0
h 820   -763990  0.999939  0.901465  0.388471  0.921461  4.71801e-07
h 821   -763990  0.999939  0.902725  0.388471  0.921461  3.75553e-07
h 822   -763990  0.999939  0.905551  0.388471  0.921461  1.5967e-07
h 823   -763990  0.999939  0.910096  0.388471  0.921461  0
h 824   -763990  0.999939  0.909857  0.388471  0.921461  0
h 825   -763990  0.999939  0.911884  0.388471  0.921461  0
h 842   -763989  0.999939  0.895694  0.388471  0.921461  9.12638e-07
h 845   -763990  0.999939  0.900407  0.388471  0.921461  5.52577e-07
h 846   -763989  0.999939  0.895326  0.388471  0.921461  9.4072e-07
h 847   -763990  0.999939  0.897211  0.388471  0.921461  7.96753e-07
h 864   -763990  0.999939  0.903632  0.388471  0.921461  3.06244e-07
h 865   -763990  0.999939  0.90437  0.388471  0.921461  2.49835e-07
h 866   -763990  0.999939  0.903922  0.388471  0.921461  2.841e-07
h 867   -763990  0.999939  0.904397  0.388471  0.921461  2.47801e-07
h 868   -763990  0.999939  0.90415  0.388471  0.921461  2.66704e-07
h 869   -763990  0.999939  0.901386  0.388471  0.921461  4.77807e-07
h 870   -763990  0.999939  0.905291  0.388471  0.921461  1.79534e-07
h 871   -763990  0.999939  0.905239  0.388471  0.921461  1.83485e-07
h 885   -763989  0.999939  0.896102  0.388471  0.921461  8.81477e-07
h 886   -763990  0.999939  0.899272  0.388471  0.921461  6.39339e-07
h 887   -763990  0.999939  0.899146  0.388471  0.921461  6.48907e-07
h 888   -763990  0.999939  0.905145  0.388471  0.921461  1.90693e-07
h 889   -763990  0.999939  0.90503  0.388471  0.921461  1.99438e-07
h 890   -763990  0.999939  0.905094  0.388471  0.921461  1.94549e-07
h 891   -763990  0.999939  0.900077  0.388471  0.921461  5.77847e-07
h 892   -763990  0.999939  0.901395  0.388471  0.921461  4.77158e-07
h 893   -763990  0.999939  0.902594  0.388471  0.921461  3.85557e-07
h 894   -763990  0.999939  0.902725  0.388471  0.921461  3.75566e-07
h 908   -763990  0.999939  0.903307  0.388471  0.921461  3.31041e-07
h 909   -763990  0.999939  0.899544  0.388471  0.921461  6.18539e-07
h 910   -763990  0.999939  0.907512  0.388471  0.921461  9.88786e-09
h 911   -763990  0.999939  0.919735  0.388471  0.921461  0
h 933   -763989  0.999939  0.886575  0.388471  0.921461  1.60925e-06
h 934   -763989  0.999939  0.891685  0.388471  0.921461  1.21889e-06
h 962   -763990  0.999939  0.921387  0.388471  0.921461  0
h 963   -763990  0.999939  0.923139  0.388471  0.921461  0
h 965   -763990  0.999939  0.949628  0.388471  0.921461  0
h 966   -763990  0.999939  0.942113  0.388471  0.921461  0
h 980   -763990  0.999939  0.900046  0.388471  0.921461  5.80204e-07
h 981   -763990  0.999939  0.900978  0.388471  0.921461  5.08979e-07
h 982   -763990  0.999939  0.905121  0.388471  0.921461  1.92506e-07
h 983   -763990  0.999939  0.904972  0.388471  0.921461  2.03867e-07
h 989   -763990  0.999939  0.903917  0.388471  0.921461  2.84443e-07
h 990   -763990  0.999939  0.904474  0.388471  0.921461  2.41934e-07
h 991   -763990  0.999939  0.904177  0.388471  0.921461  2.64586e-07
h 1001   -763990  0.999939  0.905376  0.388471  0.921461  1.73014e-07
h 1002   -763990  0.999939  0.905369  0.388471  0.921461  1.73592e-07
h 1003   -763990  0.999939  0.9054  0.388471  0.921461  1.71207e-07
h 1006   -763990  0.999939  0.905415  0.388471  0.921461  1.7002e-07
h 1007   -763990  0.999939  0.905387  0.388471  0.921461  1.72194e-07
h 1090   -763990  0.999939  0.912283  0.388471  0.921461  0
h 1091   -763990  0.999939  0.917919  0.388471  0.921461  0
h 1092   -763990  0.999939  0.9144  0.388471  0.921461  0
h 1097   -763990  0.999939  0.92882  0.388471  0.921461  0
h 1098   -763990  0.999939  0.941204  0.388471  0.921461  0
h 1110   -763989  0.999939  0.891678  0.388471  0.921461  1.21942e-06
h 1111   -763989  0.999939  0.887359  0.388471  0.921461  1.54931e-06
h 1115   -763990  0.999939  0.898902  0.388471  0.921461  6.6756e-07
h 1116   -763989  0.999939  0.897004  0.388471  0.921461  8.12544e-07
h 1143   -763990  0.999939  0.905204  0.388471  0.921461  1.86129e-07
h 1144   -763990  0.999939  0.905196  0.388471  0.921461  1.86791e-07
h 1145   -763990  0.999939  0.90514  0.388471  0.921461  1.9103e-07
h 1146   -763990  0.999939  0.905146  0.388471  0.921461  1.90558e-07
h 1149   -763990  0.999939  0.905172  0.388471  0.921461  1.88627e-07
h 1150   -763990  0.999939  0.905192  0.388471  0.921461  1.87105e-07
h 1153   -763989  0.999939  0.896667  0.388471  0.921461  8.3829e-07
h 1154   -763990  0.999939  0.898675  0.388471  0.921461  6.84944e-07
h 1157   -763990  0.999939  0.904294  0.388471  0.921461  2.55694e-07
h 1158   -763990  0.999939  0.90451  0.388471  0.921461  2.39206e-07
h 1161   -763990  0.999939  0.905059  0.388471  0.921461  1.97226e-07
h 1162   -763990  0.999939  0.905106  0.388471  0.921461  1.93643e-07
h 1165   -763989  0.999939  0.897  0.388471  0.921461  8.12888e-07
h 1168   -763988  0.999939  0.872985  0.388471  0.921461  2.64738e-06
h 1169   -763989  0.999939  0.890724  0.388471  0.921461  1.29225e-06
h 1170   -763989  0.999939  0.891396  0.388471  0.921461  1.24096e-06
h 1171   -763990  0.999939  0.903233  0.388471  0.921461  3.36706e-07
h 1174   -763990  0.999939  0.903662  0.388471  0.921461  3.03976e-07
h 1175   -763990  0.999939  0.903867  0.388471  0.921461  2.8829e-07
h 1186   -763990  0.999939  0.900988  0.388471  0.921461  5.08193e-07
h 1187   -763990  0.999939  0.90192  0.388471  0.921461  4.37063e-07
h 1190   -763990  0.999939  0.904878  0.388471  0.921461  2.1107e-07
h 1191   -763990  0.999939  0.904659  0.388471  0.921461  2.27825e-07
h 1192   -763990  0.999939  0.904666  0.388471  0.921461  2.2726e-07
h 1193   -763990  0.999939  0.904995  0.388471  0.921461  2.02101e-07
h 1194   -763990  0.999939  0.904987  0.388471  0.921461  2.02701e-07
h 1219   -763990  0.999939  0.943302  0.388471  0.921461  0
h 1220   -763990  0.999939  0.931719  0.388471  0.921461  0
h 1223   -763990  0.999939  0.911751  0.388471  0.921461  0
h 1224   -763990  0.999939  0.918824  0.388471  0.921461  0
h 1225   -763990  0.999939  0.923762  0.388471  0.921461  0
h 1226   -763990  0.999939  0.905912  0.388471  0.921461  1.32083e-07
h 1227   -763990  0.999939  0.907022  0.388471  0.921461  4.72934e-08
h 1228   -763990  0.999939  0.913379  0.388471  0.921461  0
h 1229   -763990  0.999939  0.909525  0.388471  0.921461  0
h 1230   -763990  0.999939  0.911514  0.388471  0.921461  0
h 1297   -763990  0.999939  0.943097  0.388471  0.921461  0
h 1298   -763990  0.999939  0.950349  0.388471  0.921461  0
h 1308   -763990  0.999939  0.905226  0.388471  0.921461  1.84466e-07
h 1309   -763990  0.999939  0.905279  0.388471  0.921461  1.80465e-07
h 1310   -763990  0.999939  0.905273  0.388471  0.921461  1.80905e-07
h 1314   -763990  0.999939  0.901626  0.388471  0.921461  4.59488e-07
h 1315   -763990  0.999939  0.900798  0.388471  0.921461  5.22723e-07
h 1316   -763990  0.999939  0.904733  0.388471  0.921461  2.22134e-07
h 1317   -763990  0.999939  0.904441  0.388471  0.921461  2.44422e-07
h 1318   -763990  0.999939  0.90446  0.388471  0.921461  2.43013e-07
h 1323   -763990  0.999939  0.905014  0.388471  0.921461  2.00657e-07
h 1324   -763990  0.999939  0.904858  0.388471  0.921461  2.12573e-07
h 1325   -763990  0.999939  0.904875  0.388471  0.921461  2.11296e-07
h 1334   -763990  0.999939  0.904263  0.388471  0.921461  2.58061e-07
h 1335   -763990  0.999939  0.904017  0.388471  0.921461  2.76836e-07
h 1338   -763990  0.999939  0.90317  0.388471  0.921461  3.41566e-07
h 1339   -763990  0.999939  0.902221  0.388471  0.921461  4.14006e-07
h 1340   -763990  0.999939  0.902251  0.388471  0.921461  4.11762e-07
h 1341   -763990  0.999939  0.903691  0.388471  0.921461  3.01751e-07
h 1342   -763990  0.999939  0.903661  0.388471  0.921461  3.04025e-07
h 1348   -763990  0.999939  0.905236  0.388471  0.921461  1.83684e-07
h 1349   -763990  0.999939  0.905268  0.388471  0.921461  1.81309e-07
h 1350   -763990  0.999939  0.905222  0.388471  0.921461  1.84778e-07
h 1353   -763990  0.999939  0.905421  0.388471  0.921461  1.69614e-07
h 1354   -763990  0.999939  0.905415  0.388471  0.921461  1.70059e-07
h 1362   -763990  0.999939  0.905504  0.388471  0.921461  1.63235e-07
h 1363   -763990  0.999939  0.905598  0.388471  0.921461  1.56052e-07
h 1364   -763990  0.999939  0.905806  0.388471  0.921461  1.40177e-07
h 1371   -763990  0.999939  0.905421  0.388471  0.921461  1.69595e-07
h 1372   -763990  0.999939  0.905427  0.388471  0.921461  1.69107e-07
h 1373   -763990  0.999939  0.905414  0.388471  0.921461  1.70088e-07
h 1374   -763990  0.999939  0.905504  0.388471  0.921461  1.63224e-07
h 1375   -763990  0.999939  0.905523  0.388471  0.921461  1.61801e-07
h 1376   -763990  0.999939  0.905487  0.388471  0.921461  1.64531e-07
h 1382   -763990  0.999939  0.905413  0.388471  0.921461  1.70184e-07
h 1383   -763990  0.999939  0.905447  0.388471  0.921461  1.67608e-07
h 1384   -763990  0.999939  0.905443  0.388471  0.921461  1.67871e-07
h 1385   -763990  0.999939  0.905408  0.388471  0.921461  1.70592e-07
h 1386   -763990  0.999939  0.905415  0.388471  0.921461  1.70073e-07
h 1387   -763990  0.999939  0.90689  0.388471  0.921461  5.73336e-08
h 1388   -763990  0.999939  0.90586  0.388471  0.921461  1.36059e-07
h 1389   -763990  0.999939  0.906154  0.388471  0.921461  1.13614e-07
h 1390   -763990  0.999939  0.905482  0.388471  0.921461  1.64941e-07
h 1391   -763990  0.999939  0.905484  0.388471  0.921461  1.64773e-07
h 1392   -763990  0.999939  0.905461  0.388471  0.921461  1.66566e-07
h 1529   -763990  0.999939  0.906729  0.388471  0.921461  6.9675e-08
h 1530   -763990  0.999939  0.906273  0.388471  0.921461  1.04469e-07
h 1535   -763990  0.999939  0.905703  0.388471  0.921461  1.48027e-07
h 1536   -763990  0.999939  0.90554  0.388471  0.921461  1.60473e-07
h 1537   -763990  0.999939  0.910681  0.388471  0.921461  0
h 1538   -763990  0.999939  0.909449  0.388471  0.921461  0
h 1541   -763990  0.999939  0.906548  0.388471  0.921461  8.34857e-08
h 1588   -763990  0.999939  0.901406  0.388471  0.921461  4.76279e-07
h 1589   -763990  0.999939  0.905713  0.388471  0.921461  1.4727e-07
h 1590   -763990  0.999939  0.906934  0.388471  0.921461  5.40329e-08
h 1612   -763990  0.999939  0.904815  0.388471  0.921461  2.15904e-07
h 1613   -763990  0.999939  0.904916  0.388471  0.921461  2.0815e-07
h 1616   -763990  0.999939  0.911678  0.388471  0.921461  0
h 1617   -763990  0.999939  0.91025  0.388471  0.921461  0
h 1618   -763990  0.999939  0.907503  0.388471  0.921461  1.05361e-08
h 1619   -763990  0.999939  0.907959  0.388471  0.921461  0
h 1620   -763990  0.999939  0.909315  0.388471  0.921461  0
h 1621   -763990  0.999939  0.909217  0.388471  0.921461  0
h 1624   -763990  0.999939  0.908331  0.388471  0.921461  0
h 1625   -763990  0.999939  0.907698  0.388471  0.921461  0
h 1628   -763990  0.999939  0.91913  0.388471  0.921461  0
h 1629   -763990  0.999939  0.915592  0.388471  0.921461  0
h 1651   -763990  0.999939  0.905243  0.388471  0.921461  1.83219e-07
h 1652   -763990  0.999939  0.905225  0.388471  0.921461  1.84555e-07
h 1653   -763990  0.999939  0.905215  0.388471  0.921461  1.85315e-07
h 1654   -763990  0.999939  0.905228  0.388471  0.921461  1.84366e-07
h 1657   -763990  0.999939  0.904763  0.388471  0.921461  2.19849e-07
h 1658   -763990  0.999939  0.904632  0.388471  0.921461  2.29845e-07
h 1661   -763990  0.999939  0.905022  0.388471  0.921461  2.00068e-07
h 1662   -763990  0.999939  0.904955  0.388471  0.921461  2.05175e-07
h 1665   -763990  0.999939  0.903334  0.388471  0.921461  3.28987e-07
h 1666   -763990  0.999939  0.90288  0.388471  0.921461  3.63669e-07
h 1669   -763990  0.999939  0.905205  0.388471  0.921461  1.86089e-07
h 1670   -763990  0.999939  0.905193  0.388471  0.921461  1.86993e-07
h 1674   -763990  0.999939  0.905159  0.388471  0.921461  1.89629e-07
h 1675   -763990  0.999939  0.905187  0.388471  0.921461  1.87445e-07
h 1676   -763990  0.999939  0.905175  0.388471  0.921461  1.88363e-07
h 1677   -763990  0.999939  0.905072  0.388471  0.921461  1.96262e-07
h 1678   -763990  0.999939  0.905084  0.388471  0.921461  1.95324e-07
h 1681   -763990  0.999939  0.906095  0.388471  0.921461  1.18107e-07
h 1682   -763990  0.999939  0.905955  0.388471  0.921461  1.28792e-07
h 1686   -763990  0.999939  0.905596  0.388471  0.921461  1.56181e-07
h 1687   -763990  0.999939  0.9056  0.388471  0.921461  1.55897e-07
h 1688   -763990  0.999939  0.905556  0.388471  0.921461  1.59302e-07
h 1689   -763990  0.999939  0.905734  0.388471  0.921461  1.45652e-07
h 1690   -763990  0.999939  0.905815  0.388471  0.921461  1.39517e-07
h 1698   -763990  0.999939  0.905466  0.388471  0.921461  1.66134e-07
h 1699   -763990  0.999939  0.905445  0.388471  0.921461  1.67736e-07
h 1700   -763990  0.999939  0.905465  0.388471  0.921461  1.66204e-07
h 1701   -763990  0.999939  0.905494  0.388471  0.921461  1.63974e-07
h 1706   -763990  0.999939  0.905567  0.388471  0.921461  1.58466e-07
h 1707   -763990  0.999939  0.905525  0.388471  0.921461  1.61676e-07
h 1710   -763990  0.999939  0.905419  0.388471  0.921461  1.69766e-07
h 1711   -763990  0.999939  0.905428  0.388471  0.921461  1.69078e-07
h 1715   -763990  0.999939  0.906634  0.388471  0.921461  7.69003e-08
h 1716   -763990  0.999939  0.906179  0.388471  0.921461  1.11674e-07
h 1717   -763990  0.999939  0.906204  0.388471  0.921461  1.09802e-07
h 1718   -763990  0.999939  0.906051  0.388471  0.921461  1.21481e-07
h 1832   -763990  0.999939  0.907482  0.388471  0.921461  1.21515e-08
h 1833   -763990  0.999939  0.908534  0.388471  0.921461  0
h 1834   -763990  0.999939  0.908323  0.388471  0.921461  0
h 1835   -763990  0.999939  0.907049  0.388471  0.921461  4.52131e-08
h 1836   -763990  0.999939  0.907161  0.388471  0.921461  3.66887e-08
h 1839   -763990  0.999939  0.909199  0.388471  0.921461  0
h 1840   -763990  0.999939  0.910012  0.388471  0.921461  0
h 1849   -763990  0.999939  0.905677  0.388471  0.921461  1.50053e-07
h 1850   -763990  0.999939  0.905655  0.388471  0.921461  1.51742e-07
h 1851   -763990  0.999939  0.90561  0.388471  0.921461  1.55154e-07
h 1852   -763990  0.999939  0.906011  0.388471  0.921461  1.24535e-07
h 1853   -763990  0.999939  0.905858  0.388471  0.921461  1.36175e-07
h 1854   -763990  0.999939  0.905912  0.388471  0.921461  1.3206e-07
h 1855   -763990  0.999939  0.906364  0.388471  0.921461  9.75637e-08
h 1856   -763990  0.999939  0.906303  0.388471  0.921461  1.02246e-07
h 1859   -763990  0.999939  0.90659  0.388471  0.921461  8.02705e-08
h 1860   -763990  0.999939  0.906847  0.388471  0.921461  6.06262e-08
h 1861   -763990  0.999939  0.905557  0.388471  0.921461  1.59225e-07
h 1862   -763990  0.999939  0.905603  0.388471  0.921461  1.55686e-07
h 1963   -763990  0.999939  0.905214  0.388471  0.921461  1.85361e-07
h 1964   -763990  0.999939  0.905216  0.388471  0.921461  1.8526e-07
h 1967   -763990  0.999939  0.905151  0.388471  0.921461  1.90243e-07
h 1968   -763990  0.999939  0.905119  0.388471  0.921461  1.92686e-07
h 1971   -763990  0.999939  0.905755  0.388471  0.921461  1.44106e-07
h 1972   -763990  0.999939  0.905677  0.388471  0.921461  1.50007e-07
h 1975   -763990  0.999939  0.906718  0.388471  0.921461  7.04835e-08
h 1976   -763990  0.999939  0.906459  0.388471  0.921461  9.02896e-08
h 1983   -763990  0.999939  0.907534  0.388471  0.921461  8.13651e-09
h 1984   -763990  0.999939  0.907988  0.388471  0.921461  0
h 1987   -763990  0.999939  0.906042  0.388471  0.921461  1.22128e-07
h 1988   -763990  0.999939  0.906188  0.388471  0.921461  1.11006e-07
h 1991   -763990  0.999939  0.905734  0.388471  0.921461  1.45648e-07
h 1992   -763990  0.999939  0.905819  0.388471  0.921461  1.39161e-07
SolidID  2745   16 
h 395   -763990  0.999939  0.905342  0.921461  0.388471  1.75618e-07
h 396   -763990  0.999939  0.905317  0.921461  0.388471  1.77521e-07
h 397   -763990  0.999939  0.905343  0.921461  0.388471  1.75552e-07
h 398   -763990  0.999939  0.905318  0.921461  0.388471  1.77445e-07
h 399   -763990  0.999939  0.905325  0.921461  0.388471  1.76913e-07
h 400   -763990  0.999939  0.905335  0.921461  0.388471  1.76155e-07
h 401   -763990  0.999939  0.90533  0.921461  0.388471  1.76528e-07
h 402   -763990  0.999939  0.90533  0.921461  0.388471  1.76529e-07
h 403   -763990  0.999939  0.905339  0.921461  0.388471  1.75825e-07
h 404   -763990  0.999939  0.905318  0.921461  0.388471  1.77449e-07
h 405   -763990  0.999939  0.905321  0.921461  0.388471  1.7723e-07
h 406   -763990  0.999939  0.905342  0.921461  0.388471  1.75633e-07
h 407   -763990  0.999939  0.905339  0.921461  0.388471  1.75842e-07
h 408   -763990  0.999939  0.905321  0.921461  0.388471  1.77236e-07
h 409   -763990  0.999939  0.905335  0.921461  0.388471  1.76145e-07
h 410   -763990  0.999939  0.905325  0.921461  0.388471  1.76908e-07
E_DATA
B_MESH_DATA
Dim 2 
NumPts 391 
NumElems 598 
1   0.00679129   0.0237364    0
2   0.00706845   0.0236216    0
3   0.00676845   0.0236216    0
4   0.00734561   0.0237364    0
5   0.00736845   0.0236216    0
6   0.00679129   0.0235068    0
7   0.00734561   0.0235068    0
8   0.00706845   0.0239216    0
9   0.00718325   0.0238987    0
10   0.00695364   0.0233444    0
11   0.00706845   0.0233216    0
12   0.00695364   0.0238987    0
13   0.00718325   0.0233444    0
14   0.00685632   0.0238337    0
15   0.00728058   0.0238337    0
16   0.00728058   0.0234094    0
17   0.00685632   0.0234094    0
18   0.00585952   0.0265365    0
19   0.0074415   0.0259468    0
20   0.00657735   0.0249109    0
21   0.00533291   0.0248108    0
22   0.00739557   0.0203831    0
23   0.00755449   0.0217376    0
24   0.00890492   0.0213511    0
25   0.0079692   0.0226292    0
26   0.00906064   0.0227039    0
27   0.00650365   0.0216443    0
28   0.00746846   0.0246917    0
29   0.00840401   0.0234831    0
30   0.00617408   0.0241841    0
31   0.0070705   0.0225052    0
32   0.00761346   0.023361    0
33   0.00830059   0.0249318    0
34   0.00877614   0.0241403    0
35   0.00800703   0.0241662    0
36   0.00705556   0.0241984    0
37   0.00574551   0.023471    0
38   0.00650954   0.023314    0
39   0.00628758   0.0226861    0
40   0.00728739   0.023105    0
41   0.00649973   0.0236971    0
42   0.00670258   0.0240616    0
43   0.00686183   0.023104    0
44   0.00768976   0.0237338    0
45   0.00743152   0.0240341    0
46   0.00560618   0.0302672    0
47   0.00481493   0.0288857    0
48   0.00372721   0.0310473    0
49   0.00826822   0.0175681    0
50   0.00908092   0.0188683    0
51   0.010243   0.0166041    0
52   0.00370815   0.0330573    0
53   0.00505278   0.032353    0
54   0.0104772   0.0187638    0
55   0.0100754   0.019717    0
56   0.0110583   0.0176317    0
57   0.00336774   0.0291414    0
58   0.00990699   0.0152142    0
59   0.0112892   0.0157969    0
60   0.0114139   0.0146012    0
61   0.0104924   0.0142127    0
62   0.00884926   0.016436    0
63   0.00897975   0.015033    0
64   0.00275485   0.0326554    0
65   0.00845089   0.0156439    0
66   0.00485039   0.0242013    0
67   0.0038175   0.0248974    0
68   0.00483851   0.025717    0
69   0.00282388   0.0302222    0
70   0.00231271   0.0312378    0
71   0.00180155   0.0322535    0
72   0.00711734   0.0267314    0
73   0.00679319   0.0275159    0
74   0.0078315   0.0266344    0
75   0.00750735   0.0274189    0
76   0.00822151   0.027322    0
77   0.00655407   0.0203927    0
78   0.0078773   0.0184954    0
79   0.00532948   0.0313101    0
80   0.0057251   0.0320009    0
81   0.0059424   0.032728    0
82   0.00459777   0.0334323    0
83   0.00527009   0.0330802    0
84   0.00548739   0.0338074    0
85   0.00786187   0.016918    0
86   0.00957097   0.0138242    0
87   0.00973898   0.0145192    0
88   0.00927536   0.0144286    0
89   0.00896243   0.0139322    0
90   0.00911024   0.01363    0
91   0.00864951   0.0134358    0
92   0.00909616   0.0235443    0
93   0.0100487   0.0229879    0
94   0.00978832   0.0236055    0
95   0.0111737   0.0167143    0
96   0.0119272   0.0164078    0
97   0.0121313   0.0156987    0
98   0.0123354   0.0149897    0
99   0.00787104   0.0254393    0
100   0.00871616   0.0261486    0
101   0.00885152   0.0247263    0
102   0.00940245   0.0245208    0
103   0.00409268   0.0242447    0
104   0.00436786   0.0235919    0
105   0.00533723   0.0277111    0
106   0.00404103   0.0275443    0
107   0.0062709   0.0286905    0
108   0.00508787   0.026714    0
109   0.0041775   0.0264585    0
110   0.00354231   0.0255501    0
111   0.00326713   0.0262029    0
112   0.0015964   0.0315514    0
113   0.00140032   0.030631    0
114   0.0021121   0.0304266    0
115   0.00192056   0.029397    0
116   0.00166044   0.030014    0
117   0.00846884   0.0267353    0
118   0.00797418   0.0279086    0
119   0.00772686   0.0284953    0
120   0.00595285   0.0198323    0
121   0.00571256   0.0204023    0
122   0.00619313   0.0192624    0
123   0.00899292   0.0201097    0
124   0.00998738   0.0209584    0
125   0.00843511   0.0193025    0
126   0.00763644   0.0194392    0
127   0.00715506   0.0187808    0
128   0.00643341   0.0186924    0
129   0.00667369   0.0181225    0
130   0.00616991   0.0321884    0
131   0.00639742   0.0316487    0
132   0.0057149   0.0332677    0
133   0.0107735   0.0196648    0
134   0.0111754   0.0187116    0
135   0.0114717   0.0196125    0
136   0.00726006   0.0167316    0
137   0.0070646   0.0171952    0
138   0.00745552   0.016268    0
139   0.00747095   0.0178453    0
140   0.00134081   0.0320592    0
141   0.000880084   0.031865    0
142   0.00959538   0.0240631    0
143   0.00960699   0.0218606    0
144   0.0103091   0.0223702    0
145   0.0105726   0.0201413    0
146   0.0105286   0.020762    0
147   0.0106895   0.021468    0
148   0.0110698   0.0205657    0
149   0.0116965   0.0172767    0
150   0.0125652   0.0170187    0
151   0.0114659   0.0181455    0
152   0.0118735   0.0186593    0
153   0.0122193   0.017839    0
154   0.012694   0.0155384    0
155   0.0132568   0.0153781    0
156   0.0130839   0.0157883    0
157   0.012911   0.0161984    0
158   0.0124191   0.0163031    0
159   0.00846517   0.025387    0
160   0.00905931   0.0253347    0
161   0.00888773   0.0257417    0
162   0.00923088   0.0249277    0
163   0.00520007   0.0216179    0
164   0.00502924   0.0220231    0
165   0.00576645   0.0218337    0
166   0.0053709   0.0212127    0
167   0.00610811   0.0210233    0
168   0.00370439   0.0283428    0
169   0.00331744   0.0276721    0
170   0.00293049   0.0270014    0
171   0.00264415   0.0292692    0
172   0.00593854   0.0294789    0
173   0.00602963   0.0310852    0
174   0.00633416   0.0301696    0
175   0.00672978   0.0308604    0
176   0.00699888   0.0285929    0
177   0.0073945   0.0292837    0
178   0.00505669   0.0235315    0
179   0.00549307   0.0227468    0
180   0.00469855   0.0228075    0
181   0.00850026   0.0137898    0
182   0.00835101   0.0141438    0
183   0.0011402   0.031248    0
184   0.0112708   0.0200891    0
185   0.0116726   0.0191359    0
186   0.00686915   0.0176588    0
187   0.0101482   0.0216643    0
188   0.0108796   0.0210168    0
189   0.0123923   0.0174289    0
190   0.0120464   0.0182492    0
191   0.0127381   0.0166086    0
192   0.00554173   0.0208075    0
193   0.00276216   0.0274007    0
194   0.00259384   0.0277999    0
195   0.00298079   0.0284706    0
196   0.0022572   0.0285985    0
197   0.00242552   0.0281992    0
198   0.00208888   0.0289977    0
199   0.00309881   0.0266021    0
200   0.00722832   0.0296778    0
201   0.00706214   0.030072    0
202   0.00756068   0.0288895    0
203   0.00689596   0.0304662    0
204   0.0065636   0.0312546    0
205   0.00453321   0.0231997    0
206   0.00639562   0.0221652    0
207   0.00602701   0.0222599    0
208   0.00562976   0.0222903    0
209   0.0048639   0.0224153    0
210   0.00866538   0.0145884    0
211   0.00851613   0.0149424    0
212   0.0082517   0.0152479    0
213   0.00775401   0.0155599    0
214   0.00805251   0.0148519    0
215   0.00815638   0.016281    0
216   0.0104993   0.0219191    0
217   0.00790326   0.0152059    0
218   0.00820176   0.0144978    0
219   0.0079552   0.0159204    0
220   0.00760476   0.0159139    0
221   0.0143422   0.0107996    0
222   0.0148602   0.0120282    0
223   0.0157065   0.0109479    0
224   0.0157468   0.00930308    0
225   0.0177566   0.0107361    0
226   0.0179246   0.00914739    0
227   0.0221617   0.00904044    0
228   0.0223136   0.00761984    0
229   0.0201031   0.00855177    0
230   0.0188619   0.0102702    0
231   0.0199512   0.00997237    0
232   0.0296749   0.00315991    0
233   0.029583   0.00455524    0
234   0.030731   0.00339295    0
235   0.0277656   0.00532139    0
236   0.0287217   0.00627485    0
237   0.03054   0.00550831    0
238   0.0316952   0.00502131    0
239   0.024131   0.00685369    0
240   0.0250852   0.00780794    0
241   0.0259483   0.00608754    0
242   0.0269035   0.0070414    0
243   0.0231767   0.00589945    0
244   0.0268095   0.00436792    0
245   0.0249931   0.00513369    0
246   0.020255   0.00713118    0
247   0.0213603   0.00666521    0
248   0.0168559   0.00840281    0
249   0.0183958   0.00775359    0
250   0.015767   0.00848065    0
251   0.0150445   0.0100513    0
252   0.0138242   0.00957097    0
253   0.014828   0.0091026    0
254   0.0327513   0.00525435    0
255   0.0330304   0.00364447    0
256   0.0315961   0.00574135    0
257   0.0326522   0.00597439    0
258   0.0187779   0.0110646    0
259   0.0193306   0.0108316    0
260   0.0198752   0.0106827    0
261   0.0197992   0.011393    0
262   0.0166476   0.0116364    0
263   0.023267   0.00857448    0
264   0.0157539   0.0118323    0
265   0.0164834   0.0127909    0
266   0.0210564   0.0095064    0
267   0.0220857   0.00975074    0
268   0.0175887   0.0123249    0
269   0.0176727   0.0115305    0
270   0.018694   0.0118589    0
271   0.0318807   0.00351871    0
272   0.0314923   0.00259725    0
273   0.0322535   0.00180155    0
274   0.0315347   0.00156194    0
275   0.0338074   0.00548739    0
276   0.0334189   0.00456593    0
277   0.0141319   0.00887605    0
278   0.0146114   0.00815387    0
279   0.0134358   0.00864951    0
280   0.01363   0.00911024    0
281   0.0310185   0.00598485    0
282   0.031497   0.00646139    0
283   0.0278126   0.00665812    0
284   0.0296309   0.00589158    0
285   0.0291998   0.00675159    0
286   0.0222685   0.00628233    0
287   0.0226996   0.00542233    0
288   0.0240849   0.00551657    0
289   0.0157871   0.00765823    0
290   0.0151993   0.00790605    0
291   0.0140236   0.00840169    0
292   0.0332298   0.00573089    0
293   0.0320746   0.00621789    0
294   0.023191   0.00928477    0
295   0.0242203   0.00952911    0
296   0.023115   0.00999507    0
297   0.0236677   0.00976209    0
298   0.017036   0.0125579    0
299   0.0203519   0.01116    0
300   0.0209045   0.010927    0
301   0.0220098   0.010461    0
302   0.0225624   0.0102281    0
303   0.0151192   0.0126425    0
304   0.0153781   0.0132568    0
305   0.0159308   0.0130238    0
306   0.0192466   0.0116259    0
307   0.0181413   0.0120919    0
308   0.0209805   0.0102167    0
309   0.031865   0.000880084    0
310   0.0313405   0.00110121    0
311   0.030816   0.00132233    0
312   0.0306296   0.00218091    0
313   0.0286259   0.00360216    0
314   0.0297669   0.00176458    0
315   0.0297209   0.00246225    0
316   0.0320592   0.00134081    0
317   0.0241761   0.00819121    0
318   0.0305874   0.00684486    0
319   0.0310422   0.00665312    0
320   0.0282904   0.00713496    0
321   0.0287682   0.00761179    0
322   0.0273811   0.00751832    0
323   0.0278587   0.00799525    0
324   0.029223   0.00742005    0
325   0.0296778   0.00722832    0
326   0.0301091   0.00636822    0
327   0.0259944   0.00742467    0
328   0.0255624   0.00828506    0
329   0.0231302   0.00456252    0
330   0.0226763   0.00475386    0
331   0.0222225   0.00494521    0
332   0.0259013   0.0047508    0
333   0.0263315   0.00389119    0
334   0.0236076   0.00503954    0
335   0.020331   0.00642088    0
336   0.0208836   0.0061879    0
337   0.020407   0.00571058    0
338   0.0217916   0.00580511    0
339   0.0213147   0.00532789    0
340   0.0277177   0.00398504    0
341   0.0276689   0.00264908    0
342   0.0245155   0.00465676    0
343   0.0240379   0.00417983    0
344   0.0176258   0.0080782    0
345   0.0193254   0.00744238    0
346   0.0163215   0.00803052    0
347   0.0178614   0.0073813    0
348   0.0326419   0.00272301    0
349   0.0214571   0.010694    0
350   0.0292424   0.00198571    0
351   0.0287179   0.00220683    0
352   0.0286719   0.0029045    0
353   0.0281934   0.00242796    0
354   0.0302915   0.00154346    0
355   0.024653   0.00866843    0
356   0.0251299   0.00914564    0
357   0.0283135   0.00780352    0
358   0.0269491   0.00837872    0
359   0.0274039   0.00818698    0
360   0.0301326   0.00703659    0
361   0.0255847   0.00895391    0
362   0.0260395   0.00876218    0
363   0.0264717   0.00790169    0
364   0.0267612   0.00303177    0
365   0.0263073   0.00322311    0
366   0.0258534   0.00341446    0
367   0.0254235   0.00427397    0
368   0.0249457   0.00379714    0
369   0.0235841   0.00437117    0
370   0.0208608   0.00551924    0
371   0.0244918   0.00398849    0
372   0.0217686   0.00513655    0
373   0.0272394   0.0035084    0
374   0.0170915   0.00770591    0
375   0.0165571   0.00733362    0
376   0.0173271   0.00700901    0
377   0.0161721   0.00749592    0
378   0.0194812   0.00673879    0
379   0.019637   0.00603519    0
380   0.0187112   0.00706339    0
381   0.018867   0.0063598    0
382   0.018097   0.0066844    0
383   0.0177121   0.00684671    0
384   0.020022   0.00587288    0
385   0.0246751   0.00933738    0
386   0.0264943   0.00857045    0
387   0.0253995   0.0036058    0
388   0.027215   0.00284042    0
389   0.0169421   0.00717131    0
390   0.018482   0.0065221    0
391   0.019252   0.00619749    0
395  2745  1  2  3 
396  2745  4  5  2 
397  2745  6  3  2 
398  2745  7  2  5 
399  2745  8  9  2 
400  2745  10  2  11 
401  2745  8  2  12 
402  2745  13  11  2 
403  2745  1  14  2 
404  2745  4  2  15 
405  2745  7  16  2 
406  2745  17  6  2 
407  2745  17  2  10 
408  2745  9  15  2 
409  2745  12  2  14 
410  2745  13  2  16 
338  2373  18  19  20 
339  2373  18  20  21 
340  2373  22  23  24 
341  2373  24  25  26 
342  2373  23  22  27 
343  2373  24  23  25 
344  2373  19  28  20 
345  2373  25  29  26 
346  2373  30  21  20 
347  2373  27  31  23 
348  2373  31  25  23 
349  2373  32  29  25 
350  2373  33  34  35 
351  2373  33  35  28 
352  2373  20  28  36 
353  2373  29  35  34 
354  2373  37  38  39 
355  2373  40  25  31 
356  2373  41  37  30 
357  2373  20  42  30 
358  2373  43  31  39 
359  2373  44  35  29 
360  2373  45  28  35 
361  2373  32  25  40 
362  2373  42  20  36 
363  2373  37  41  38 
364  2373  44  29  32 
365  2373  43  39  38 
366  2373  31  43  40 
367  2373  45  36  28 
368  2373  30  42  41 
369  2373  35  44  45 
370  2373  32  5  44 
371  2373  6  38  41 
372  2373  17  43  38 
373  2373  4  45  44 
374  2373  16  32  40 
375  2373  1  41  42 
376  2373  11  40  43 
377  2373  12  42  36 
378  2373  9  36  45 
379  2373  17  38  6 
380  2373  4  44  5 
381  2373  7  32  16 
382  2373  7  5  32 
383  2373  1  3  41 
384  2373  12  14  42 
385  2373  8  12  36 
386  2373  8  36  9 
387  2373  13  16  40 
388  2373  13  40  11 
389  2373  1  42  14 
390  2373  10  11  43 
391  2373  17  10  43 
392  2373  9  45  15 
393  2373  6  41  3 
394  2373  4  15  45 
415  2373  46  47  48 
420  2373  49  50  51 
423  2373  52  53  48 
718  2373  50  54  51 
734  2373  50  55  54 
736  2373  56  51  54 
748  2373  47  57  48 
764  2373  58  51  59 
765  2373  60  61  58 
766  2373  58  59  60 
767  2373  51  62  49 
768  2373  62  51  58 
769  2373  58  63  62 
775  2373  64  52  48 
795  2373  65  62  63 
799  2373  21  66  67 
800  2373  66  21  30 
801  2373  30  37  66 
805  2373  67  68  21 
806  2373  68  18  21 
808  2373  69  48  57 
809  2373  69  70  48 
810  2373  70  71  64 
811  2373  64  48  70 
832  2373  72  19  18 
833  2373  73  72  18 
834  2373  74  19  72 
835  2373  73  75  72 
836  2373  74  72  75 
837  2373  75  76  74 
850  2373  22  77  27 
856  2373  78  50  49 
896  2373  53  79  48 
897  2373  79  46  48 
898  2373  80  53  81 
899  2373  53  80  79 
903  2373  52  82  53 
904  2373  53  83  81 
905  2373  84  83  82 
906  2373  83  53  82 
952  2373  85  49  62 
953  2373  86  87  61 
954  2373  87  58  61 
955  2373  58  87  63 
956  2373  88  63  87 
957  2373  86  88  87 
958  2373  89  88  86 
960  2373  90  91  89 
961  2373  86  90  89 
972  2373  29  92  26 
973  2373  92  29  34 
974  2373  93  26  92 
975  2373  92  94  93 
1036  2373  95  59  51 
1037  2373  56  95  51 
1038  2373  96  59  95 
1039  2373  96  97  59 
1040  2373  97  98  60 
1041  2373  60  59  97 
1045  2373  99  33  28 
1046  2373  19  99  28 
1047  2373  74  100  99 
1048  2373  99  19  74 
1054  2373  101  102  34 
1055  2373  33  101  34 
1060  2373  103  67  66 
1061  2373  104  103  66 
1062  2373  47  105  106 
1063  2373  105  47  107 
1064  2373  73  18  105 
1065  2373  105  107  73 
1066  2373  68  108  18 
1067  2373  108  105  18 
1068  2373  105  108  106 
1069  2373  109  108  68 
1070  2373  108  109  106 
1073  2373  110  111  109 
1074  2373  110  109  68 
1075  2373  68  67  110 
1080  2373  70  112  71 
1081  2373  112  70  113 
1082  2373  114  69  115 
1083  2373  114  113  70 
1084  2373  69  114  70 
1086  2373  116  113  114 
1087  2373  115  116  114 
1103  2373  117  100  74 
1104  2373  76  117  74 
1106  2373  118  76  75 
1107  2373  119  118  75 
1122  2373  120  121  77 
1123  2373  122  120  77 
1126  2373  24  123  22 
1127  2373  50  123  55 
1128  2373  124  55  123 
1129  2373  123  24  124 
1130  2373  123  125  22 
1131  2373  125  123  50 
1132  2373  78  125  50 
1133  2373  126  22  125 
1134  2373  78  126  125 
1135  2373  77  22  126 
1136  2373  126  122  77 
1137  2373  126  127  122 
1138  2373  127  126  78 
1141  2373  128  122  127 
1142  2373  129  128  127 
1197  2373  130  131  80 
1198  2373  81  130  80 
1201  2373  132  81  83 
1202  2373  84  132  83 
1251  2373  55  133  54 
1253  2373  54  134  56 
1254  2373  134  54  133 
1255  2373  133  135  134 
1281  2373  136  137  85 
1282  2373  138  136  85 
1286  2373  139  78  49 
1287  2373  139  129  127 
1288  2373  127  78  139 
1289  2373  139  49  85 
1290  2373  85  137  139 
1292  2373  140  71  112 
1293  2373  141  140  112 
1302  2373  142  94  92 
1303  2373  34  102  142 
1304  2373  142  92  34 
1397  2373  143  24  26 
1398  2373  24  143  124 
1399  2373  143  26  93 
1400  2373  93  144  143 
1403  2373  145  55  124 
1404  2373  55  145  133 
1405  2373  146  124  147 
1406  2373  124  146  145 
1407  2373  146  148  145 
1417  2373  149  95  56 
1418  2373  96  95  149 
1419  2373  149  150  96 
1422  2373  151  56  134 
1423  2373  152  151  134 
1424  2373  149  56  151 
1425  2373  151  153  149 
1426  2373  97  154  98 
1427  2373  154  155  98 
1430  2373  156  155  154 
1431  2373  157  156  154 
1437  2373  158  96  150 
1438  2373  96  158  97 
1439  2373  158  157  154 
1440  2373  154  97  158 
1441  2373  99  159  33 
1442  2373  159  99  100 
1443  2373  101  33  159 
1444  2373  159  160  101 
1447  2373  161  160  159 
1448  2373  100  161  159 
1451  2373  162  102  101 
1452  2373  160  162  101 
1455  2373  163  164  165 
1456  2373  166  163  165 
1461  2373  167  27  77 
1462  2373  121  167  77 
1463  2373  165  27  167 
1464  2373  167  166  165 
1471  2373  106  168  47 
1472  2373  168  57  47 
1473  2373  169  106  170 
1474  2373  106  169  168 
1491  2373  171  115  69 
1492  2373  57  171  69 
1496  2373  46  172  47 
1497  2373  172  107  47 
1501  2373  79  173  46 
1502  2373  80  131  173 
1503  2373  173  79  80 
1504  2373  46  174  172 
1505  2373  174  46  173 
1506  2373  173  175  174 
1507  2373  107  176  73 
1508  2373  176  107  177 
1509  2373  176  119  75 
1510  2373  75  73  176 
1517  2373  178  104  66 
1518  2373  37  178  66 
1524  2373  39  179  37 
1525  2373  178  37  179 
1526  2373  179  180  178 
1602  2373  181  182  89 
1603  2373  91  181  89 
1608  2373  183  141  112 
1609  2373  113  183  112 
1635  2373  184  135  133 
1638  2373  184  133  145 
1639  2373  145  148  184 
1642  2373  185  152  134 
1643  2373  135  185  134 
1646  2373  186  129  139 
1647  2373  137  186  139 
1722  2373  187  143  144 
1723  2373  187  147  124 
1724  2373  143  187  124 
1727  2373  188  148  146 
1728  2373  147  188  146 
1740  2373  189  150  149 
1741  2373  153  189  149 
1746  2373  190  153  151 
1747  2373  152  190  151 
1750  2373  191  157  158 
1751  2373  150  191  158 
1754  2373  192  166  167 
1755  2373  121  192  167 
1760  2373  193  194  169 
1761  2373  170  193  169 
1764  2373  168  195  57 
1765  2373  171  57  195 
1766  2373  195  196  171 
1767  2373  169  194  195 
1768  2373  195  168  169 
1771  2373  197  196  195 
1772  2373  194  197  195 
1775  2373  198  115  171 
1776  2373  196  198  171 
1777  2373  111  199  109 
1780  2373  106  109  199 
1781  2373  199  170  106 
1784  2373  107  172  200 
1785  2373  200  177  107 
1786  2373  174  201  200 
1787  2373  200  172  174 
1795  2373  202  119  176 
1796  2373  177  202  176 
1803  2373  203  201  174 
1804  2373  175  203  174 
1805  2373  204  175  173 
1806  2373  131  204  173 
1811  2373  205  104  178 
1812  2373  180  205  178 
1813  2373  206  39  31 
1814  2373  27  206  31 
1815  2373  206  27  165 
1816  2373  39  207  179 
1817  2373  207  39  206 
1818  2373  165  207  206 
1819  2373  208  165  164 
1820  2373  208  179  207 
1821  2373  165  208  207 
1824  2373  209  180  179 
1825  2373  208  164  209 
1826  2373  209  179  208 
1929  2373  210  63  88 
1930  2373  210  88  89 
1931  2373  89  182  210 
1932  2373  63  211  65 
1933  2373  211  63  210 
1934  2373  65  212  213 
1935  2373  212  65  211 
1936  2373  214  212  211 
1942  2373  85  215  138 
1943  2373  215  85  62 
1944  2373  65  215  62 
1979  2373  216  147  187 
1980  2373  144  216  187 
2010  2373  217  213  212 
2011  2373  214  217  212 
2016  2373  182  218  210 
2019  2373  211  210  218 
2020  2373  218  214  211 
2021  2373  213  219  65 
2022  2373  219  215  65 
2023  2373  215  219  138 
2026  2373  220  138  219 
2027  2373  213  220  219 
417  2424  221  222  223 
418  2424  224  223  225 
419  2424  225  226  224 
702  2424  227  228  229 
703  2424  226  230  229 
704  2424  230  226  225 
705  2424  231  229  230 
708  2424  232  233  234 
720  2424  235  236  233 
722  2424  237  238  234 
723  2424  234  233  237 
724  2424  239  240  241 
726  2424  241  242  235 
727  2424  239  243  228 
729  2424  235  244  241 
730  2424  241  245  239 
731  2424  246  229  228 
732  2424  228  247  246 
758  2424  226  248  224 
761  2424  249  226  229 
813  2424  250  224  248 
820  2424  221  251  252 
821  2424  251  221  223 
822  2424  224  251  223 
823  2424  251  253  252 
824  2424  253  251  224 
825  2424  253  224  250 
842  2424  238  254  255 
845  2424  256  238  237 
846  2424  256  257  254 
847  2424  254  238  256 
864  2424  258  230  225 
865  2424  230  259  231 
866  2424  259  230  258 
867  2424  260  231  259 
868  2424  261  260  259 
869  2424  223  262  225 
870  2424  228  263  239 
871  2424  263  228  227 
885  2424  262  264  265 
886  2424  264  262  223 
887  2424  222  264  223 
888  2424  266  227  229 
889  2424  231  266  229 
890  2424  267  227  266 
891  2424  268  269  262 
892  2424  269  225  262 
893  2424  269  270  258 
894  2424  258  225  269 
908  2424  271  234  238 
909  2424  255  271  238 
910  2424  272  234  271 
911  2424  273  274  272 
933  2424  275  276  254 
934  2424  276  255  254 
962  2424  253  277  252 
963  2424  277  253  278 
965  2424  279  280  277 
966  2424  280  252  277 
980  2424  281  282  256 
981  2424  237  281  256 
982  2424  242  283  235 
983  2424  283  236  235 
989  2424  284  237  233 
990  2424  236  284  233 
991  2424  236  285  284 
1001  2424  286  247  228 
1002  2424  243  286  228 
1003  2424  243  287  286 
1006  2424  245  288  239 
1007  2424  288  243  239 
1090  2424  289  290  250 
1091  2424  290  278  253 
1092  2424  253  250  290 
1097  2424  278  291  277 
1098  2424  291  279  277 
1110  2424  257  292  254 
1111  2424  292  275  254 
1115  2424  282  293  256 
1116  2424  293  257  256 
1143  2424  263  294  295 
1144  2424  294  263  227 
1145  2424  267  296  294 
1146  2424  294  227  267 
1149  2424  296  297  294 
1150  2424  297  295  294 
1153  2424  265  298  262 
1154  2424  298  268  262 
1157  2424  261  299  260 
1158  2424  299  300  260 
1161  2424  301  302  267 
1162  2424  302  296  267 
1165  2424  222  303  264 
1168  2424  304  305  303 
1169  2424  264  303  305 
1170  2424  305  265  264 
1171  2424  270  306  258 
1174  2424  259  258  306 
1175  2424  306  261  259 
1186  2424  268  307  269 
1187  2424  307  270  269 
1190  2424  308  266  231 
1191  2424  260  300  308 
1192  2424  308  231  260 
1193  2424  267  266  308 
1194  2424  308  301  267 
1219  2424  309  310  274 
1220  2424  310  311  274 
1223  2424  272  312  234 
1224  2424  312  272  274 
1225  2424  274  311  312 
1226  2424  233  313  235 
1227  2424  313  233  232 
1228  2424  314  315  312 
1229  2424  315  232  234 
1230  2424  234  312  315 
1297  2424  273  316  274 
1298  2424  316  309  274 
1308  2424  317  263  295 
1309  2424  317  240  239 
1310  2424  263  317  239 
1314  2424  318  319  281 
1315  2424  319  282  281 
1316  2424  283  320  236 
1317  2424  320  321  285 
1318  2424  285  236  320 
1323  2424  242  322  283 
1324  2424  322  323  320 
1325  2424  320  283  322 
1334  2424  321  324  285 
1335  2424  324  325  285 
1338  2424  284  326  237 
1339  2424  326  318  281 
1340  2424  281  237  326 
1341  2424  326  284  285 
1342  2424  285  325  326 
1348  2424  327  242  241 
1349  2424  240  327  241 
1350  2424  240  328  327 
1353  2424  329  330  287 
1354  2424  330  331  287 
1362  2424  332  245  241 
1363  2424  244  332  241 
1364  2424  244  333  332 
1371  2424  288  334  243 
1372  2424  334  329  287 
1373  2424  287  243  334 
1374  2424  335  246  247 
1375  2424  336  337  335 
1376  2424  247  336  335 
1382  2424  286  338  247 
1383  2424  338  339  336 
1384  2424  336  247  338 
1385  2424  338  286  287 
1386  2424  287  331  338 
1387  2424  340  313  341 
1388  2424  340  244  235 
1389  2424  313  340  235 
1390  2424  245  342  288 
1391  2424  342  343  334 
1392  2424  334  288  342 
1529  2424  344  248  226 
1530  2424  249  344  226 
1535  2424  345  249  229 
1536  2424  246  345  229 
1537  2424  346  289  250 
1538  2424  248  346  250 
1541  2424  249  347  344 
1588  2424  255  348  271 
1589  2424  272  271  348 
1590  2424  348  273  272 
1612  2424  300  349  308 
1613  2424  349  301  308 
1616  2424  314  350  315 
1617  2424  350  351  315 
1618  2424  313  352  341 
1619  2424  352  313  232 
1620  2424  315  351  352 
1621  2424  352  232  315 
1624  2424  351  353  352 
1625  2424  353  341  352 
1628  2424  311  354  312 
1629  2424  354  314  312 
1651  2424  317  355  240 
1652  2424  355  317  295 
1653  2424  355  356  328 
1654  2424  328  240  355 
1657  2424  323  357  320 
1658  2424  357  321  320 
1661  2424  358  359  322 
1662  2424  359  323  322 
1665  2424  325  360  326 
1666  2424  360  318  326 
1669  2424  356  361  328 
1670  2424  361  362  328 
1674  2424  327  363  242 
1675  2424  363  327  328 
1676  2424  328  362  363 
1677  2424  363  358  322 
1678  2424  322  242  363 
1681  2424  364  365  333 
1682  2424  365  366  333 
1686  2424  332  367  245 
1687  2424  367  368  342 
1688  2424  342  245  367 
1689  2424  367  332  333 
1690  2424  333  366  367 
1698  2424  343  369  334 
1699  2424  369  329  334 
1700  2424  339  370  336 
1701  2424  370  337  336 
1706  2424  368  371  342 
1707  2424  371  343  342 
1710  2424  331  372  338 
1711  2424  372  339  338 
1715  2424  373  340  341 
1716  2424  340  373  244 
1717  2424  373  364  333 
1718  2424  333  244  373 
1832  2424  344  374  248 
1833  2424  374  375  346 
1834  2424  346  248  374 
1835  2424  374  344  347 
1836  2424  347  376  374 
1839  2424  375  377  346 
1840  2424  377  289  346 
1849  2424  378  345  246 
1850  2424  335  379  378 
1851  2424  378  246  335 
1852  2424  345  380  249 
1853  2424  380  345  378 
1854  2424  378  381  380 
1855  2424  380  382  347 
1856  2424  347  249  380 
1859  2424  382  383  347 
1860  2424  383  376  347 
1861  2424  337  384  335 
1862  2424  384  379  335 
1963  2424  295  385  355 
1964  2424  385  356  355 
1967  2424  362  386  363 
1968  2424  386  358  363 
1971  2424  366  387  367 
1972  2424  387  368  367 
1975  2424  341  388  373 
1976  2424  388  364  373 
1983  2424  376  389  374 
1984  2424  389  375  374 
1987  2424  381  390  380 
1988  2424  390  382  380 
1991  2424  379  391  378 
1992  2424  391  381  378 
E_MESH_DATA
