SolidID  6   307 
h  77  -763987 0.999939 0 -1 -0 0
h  78  -763987 0.999939 0 -1 -0 0
h  79  -763987 0.999939 0 -1 -0 0
h  80  -763987 0.999939 0 -1 -0 0
h  81  -763987 0.999939 0 -1 -0 0
h  82  -763987 0.999939 0 -1 -0 0
h  83  -763987 0.999939 0 -1 -0 0
h  84  -763987 0.999939 0 -1 -0 0
h  85  -763987 0.999939 0 -1 -0 0
h  86  -763987 0.999939 0 -1 -0 0
h  87  -763987 0.999939 0 -1 -0 0
h  88  -763987 0.999939 0 -1 -0 0
h  89  -763987 0.999939 0 -1 -0 0
h  90  -763987 0.999939 0 -1 -0 0
h  91  -763987 0.999939 0 -1 -0 0
h  92  -763987 0.999939 0 -1 -0 0
h  93  -763987 0.999939 0 -1 -0 0
h  94  -763987 0.999939 0 -1 -0 0
h  95  -763987 0.999939 0 -1 -0 0
h  96  -763987 0.999939 0 -1 -0 0
h  97  -763987 0.999939 0 -1 -0 0
h  98  -763987 0.999939 0 -1 -0 0
h  99  -763987 0.999939 0 -1 -0 0
h  100  -763987 0.999939 0 -1 -0 0
h  101  -763985 0.999939 0 -1 -0 0
h  102  -763985 0.999939 0 -1 -0 0
h  103  -763985 0.999939 0 -1 -0 0
h  104  -763985 0.999939 0 -1 -0 0
h  105  -763987 0.999939 0 -1 -0 0
h  106  -763987 0.999939 0 -1 -0 0
h  107  -763987 0.999939 0 -1 -0 0
h  108  -763987 0.999939 0 -1 -0 0
h  109  -763987 0.999939 0 -1 -0 0
h  110  -763987 0.999939 0 -1 -0 0
h  111  -763985 0.999939 0 -1 -0 0
h  112  -763985 0.999939 0 -1 -0 0
h  113  -763985 0.999939 0 -1 -0 0
h  114  -763985 0.999939 0 -1 -0 0
h  115  -763987 0.999939 0 -1 -0 0
h  116  -763987 0.999939 0 -1 -0 0
h  117  -763987 0.999939 0 -1 -0 0
h  118  -763987 0.999939 0 -1 -0 0
h  119  -763982 0.999939 0 -1 -0 0
h  120  -763982 0.999939 0 -1 -0 0
h  121  -763982 0.999939 0 -1 -0 0
h  122  -763982 0.999939 0 -1 -0 0
h  123  -763987 0.999939 0 -1 -0 0
h  124  -763987 0.999939 0 -1 -0 0
h  125  -763987 0.999939 0 -1 -0 0
h  126  -763987 0.999939 0 -1 -0 0
h  127  -763980 0.999939 0 -1 -0 0
h  128  -763987 0.999939 0 -1 -0 0
h  129  -763987 0.999939 0 -1 -0 0
h  130  -763980 0.999939 0 -1 -0 0
h  131  -763980 0.999939 0 -1 -0 0
h  132  -763980 0.999939 0 -1 -0 0
h  133  -763987 0.999939 0 -1 -0 0
h  134  -763987 0.999939 0 -1 -0 0
h  135  -763987 0.999939 0 -1 -0 0
h  136  -763987 0.999939 0 -1 -0 0
h  137  -763987 0.999939 0 -1 -0 0
h  138  -763987 0.999939 0 -1 -0 0
h  139  -763987 0.999939 0 -1 -0 0
h  140  -763987 0.999939 0 -1 -0 0
h  141  -763987 0.999939 0 -1 -0 0
h  142  -763987 0.999939 0 -1 -0 0
h  143  -763972 0.999939 0 -1 -0 0
h  144  -763972 0.999939 0 -1 -0 0
h  145  -763972 0.999939 0 -1 -0 0
h  146  -763971 0.999939 0 -1 -0 0
h  147  -763987 0.999939 0 -1 -0 0
h  148  -763987 0.999939 0 -1 -0 0
h  149  -763987 0.999939 0 -1 -0 0
h  150  -763987 0.999939 0 -1 -0 0
h  151  -763780 0.999939 0 -1 -0 0
h  152  -763779 0.999939 0 -1 -0 0
h  153  -763980 0.999939 0 -1 -0 0
h  154  -763980 0.999939 0 -1 -0 0
h  155  -763980 0.999939 0 -1 -0 0
h  156  -763980 0.999939 0 -1 -0 0
h  157  -763779 0.999939 0 -1 -0 0
h  158  -763977 0.999939 0 -1 -0 0
h  159  -763977 0.999939 0 -1 -0 0
h  160  -763977 0.999939 0 -1 -0 0
h  161  -763977 0.999939 0 -1 -0 0
h  162  -763766 0.999939 0 -1 -0 0
h  163  -763977 0.999939 0 -1 -0 0
h  164  -763987 0.999939 0 -1 -0 0
h  165  -763987 0.999939 0 -1 -0 0
h  166  -763987 0.999939 0 -1 -0 0
h  167  -763987 0.999939 0 -1 -0 0
h  168  -763987 0.999939 0 -1 -0 0
h  169  -763987 0.999939 0 -1 -0 0
h  170  -763987 0.999939 0 -1 -0 0
h  171  -763987 0.999939 0 -1 -0 0
h  172  -763987 0.999939 0 -1 -0 0
h  173  -763987 0.999939 0 -1 -0 0
h  174  -763987 0.999939 0 -1 -0 0
h  175  -763987 0.999939 0 -1 -0 0
h  176  -763977 0.999939 0 -1 -0 0
h  177  -763977 0.999939 0 -1 -0 0
h  178  -763977 0.999939 0 -1 -0 0
h  179  -763919 0.999939 0 -1 -0 0
h  180  -763978 0.999939 0 -1 -0 0
h  181  -763945 0.999939 0 -1 -0 0
h  182  -763945 0.999939 0 -1 -0 0
h  183  -763945 0.999939 0 -1 -0 0
h  184  -763978 0.999939 0 -1 -0 0
h  185  -763978 0.999939 0 -1 -0 0
h  186  -763978 0.999939 0 -1 -0 0
h  187  -763665 0.999939 0 -1 -0 0
h  188  -763975 0.999939 0 -1 -0 0
h  189  -763981 0.999939 0 -1 -0 0
h  190  -763981 0.999939 0 -1 -0 0
h  191  -763987 0.999939 0 -1 -0 0
h  192  -763987 0.999939 0 -1 -0 0
h  193  -763987 0.999939 0 -1 -0 0
h  194  -763987 0.999939 0 -1 -0 0
h  195  -763978 0.999939 0 -1 -0 0
h  196  -763978 0.999939 0 -1 -0 0
h  197  -763721 0.999939 0 -1 -0 0
h  198  -763720 0.999939 0 -1 -0 0
h  199  -763635 0.999939 0 -1 -0 0
h  200  -763975 0.999939 0 -1 -0 0
h  201  -763975 0.999939 0 -1 -0 0
h  202  -763975 0.999939 0 -1 -0 0
h  203  -763979 0.999939 0 -1 -0 0
h  204  -763979 0.999939 0 -1 -0 0
h  205  -763978 0.999939 0 -1 -0 0
h  206  -763978 0.999939 0 -1 -0 0
h  207  -763978 0.999939 0 -1 -0 0
h  208  -763888 0.999939 0 -1 -0 0
h  209  -763838 0.999939 0 -1 -0 0
h  210  -763834 0.999939 0 -1 -0 0
h  211  -763978 0.999939 0 -1 -0 0
h  212  -763663 0.999939 0 -1 -0 0
h  213  -763975 0.999939 0 -1 -0 0
h  214  -763975 0.999939 0 -1 -0 0
h  215  -763975 0.999939 0 -1 -0 0
h  216  -763976 0.999939 0 -1 -0 0
h  217  -763976 0.999939 0 -1 -0 0
h  218  -763976 0.999939 0 -1 -0 0
h  219  -763980 0.999939 0 -1 -0 0
h  220  -763980 0.999939 0 -1 -0 0
h  221  -763979 0.999939 0 -1 -0 0
h  222  -763979 0.999939 0 -1 -0 0
h  223  -763975 0.999939 0 -1 -0 0
h  224  -763966 0.999939 0 -1 -0 0
h  225  -763967 0.999939 0 -1 -0 0
h  226  -763975 0.999939 0 -1 -0 0
h  227  -763987 0.999939 0 -1 -0 0
h  228  -763987 0.999939 0 -1 -0 0
h  229  -763987 0.999939 0 -1 -0 0
h  230  -763987 0.999939 0 -1 -0 0
h  231  -763987 0.999939 0 -1 -0 0
h  232  -763987 0.999939 0 -1 -0 0
h  233  -763987 0.999939 0 -1 -0 0
h  234  -763987 0.999939 0 -1 -0 0
h  235  -763873 0.999939 0 -1 -0 0
h  236  -763987 0.999939 0 -1 -0 0
h  237  -763987 0.999939 0 -1 -0 0
h  238  -763987 0.999939 0 -1 -0 0
h  239  -763987 0.999939 0 -1 -0 0
h  240  -763978 0.999939 0 -1 -0 0
h  241  -763978 0.999939 0 -1 -0 0
h  242  -763978 0.999939 0 -1 -0 0
h  243  -763978 0.999939 0 -1 -0 0
h  244  -763857 0.999939 0 -1 -0 0
h  245  -763978 0.999939 0 -1 -0 0
h  246  -763978 0.999939 0 -1 -0 0
h  247  -763978 0.999939 0 -1 -0 0
h  248  -763978 0.999939 0 -1 -0 0
h  249  -763977 0.999939 0 -1 -0 0
h  250  -763977 0.999939 0 -1 -0 0
h  251  -763977 0.999939 0 -1 -0 0
h  252  -763919 0.999939 0 -1 -0 0
h  253  -763917 0.999939 0 -1 -0 0
h  254  -763960 0.999939 0 -1 -0 0
h  255  -763959 0.999939 0 -1 -0 0
h  256  -763979 0.999939 0 -1 -0 0
h  257  -763979 0.999939 0 -1 -0 0
h  258  -763979 0.999939 0 -1 -0 0
h  259  -763979 0.999939 0 -1 -0 0
h  260  -763869 0.999939 0 -1 -0 0
h  261  -763976 0.999939 0 -1 -0 0
h  262  -763979 0.999939 0 -1 -0 0
h  263  -763979 0.999939 0 -1 -0 0
h  264  -763979 0.999939 0 -1 -0 0
h  265  -763979 0.999939 0 -1 -0 0
h  266  -763892 0.999939 0 -1 -0 0
h  267  -763893 0.999939 0 -1 -0 0
h  268  -763871 0.999939 0 -1 -0 0
h  269  -763870 0.999939 0 -1 -0 0
h  270  -763976 0.999939 0 -1 -0 0
h  271  -763974 0.999939 0 -1 -0 0
h  272  -763974 0.999939 0 -1 -0 0
h  273  -763974 0.999939 0 -1 -0 0
h  274  -763969 0.999939 0 -1 -0 0
h  275  -763974 0.999939 0 -1 -0 0
h  276  -763975 0.999939 0 -1 -0 0
h  277  -763975 0.999939 0 -1 -0 0
h  278  -763975 0.999939 0 -1 -0 0
h  279  -763978 0.999939 0 -1 -0 0
h  280  -763978 0.999939 0 -1 -0 0
h  281  -763977 0.999939 0 -1 -0 0
h  282  -763977 0.999939 0 -1 -0 0
h  834  -763987 0.999939 0 -1 -0 0
h  835  -763987 0.999939 0 -1 -0 0
h  836  -763987 0.999939 0 -1 -0 0
h  837  -763987 0.999939 0 -1 -0 0
h  838  -763987 0.999939 0 -1 -0 0
h  839  -763987 0.999939 0 -1 -0 0
h  840  -763987 0.999939 0 -1 -0 0
h  841  -763987 0.999939 0 -1 -0 0
h  842  -763987 0.999939 0 -1 -0 0
h  843  -763987 0.999939 0 -1 -0 0
h  844  -763987 0.999939 0 -1 -0 0
h  845  -763987 0.999939 0 -1 -0 0
h  846  -763987 0.999939 0 -1 -0 0
h  847  -763987 0.999939 0 -1 -0 0
h  848  -763987 0.999939 0 -1 -0 0
h  849  -763987 0.999939 0 -1 -0 0
h  850  -763987 0.999939 0 -1 -0 0
h  851  -763987 0.999939 0 -1 -0 0
h  957  -763987 0.999939 0 -1 -0 0
h  958  -763987 0.999939 0 -1 -0 0
h  959  -763987 0.999939 0 -1 -0 0
h  960  -763987 0.999939 0 -1 -0 0
h  961  -763987 0.999939 0 -1 -0 0
h  962  -763987 0.999939 0 -1 -0 0
h  963  -763987 0.999939 0 -1 -0 0
h  964  -763987 0.999939 0 -1 -0 0
h  965  -763987 0.999939 0 -1 -0 0
h  966  -763987 0.999939 0 -1 -0 0
h  967  -763987 0.999939 0 -1 -0 0
h  968  -763987 0.999939 0 -1 -0 0
h  1026  -763984 0.999939 0 -1 -0 0
h  1029  -763981 0.999939 0 -1 -0 0
h  1030  -763983 0.999939 0 -1 -0 0
h  1031  -763983 0.999939 0 -1 -0 0
h  1032  -763981 0.999939 0 -1 -0 0
h  1033  -763979 0.999939 0 -1 -0 0
h  1034  -763980 0.999939 0 -1 -0 0
h  1038  -763984 0.999939 0 -1 -0 0
h  1042  -763983 0.999939 0 -1 -0 0
h  1043  -763981 0.999939 0 -1 -0 0
h  1044  -763983 0.999939 0 -1 -0 0
h  1045  -763981 0.999939 0 -1 -0 0
h  1046  -763979 0.999939 0 -1 -0 0
h  1047  -763980 0.999939 0 -1 -0 0
h  1052  -763984 0.999939 0 -1 -0 0
h  1055  -763981 0.999939 0 -1 -0 0
h  1056  -763983 0.999939 0 -1 -0 0
h  1057  -763983 0.999939 0 -1 -0 0
h  1058  -763981 0.999939 0 -1 -0 0
h  1059  -763979 0.999939 0 -1 -0 0
h  1060  -763980 0.999939 0 -1 -0 0
h  1064  -763984 0.999939 0 -1 -0 0
h  1068  -763983 0.999939 0 -1 -0 0
h  1069  -763981 0.999939 0 -1 -0 0
h  1070  -763983 0.999939 0 -1 -0 0
h  1071  -763981 0.999939 0 -1 -0 0
h  1072  -763979 0.999939 0 -1 -0 0
h  1073  -763980 0.999939 0 -1 -0 0
h  1074  -763622 0.999939 0 -1 -0 0
h  1077  -763868 0.999939 0 -1 -0 0
h  1078  -763910 0.999939 0 -1 -0 0
h  1079  -763936 0.999939 0 -1 -0 0
h  1080  -763747 0.999939 0 -1 -0 0
h  1090  -763628 0.999939 0 -1 -0 0
h  1093  -763869 0.999939 0 -1 -0 0
h  1094  -763912 0.999939 0 -1 -0 0
h  1095  -763750 0.999939 0 -1 -0 0
h  1096  -763937 0.999939 0 -1 -0 0
h  1106  -763627 0.999939 0 -1 -0 0
h  1109  -763869 0.999939 0 -1 -0 0
h  1110  -763912 0.999939 0 -1 -0 0
h  1111  -763749 0.999939 0 -1 -0 0
h  1112  -763937 0.999939 0 -1 -0 0
h  1113  -763980 0.999939 0 -1 -0 0
h  1116  -763980 0.999939 0 -1 -0 0
h  1117  -763981 0.999939 0 -1 -0 0
h  1118  -763979 0.999939 0 -1 -0 0
h  1119  -763980 0.999939 0 -1 -0 0
h  1122  -763980 0.999939 0 -1 -0 0
h  1123  -763981 0.999939 0 -1 -0 0
h  1124  -763979 0.999939 0 -1 -0 0
h  1125  -763987 0.999939 0 -1 -0 0
h  1126  -763987 0.999939 0 -1 -0 0
h  1127  -763987 0.999939 0 -1 -0 0
h  1128  -763987 0.999939 0 -1 -0 0
h  1129  -763987 0.999939 0 -1 -0 0
h  1130  -763987 0.999939 0 -1 -0 0
h  1131  -763987 0.999939 0 -1 -0 0
h  1132  -763987 0.999939 0 -1 -0 0
h  1133  -763987 0.999939 0 -1 -0 0
h  1134  -763987 0.999939 0 -1 -0 0
h  1135  -763987 0.999939 0 -1 -0 0
h  1136  -763987 0.999939 0 -1 -0 0
h  1137  -763987 0.999939 0 -1 -0 0
h  1138  -763987 0.999939 0 -1 -0 0
h  1139  -763987 0.999939 0 -1 -0 0
h  1140  -763987 0.999939 0 -1 -0 0
h  1141  -763987 0.999939 0 -1 -0 0
h  1142  -763987 0.999939 0 -1 -0 0
h  1143  -763987 0.999939 0 -1 -0 0
h  1144  -763987 0.999939 0 -1 -0 0
SolidID  6   307 
h  77  -763987 0.999939 0 -1 -0 0
h  78  -763987 0.999939 0 -1 -0 0
h  79  -763987 0.999939 0 -1 -0 0
h  80  -763987 0.999939 0 -1 -0 0
h  81  -763987 0.999939 0 -1 -0 0
h  82  -763987 0.999939 0 -1 -0 0
h  83  -763987 0.999939 0 -1 -0 0
h  84  -763987 0.999939 0 -1 -0 0
h  85  -763987 0.999939 0 -1 -0 0
h  86  -763987 0.999939 0 -1 -0 0
h  87  -763987 0.999939 0 -1 -0 0
h  88  -763987 0.999939 0 -1 -0 0
h  89  -763987 0.999939 0 -1 -0 0
h  90  -763987 0.999939 0 -1 -0 0
h  91  -763987 0.999939 0 -1 -0 0
h  92  -763987 0.999939 0 -1 -0 0
h  93  -763987 0.999939 0 -1 -0 0
h  94  -763987 0.999939 0 -1 -0 0
h  95  -763987 0.999939 0 -1 -0 0
h  96  -763987 0.999939 0 -1 -0 0
h  97  -763987 0.999939 0 -1 -0 0
h  98  -763987 0.999939 0 -1 -0 0
h  99  -763987 0.999939 0 -1 -0 0
h  100  -763987 0.999939 0 -1 -0 0
h  101  -763985 0.999939 0 -1 -0 0
h  102  -763985 0.999939 0 -1 -0 0
h  103  -763985 0.999939 0 -1 -0 0
h  104  -763985 0.999939 0 -1 -0 0
h  105  -763987 0.999939 0 -1 -0 0
h  106  -763987 0.999939 0 -1 -0 0
h  107  -763987 0.999939 0 -1 -0 0
h  108  -763987 0.999939 0 -1 -0 0
h  109  -763987 0.999939 0 -1 -0 0
h  110  -763987 0.999939 0 -1 -0 0
h  111  -763985 0.999939 0 -1 -0 0
h  112  -763985 0.999939 0 -1 -0 0
h  113  -763985 0.999939 0 -1 -0 0
h  114  -763985 0.999939 0 -1 -0 0
h  115  -763987 0.999939 0 -1 -0 0
h  116  -763987 0.999939 0 -1 -0 0
h  117  -763987 0.999939 0 -1 -0 0
h  118  -763987 0.999939 0 -1 -0 0
h  119  -763982 0.999939 0 -1 -0 0
h  120  -763982 0.999939 0 -1 -0 0
h  121  -763982 0.999939 0 -1 -0 0
h  122  -763982 0.999939 0 -1 -0 0
h  123  -763987 0.999939 0 -1 -0 0
h  124  -763987 0.999939 0 -1 -0 0
h  125  -763987 0.999939 0 -1 -0 0
h  126  -763987 0.999939 0 -1 -0 0
h  127  -763980 0.999939 0 -1 -0 0
h  128  -763987 0.999939 0 -1 -0 0
h  129  -763987 0.999939 0 -1 -0 0
h  130  -763980 0.999939 0 -1 -0 0
h  131  -763980 0.999939 0 -1 -0 0
h  132  -763980 0.999939 0 -1 -0 0
h  133  -763987 0.999939 0 -1 -0 0
h  134  -763987 0.999939 0 -1 -0 0
h  135  -763987 0.999939 0 -1 -0 0
h  136  -763987 0.999939 0 -1 -0 0
h  137  -763987 0.999939 0 -1 -0 0
h  138  -763987 0.999939 0 -1 -0 0
h  139  -763987 0.999939 0 -1 -0 0
h  140  -763987 0.999939 0 -1 -0 0
h  141  -763987 0.999939 0 -1 -0 0
h  142  -763987 0.999939 0 -1 -0 0
h  143  -763972 0.999939 0 -1 -0 0
h  144  -763972 0.999939 0 -1 -0 0
h  145  -763972 0.999939 0 -1 -0 0
h  146  -763971 0.999939 0 -1 -0 0
h  147  -763987 0.999939 0 -1 -0 0
h  148  -763987 0.999939 0 -1 -0 0
h  149  -763987 0.999939 0 -1 -0 0
h  150  -763987 0.999939 0 -1 -0 0
h  151  -763780 0.999939 0 -1 -0 0
h  152  -763779 0.999939 0 -1 -0 0
h  153  -763980 0.999939 0 -1 -0 0
h  154  -763980 0.999939 0 -1 -0 0
h  155  -763980 0.999939 0 -1 -0 0
h  156  -763980 0.999939 0 -1 -0 0
h  157  -763779 0.999939 0 -1 -0 0
h  158  -763977 0.999939 0 -1 -0 0
h  159  -763977 0.999939 0 -1 -0 0
h  160  -763977 0.999939 0 -1 -0 0
h  161  -763977 0.999939 0 -1 -0 0
h  162  -763766 0.999939 0 -1 -0 0
h  163  -763977 0.999939 0 -1 -0 0
h  164  -763987 0.999939 0 -1 -0 0
h  165  -763987 0.999939 0 -1 -0 0
h  166  -763987 0.999939 0 -1 -0 0
h  167  -763987 0.999939 0 -1 -0 0
h  168  -763987 0.999939 0 -1 -0 0
h  169  -763987 0.999939 0 -1 -0 0
h  170  -763987 0.999939 0 -1 -0 0
h  171  -763987 0.999939 0 -1 -0 0
h  172  -763987 0.999939 0 -1 -0 0
h  173  -763987 0.999939 0 -1 -0 0
h  174  -763987 0.999939 0 -1 -0 0
h  175  -763987 0.999939 0 -1 -0 0
h  176  -763977 0.999939 0 -1 -0 0
h  177  -763977 0.999939 0 -1 -0 0
h  178  -763977 0.999939 0 -1 -0 0
h  179  -763919 0.999939 0 -1 -0 0
h  180  -763978 0.999939 0 -1 -0 0
h  181  -763945 0.999939 0 -1 -0 0
h  182  -763945 0.999939 0 -1 -0 0
h  183  -763945 0.999939 0 -1 -0 0
h  184  -763978 0.999939 0 -1 -0 0
h  185  -763978 0.999939 0 -1 -0 0
h  186  -763978 0.999939 0 -1 -0 0
h  187  -763665 0.999939 0 -1 -0 0
h  188  -763975 0.999939 0 -1 -0 0
h  189  -763981 0.999939 0 -1 -0 0
h  190  -763981 0.999939 0 -1 -0 0
h  191  -763987 0.999939 0 -1 -0 0
h  192  -763987 0.999939 0 -1 -0 0
h  193  -763987 0.999939 0 -1 -0 0
h  194  -763987 0.999939 0 -1 -0 0
h  195  -763978 0.999939 0 -1 -0 0
h  196  -763978 0.999939 0 -1 -0 0
h  197  -763721 0.999939 0 -1 -0 0
h  198  -763720 0.999939 0 -1 -0 0
h  199  -763635 0.999939 0 -1 -0 0
h  200  -763975 0.999939 0 -1 -0 0
h  201  -763975 0.999939 0 -1 -0 0
h  202  -763975 0.999939 0 -1 -0 0
h  203  -763979 0.999939 0 -1 -0 0
h  204  -763979 0.999939 0 -1 -0 0
h  205  -763978 0.999939 0 -1 -0 0
h  206  -763978 0.999939 0 -1 -0 0
h  207  -763978 0.999939 0 -1 -0 0
h  208  -763888 0.999939 0 -1 -0 0
h  209  -763838 0.999939 0 -1 -0 0
h  210  -763834 0.999939 0 -1 -0 0
h  211  -763978 0.999939 0 -1 -0 0
h  212  -763663 0.999939 0 -1 -0 0
h  213  -763975 0.999939 0 -1 -0 0
h  214  -763975 0.999939 0 -1 -0 0
h  215  -763975 0.999939 0 -1 -0 0
h  216  -763976 0.999939 0 -1 -0 0
h  217  -763976 0.999939 0 -1 -0 0
h  218  -763976 0.999939 0 -1 -0 0
h  219  -763980 0.999939 0 -1 -0 0
h  220  -763980 0.999939 0 -1 -0 0
h  221  -763979 0.999939 0 -1 -0 0
h  222  -763979 0.999939 0 -1 -0 0
h  223  -763975 0.999939 0 -1 -0 0
h  224  -763966 0.999939 0 -1 -0 0
h  225  -763967 0.999939 0 -1 -0 0
h  226  -763975 0.999939 0 -1 -0 0
h  227  -763987 0.999939 0 -1 -0 0
h  228  -763987 0.999939 0 -1 -0 0
h  229  -763987 0.999939 0 -1 -0 0
h  230  -763987 0.999939 0 -1 -0 0
h  231  -763987 0.999939 0 -1 -0 0
h  232  -763987 0.999939 0 -1 -0 0
h  233  -763987 0.999939 0 -1 -0 0
h  234  -763987 0.999939 0 -1 -0 0
h  235  -763873 0.999939 0 -1 -0 0
h  236  -763987 0.999939 0 -1 -0 0
h  237  -763987 0.999939 0 -1 -0 0
h  238  -763987 0.999939 0 -1 -0 0
h  239  -763987 0.999939 0 -1 -0 0
h  240  -763978 0.999939 0 -1 -0 0
h  241  -763978 0.999939 0 -1 -0 0
h  242  -763978 0.999939 0 -1 -0 0
h  243  -763978 0.999939 0 -1 -0 0
h  244  -763857 0.999939 0 -1 -0 0
h  245  -763978 0.999939 0 -1 -0 0
h  246  -763978 0.999939 0 -1 -0 0
h  247  -763978 0.999939 0 -1 -0 0
h  248  -763978 0.999939 0 -1 -0 0
h  249  -763977 0.999939 0 -1 -0 0
h  250  -763977 0.999939 0 -1 -0 0
h  251  -763977 0.999939 0 -1 -0 0
h  252  -763919 0.999939 0 -1 -0 0
h  253  -763917 0.999939 0 -1 -0 0
h  254  -763960 0.999939 0 -1 -0 0
h  255  -763959 0.999939 0 -1 -0 0
h  256  -763979 0.999939 0 -1 -0 0
h  257  -763979 0.999939 0 -1 -0 0
h  258  -763979 0.999939 0 -1 -0 0
h  259  -763979 0.999939 0 -1 -0 0
h  260  -763869 0.999939 0 -1 -0 0
h  261  -763976 0.999939 0 -1 -0 0
h  262  -763979 0.999939 0 -1 -0 0
h  263  -763979 0.999939 0 -1 -0 0
h  264  -763979 0.999939 0 -1 -0 0
h  265  -763979 0.999939 0 -1 -0 0
h  266  -763892 0.999939 0 -1 -0 0
h  267  -763893 0.999939 0 -1 -0 0
h  268  -763871 0.999939 0 -1 -0 0
h  269  -763870 0.999939 0 -1 -0 0
h  270  -763976 0.999939 0 -1 -0 0
h  271  -763974 0.999939 0 -1 -0 0
h  272  -763974 0.999939 0 -1 -0 0
h  273  -763974 0.999939 0 -1 -0 0
h  274  -763969 0.999939 0 -1 -0 0
h  275  -763974 0.999939 0 -1 -0 0
h  276  -763975 0.999939 0 -1 -0 0
h  277  -763975 0.999939 0 -1 -0 0
h  278  -763975 0.999939 0 -1 -0 0
h  279  -763978 0.999939 0 -1 -0 0
h  280  -763978 0.999939 0 -1 -0 0
h  281  -763977 0.999939 0 -1 -0 0
h  282  -763977 0.999939 0 -1 -0 0
h  834  -763987 0.999939 0 -1 -0 0
h  835  -763987 0.999939 0 -1 -0 0
h  836  -763987 0.999939 0 -1 -0 0
h  837  -763987 0.999939 0 -1 -0 0
h  838  -763987 0.999939 0 -1 -0 0
h  839  -763987 0.999939 0 -1 -0 0
h  840  -763987 0.999939 0 -1 -0 0
h  841  -763987 0.999939 0 -1 -0 0
h  842  -763987 0.999939 0 -1 -0 0
h  843  -763987 0.999939 0 -1 -0 0
h  844  -763987 0.999939 0 -1 -0 0
h  845  -763987 0.999939 0 -1 -0 0
h  846  -763987 0.999939 0 -1 -0 0
h  847  -763987 0.999939 0 -1 -0 0
h  848  -763987 0.999939 0 -1 -0 0
h  849  -763987 0.999939 0 -1 -0 0
h  850  -763987 0.999939 0 -1 -0 0
h  851  -763987 0.999939 0 -1 -0 0
h  957  -763987 0.999939 0 -1 -0 0
h  958  -763987 0.999939 0 -1 -0 0
h  959  -763987 0.999939 0 -1 -0 0
h  960  -763987 0.999939 0 -1 -0 0
h  961  -763987 0.999939 0 -1 -0 0
h  962  -763987 0.999939 0 -1 -0 0
h  963  -763987 0.999939 0 -1 -0 0
h  964  -763987 0.999939 0 -1 -0 0
h  965  -763987 0.999939 0 -1 -0 0
h  966  -763987 0.999939 0 -1 -0 0
h  967  -763987 0.999939 0 -1 -0 0
h  968  -763987 0.999939 0 -1 -0 0
h  1026  -763984 0.999939 0 -1 -0 0
h  1029  -763981 0.999939 0 -1 -0 0
h  1030  -763983 0.999939 0 -1 -0 0
h  1031  -763983 0.999939 0 -1 -0 0
h  1032  -763981 0.999939 0 -1 -0 0
h  1033  -763979 0.999939 0 -1 -0 0
h  1034  -763980 0.999939 0 -1 -0 0
h  1038  -763984 0.999939 0 -1 -0 0
h  1042  -763983 0.999939 0 -1 -0 0
h  1043  -763981 0.999939 0 -1 -0 0
h  1044  -763983 0.999939 0 -1 -0 0
h  1045  -763981 0.999939 0 -1 -0 0
h  1046  -763979 0.999939 0 -1 -0 0
h  1047  -763980 0.999939 0 -1 -0 0
h  1052  -763984 0.999939 0 -1 -0 0
h  1055  -763981 0.999939 0 -1 -0 0
h  1056  -763983 0.999939 0 -1 -0 0
h  1057  -763983 0.999939 0 -1 -0 0
h  1058  -763981 0.999939 0 -1 -0 0
h  1059  -763979 0.999939 0 -1 -0 0
h  1060  -763980 0.999939 0 -1 -0 0
h  1064  -763984 0.999939 0 -1 -0 0
h  1068  -763983 0.999939 0 -1 -0 0
h  1069  -763981 0.999939 0 -1 -0 0
h  1070  -763983 0.999939 0 -1 -0 0
h  1071  -763981 0.999939 0 -1 -0 0
h  1072  -763979 0.999939 0 -1 -0 0
h  1073  -763980 0.999939 0 -1 -0 0
h  1074  -763622 0.999939 0 -1 -0 0
h  1077  -763868 0.999939 0 -1 -0 0
h  1078  -763910 0.999939 0 -1 -0 0
h  1079  -763936 0.999939 0 -1 -0 0
h  1080  -763747 0.999939 0 -1 -0 0
h  1090  -763628 0.999939 0 -1 -0 0
h  1093  -763869 0.999939 0 -1 -0 0
h  1094  -763912 0.999939 0 -1 -0 0
h  1095  -763750 0.999939 0 -1 -0 0
h  1096  -763937 0.999939 0 -1 -0 0
h  1106  -763627 0.999939 0 -1 -0 0
h  1109  -763869 0.999939 0 -1 -0 0
h  1110  -763912 0.999939 0 -1 -0 0
h  1111  -763749 0.999939 0 -1 -0 0
h  1112  -763937 0.999939 0 -1 -0 0
h  1113  -763980 0.999939 0 -1 -0 0
h  1116  -763980 0.999939 0 -1 -0 0
h  1117  -763981 0.999939 0 -1 -0 0
h  1118  -763979 0.999939 0 -1 -0 0
h  1119  -763980 0.999939 0 -1 -0 0
h  1122  -763980 0.999939 0 -1 -0 0
h  1123  -763981 0.999939 0 -1 -0 0
h  1124  -763979 0.999939 0 -1 -0 0
h  1125  -763987 0.999939 0 -1 -0 0
h  1126  -763987 0.999939 0 -1 -0 0
h  1127  -763987 0.999939 0 -1 -0 0
h  1128  -763987 0.999939 0 -1 -0 0
h  1129  -763987 0.999939 0 -1 -0 0
h  1130  -763987 0.999939 0 -1 -0 0
h  1131  -763987 0.999939 0 -1 -0 0
h  1132  -763987 0.999939 0 -1 -0 0
h  1133  -763987 0.999939 0 -1 -0 0
h  1134  -763987 0.999939 0 -1 -0 0
h  1135  -763987 0.999939 0 -1 -0 0
h  1136  -763987 0.999939 0 -1 -0 0
h  1137  -763987 0.999939 0 -1 -0 0
h  1138  -763987 0.999939 0 -1 -0 0
h  1139  -763987 0.999939 0 -1 -0 0
h  1140  -763987 0.999939 0 -1 -0 0
h  1141  -763987 0.999939 0 -1 -0 0
h  1142  -763987 0.999939 0 -1 -0 0
h  1143  -763987 0.999939 0 -1 -0 0
h  1144  -763987 0.999939 0 -1 -0 0
SolidID  29   16 
h  539  -763987 0.999939 0 -1 -0 0
h  540  -763987 0.999939 0 -1 -0 0
h  541  -763987 0.999939 0 -1 -0 0
h  542  -763987 0.999939 0 -1 -0 0
h  543  -763987 0.999939 0 -1 -0 0
h  544  -763987 0.999939 0 -1 -0 0
h  545  -763987 0.999939 0 -1 -0 0
h  546  -763987 0.999939 0 -1 -0 0
h  547  -763987 0.999939 0 -1 -0 0
h  548  -763987 0.999939 0 -1 -0 0
h  549  -763987 0.999939 0 -1 -0 0
h  550  -763987 0.999939 0 -1 -0 0
h  551  -763987 0.999939 0 -1 -0 0
h  552  -763987 0.999939 0 -1 -0 0
h  553  -763987 0.999939 0 -1 -0 0
h  554  -763987 0.999939 0 -1 -0 0
SolidID  6   307 
h  77  -763987 0.999939 0 -1 -0 0
h  78  -763987 0.999939 0 -1 -0 0
h  79  -763987 0.999939 0 -1 -0 0
h  80  -763987 0.999939 0 -1 -0 0
h  81  -763987 0.999939 0 -1 -0 0
h  82  -763987 0.999939 0 -1 -0 0
h  83  -763987 0.999939 0 -1 -0 0
h  84  -763987 0.999939 0 -1 -0 0
h  85  -763987 0.999939 0 -1 -0 0
h  86  -763987 0.999939 0 -1 -0 0
h  87  -763987 0.999939 0 -1 -0 0
h  88  -763987 0.999939 0 -1 -0 0
h  89  -763987 0.999939 0 -1 -0 0
h  90  -763987 0.999939 0 -1 -0 0
h  91  -763987 0.999939 0 -1 -0 0
h  92  -763987 0.999939 0 -1 -0 0
h  93  -763987 0.999939 0 -1 -0 0
h  94  -763987 0.999939 0 -1 -0 0
h  95  -763987 0.999939 0 -1 -0 0
h  96  -763987 0.999939 0 -1 -0 0
h  97  -763987 0.999939 0 -1 -0 0
h  98  -763987 0.999939 0 -1 -0 0
h  99  -763987 0.999939 0 -1 -0 0
h  100  -763987 0.999939 0 -1 -0 0
h  101  -763985 0.999939 0 -1 -0 0
h  102  -763985 0.999939 0 -1 -0 0
h  103  -763985 0.999939 0 -1 -0 0
h  104  -763985 0.999939 0 -1 -0 0
h  105  -763987 0.999939 0 -1 -0 0
h  106  -763987 0.999939 0 -1 -0 0
h  107  -763987 0.999939 0 -1 -0 0
h  108  -763987 0.999939 0 -1 -0 0
h  109  -763987 0.999939 0 -1 -0 0
h  110  -763987 0.999939 0 -1 -0 0
h  111  -763985 0.999939 0 -1 -0 0
h  112  -763985 0.999939 0 -1 -0 0
h  113  -763985 0.999939 0 -1 -0 0
h  114  -763985 0.999939 0 -1 -0 0
h  115  -763987 0.999939 0 -1 -0 0
h  116  -763987 0.999939 0 -1 -0 0
h  117  -763987 0.999939 0 -1 -0 0
h  118  -763987 0.999939 0 -1 -0 0
h  119  -763982 0.999939 0 -1 -0 0
h  120  -763982 0.999939 0 -1 -0 0
h  121  -763982 0.999939 0 -1 -0 0
h  122  -763982 0.999939 0 -1 -0 0
h  123  -763987 0.999939 0 -1 -0 0
h  124  -763987 0.999939 0 -1 -0 0
h  125  -763987 0.999939 0 -1 -0 0
h  126  -763987 0.999939 0 -1 -0 0
h  127  -763980 0.999939 0 -1 -0 0
h  128  -763987 0.999939 0 -1 -0 0
h  129  -763987 0.999939 0 -1 -0 0
h  130  -763980 0.999939 0 -1 -0 0
h  131  -763980 0.999939 0 -1 -0 0
h  132  -763980 0.999939 0 -1 -0 0
h  133  -763987 0.999939 0 -1 -0 0
h  134  -763987 0.999939 0 -1 -0 0
h  135  -763987 0.999939 0 -1 -0 0
h  136  -763987 0.999939 0 -1 -0 0
h  137  -763987 0.999939 0 -1 -0 0
h  138  -763987 0.999939 0 -1 -0 0
h  139  -763987 0.999939 0 -1 -0 0
h  140  -763987 0.999939 0 -1 -0 0
h  141  -763987 0.999939 0 -1 -0 0
h  142  -763987 0.999939 0 -1 -0 0
h  143  -763972 0.999939 0 -1 -0 0
h  144  -763972 0.999939 0 -1 -0 0
h  145  -763972 0.999939 0 -1 -0 0
h  146  -763971 0.999939 0 -1 -0 0
h  147  -763987 0.999939 0 -1 -0 0
h  148  -763987 0.999939 0 -1 -0 0
h  149  -763987 0.999939 0 -1 -0 0
h  150  -763987 0.999939 0 -1 -0 0
h  151  -763780 0.999939 0 -1 -0 0
h  152  -763779 0.999939 0 -1 -0 0
h  153  -763980 0.999939 0 -1 -0 0
h  154  -763980 0.999939 0 -1 -0 0
h  155  -763980 0.999939 0 -1 -0 0
h  156  -763980 0.999939 0 -1 -0 0
h  157  -763779 0.999939 0 -1 -0 0
h  158  -763977 0.999939 0 -1 -0 0
h  159  -763977 0.999939 0 -1 -0 0
h  160  -763977 0.999939 0 -1 -0 0
h  161  -763977 0.999939 0 -1 -0 0
h  162  -763766 0.999939 0 -1 -0 0
h  163  -763977 0.999939 0 -1 -0 0
h  164  -763987 0.999939 0 -1 -0 0
h  165  -763987 0.999939 0 -1 -0 0
h  166  -763987 0.999939 0 -1 -0 0
h  167  -763987 0.999939 0 -1 -0 0
h  168  -763987 0.999939 0 -1 -0 0
h  169  -763987 0.999939 0 -1 -0 0
h  170  -763987 0.999939 0 -1 -0 0
h  171  -763987 0.999939 0 -1 -0 0
h  172  -763987 0.999939 0 -1 -0 0
h  173  -763987 0.999939 0 -1 -0 0
h  174  -763987 0.999939 0 -1 -0 0
h  175  -763987 0.999939 0 -1 -0 0
h  176  -763977 0.999939 0 -1 -0 0
h  177  -763977 0.999939 0 -1 -0 0
h  178  -763977 0.999939 0 -1 -0 0
h  179  -763919 0.999939 0 -1 -0 0
h  180  -763978 0.999939 0 -1 -0 0
h  181  -763945 0.999939 0 -1 -0 0
h  182  -763945 0.999939 0 -1 -0 0
h  183  -763945 0.999939 0 -1 -0 0
h  184  -763978 0.999939 0 -1 -0 0
h  185  -763978 0.999939 0 -1 -0 0
h  186  -763978 0.999939 0 -1 -0 0
h  187  -763665 0.999939 0 -1 -0 0
h  188  -763975 0.999939 0 -1 -0 0
h  189  -763981 0.999939 0 -1 -0 0
h  190  -763981 0.999939 0 -1 -0 0
h  191  -763987 0.999939 0 -1 -0 0
h  192  -763987 0.999939 0 -1 -0 0
h  193  -763987 0.999939 0 -1 -0 0
h  194  -763987 0.999939 0 -1 -0 0
h  195  -763978 0.999939 0 -1 -0 0
h  196  -763978 0.999939 0 -1 -0 0
h  197  -763721 0.999939 0 -1 -0 0
h  198  -763720 0.999939 0 -1 -0 0
h  199  -763635 0.999939 0 -1 -0 0
h  200  -763975 0.999939 0 -1 -0 0
h  201  -763975 0.999939 0 -1 -0 0
h  202  -763975 0.999939 0 -1 -0 0
h  203  -763979 0.999939 0 -1 -0 0
h  204  -763979 0.999939 0 -1 -0 0
h  205  -763978 0.999939 0 -1 -0 0
h  206  -763978 0.999939 0 -1 -0 0
h  207  -763978 0.999939 0 -1 -0 0
h  208  -763888 0.999939 0 -1 -0 0
h  209  -763838 0.999939 0 -1 -0 0
h  210  -763834 0.999939 0 -1 -0 0
h  211  -763978 0.999939 0 -1 -0 0
h  212  -763663 0.999939 0 -1 -0 0
h  213  -763975 0.999939 0 -1 -0 0
h  214  -763975 0.999939 0 -1 -0 0
h  215  -763975 0.999939 0 -1 -0 0
h  216  -763976 0.999939 0 -1 -0 0
h  217  -763976 0.999939 0 -1 -0 0
h  218  -763976 0.999939 0 -1 -0 0
h  219  -763980 0.999939 0 -1 -0 0
h  220  -763980 0.999939 0 -1 -0 0
h  221  -763979 0.999939 0 -1 -0 0
h  222  -763979 0.999939 0 -1 -0 0
h  223  -763975 0.999939 0 -1 -0 0
h  224  -763966 0.999939 0 -1 -0 0
h  225  -763967 0.999939 0 -1 -0 0
h  226  -763975 0.999939 0 -1 -0 0
h  227  -763987 0.999939 0 -1 -0 0
h  228  -763987 0.999939 0 -1 -0 0
h  229  -763987 0.999939 0 -1 -0 0
h  230  -763987 0.999939 0 -1 -0 0
h  231  -763987 0.999939 0 -1 -0 0
h  232  -763987 0.999939 0 -1 -0 0
h  233  -763987 0.999939 0 -1 -0 0
h  234  -763987 0.999939 0 -1 -0 0
h  235  -763873 0.999939 0 -1 -0 0
h  236  -763987 0.999939 0 -1 -0 0
h  237  -763987 0.999939 0 -1 -0 0
h  238  -763987 0.999939 0 -1 -0 0
h  239  -763987 0.999939 0 -1 -0 0
h  240  -763978 0.999939 0 -1 -0 0
h  241  -763978 0.999939 0 -1 -0 0
h  242  -763978 0.999939 0 -1 -0 0
h  243  -763978 0.999939 0 -1 -0 0
h  244  -763857 0.999939 0 -1 -0 0
h  245  -763978 0.999939 0 -1 -0 0
h  246  -763978 0.999939 0 -1 -0 0
h  247  -763978 0.999939 0 -1 -0 0
h  248  -763978 0.999939 0 -1 -0 0
h  249  -763977 0.999939 0 -1 -0 0
h  250  -763977 0.999939 0 -1 -0 0
h  251  -763977 0.999939 0 -1 -0 0
h  252  -763919 0.999939 0 -1 -0 0
h  253  -763917 0.999939 0 -1 -0 0
h  254  -763960 0.999939 0 -1 -0 0
h  255  -763959 0.999939 0 -1 -0 0
h  256  -763979 0.999939 0 -1 -0 0
h  257  -763979 0.999939 0 -1 -0 0
h  258  -763979 0.999939 0 -1 -0 0
h  259  -763979 0.999939 0 -1 -0 0
h  260  -763869 0.999939 0 -1 -0 0
h  261  -763976 0.999939 0 -1 -0 0
h  262  -763979 0.999939 0 -1 -0 0
h  263  -763979 0.999939 0 -1 -0 0
h  264  -763979 0.999939 0 -1 -0 0
h  265  -763979 0.999939 0 -1 -0 0
h  266  -763892 0.999939 0 -1 -0 0
h  267  -763893 0.999939 0 -1 -0 0
h  268  -763871 0.999939 0 -1 -0 0
h  269  -763870 0.999939 0 -1 -0 0
h  270  -763976 0.999939 0 -1 -0 0
h  271  -763974 0.999939 0 -1 -0 0
h  272  -763974 0.999939 0 -1 -0 0
h  273  -763974 0.999939 0 -1 -0 0
h  274  -763969 0.999939 0 -1 -0 0
h  275  -763974 0.999939 0 -1 -0 0
h  276  -763975 0.999939 0 -1 -0 0
h  277  -763975 0.999939 0 -1 -0 0
h  278  -763975 0.999939 0 -1 -0 0
h  279  -763978 0.999939 0 -1 -0 0
h  280  -763978 0.999939 0 -1 -0 0
h  281  -763977 0.999939 0 -1 -0 0
h  282  -763977 0.999939 0 -1 -0 0
h  834  -763987 0.999939 0 -1 -0 0
h  835  -763987 0.999939 0 -1 -0 0
h  836  -763987 0.999939 0 -1 -0 0
h  837  -763987 0.999939 0 -1 -0 0
h  838  -763987 0.999939 0 -1 -0 0
h  839  -763987 0.999939 0 -1 -0 0
h  840  -763987 0.999939 0 -1 -0 0
h  841  -763987 0.999939 0 -1 -0 0
h  842  -763987 0.999939 0 -1 -0 0
h  843  -763987 0.999939 0 -1 -0 0
h  844  -763987 0.999939 0 -1 -0 0
h  845  -763987 0.999939 0 -1 -0 0
h  846  -763987 0.999939 0 -1 -0 0
h  847  -763987 0.999939 0 -1 -0 0
h  848  -763987 0.999939 0 -1 -0 0
h  849  -763987 0.999939 0 -1 -0 0
h  850  -763987 0.999939 0 -1 -0 0
h  851  -763987 0.999939 0 -1 -0 0
h  957  -763987 0.999939 0 -1 -0 0
h  958  -763987 0.999939 0 -1 -0 0
h  959  -763987 0.999939 0 -1 -0 0
h  960  -763987 0.999939 0 -1 -0 0
h  961  -763987 0.999939 0 -1 -0 0
h  962  -763987 0.999939 0 -1 -0 0
h  963  -763987 0.999939 0 -1 -0 0
h  964  -763987 0.999939 0 -1 -0 0
h  965  -763987 0.999939 0 -1 -0 0
h  966  -763987 0.999939 0 -1 -0 0
h  967  -763987 0.999939 0 -1 -0 0
h  968  -763987 0.999939 0 -1 -0 0
h  1026  -763984 0.999939 0 -1 -0 0
h  1029  -763981 0.999939 0 -1 -0 0
h  1030  -763983 0.999939 0 -1 -0 0
h  1031  -763983 0.999939 0 -1 -0 0
h  1032  -763981 0.999939 0 -1 -0 0
h  1033  -763979 0.999939 0 -1 -0 0
h  1034  -763980 0.999939 0 -1 -0 0
h  1038  -763984 0.999939 0 -1 -0 0
h  1042  -763983 0.999939 0 -1 -0 0
h  1043  -763981 0.999939 0 -1 -0 0
h  1044  -763983 0.999939 0 -1 -0 0
h  1045  -763981 0.999939 0 -1 -0 0
h  1046  -763979 0.999939 0 -1 -0 0
h  1047  -763980 0.999939 0 -1 -0 0
h  1052  -763984 0.999939 0 -1 -0 0
h  1055  -763981 0.999939 0 -1 -0 0
h  1056  -763983 0.999939 0 -1 -0 0
h  1057  -763983 0.999939 0 -1 -0 0
h  1058  -763981 0.999939 0 -1 -0 0
h  1059  -763979 0.999939 0 -1 -0 0
h  1060  -763980 0.999939 0 -1 -0 0
h  1064  -763984 0.999939 0 -1 -0 0
h  1068  -763983 0.999939 0 -1 -0 0
h  1069  -763981 0.999939 0 -1 -0 0
h  1070  -763983 0.999939 0 -1 -0 0
h  1071  -763981 0.999939 0 -1 -0 0
h  1072  -763979 0.999939 0 -1 -0 0
h  1073  -763980 0.999939 0 -1 -0 0
h  1074  -763622 0.999939 0 -1 -0 0
h  1077  -763868 0.999939 0 -1 -0 0
h  1078  -763910 0.999939 0 -1 -0 0
h  1079  -763936 0.999939 0 -1 -0 0
h  1080  -763747 0.999939 0 -1 -0 0
h  1090  -763628 0.999939 0 -1 -0 0
h  1093  -763869 0.999939 0 -1 -0 0
h  1094  -763912 0.999939 0 -1 -0 0
h  1095  -763750 0.999939 0 -1 -0 0
h  1096  -763937 0.999939 0 -1 -0 0
h  1106  -763627 0.999939 0 -1 -0 0
h  1109  -763869 0.999939 0 -1 -0 0
h  1110  -763912 0.999939 0 -1 -0 0
h  1111  -763749 0.999939 0 -1 -0 0
h  1112  -763937 0.999939 0 -1 -0 0
h  1113  -763980 0.999939 0 -1 -0 0
h  1116  -763980 0.999939 0 -1 -0 0
h  1117  -763981 0.999939 0 -1 -0 0
h  1118  -763979 0.999939 0 -1 -0 0
h  1119  -763980 0.999939 0 -1 -0 0
h  1122  -763980 0.999939 0 -1 -0 0
h  1123  -763981 0.999939 0 -1 -0 0
h  1124  -763979 0.999939 0 -1 -0 0
h  1125  -763987 0.999939 0 -1 -0 0
h  1126  -763987 0.999939 0 -1 -0 0
h  1127  -763987 0.999939 0 -1 -0 0
h  1128  -763987 0.999939 0 -1 -0 0
h  1129  -763987 0.999939 0 -1 -0 0
h  1130  -763987 0.999939 0 -1 -0 0
h  1131  -763987 0.999939 0 -1 -0 0
h  1132  -763987 0.999939 0 -1 -0 0
h  1133  -763987 0.999939 0 -1 -0 0
h  1134  -763987 0.999939 0 -1 -0 0
h  1135  -763987 0.999939 0 -1 -0 0
h  1136  -763987 0.999939 0 -1 -0 0
h  1137  -763987 0.999939 0 -1 -0 0
h  1138  -763987 0.999939 0 -1 -0 0
h  1139  -763987 0.999939 0 -1 -0 0
h  1140  -763987 0.999939 0 -1 -0 0
h  1141  -763987 0.999939 0 -1 -0 0
h  1142  -763987 0.999939 0 -1 -0 0
h  1143  -763987 0.999939 0 -1 -0 0
h  1144  -763987 0.999939 0 -1 -0 0
SolidID  29   16 
h  539  -763987 0.999939 0 -1 -0 0
h  540  -763987 0.999939 0 -1 -0 0
h  541  -763987 0.999939 0 -1 -0 0
h  542  -763987 0.999939 0 -1 -0 0
h  543  -763987 0.999939 0 -1 -0 0
h  544  -763987 0.999939 0 -1 -0 0
h  545  -763987 0.999939 0 -1 -0 0
h  546  -763987 0.999939 0 -1 -0 0
h  547  -763987 0.999939 0 -1 -0 0
h  548  -763987 0.999939 0 -1 -0 0
h  549  -763987 0.999939 0 -1 -0 0
h  550  -763987 0.999939 0 -1 -0 0
h  551  -763987 0.999939 0 -1 -0 0
h  552  -763987 0.999939 0 -1 -0 0
h  553  -763987 0.999939 0 -1 -0 0
h  554  -763987 0.999939 0 -1 -0 0
SolidID  35   16 
h  299  -763975 0.999939 0 -1 -0 0
h  300  -763978 0.999939 0 -1 -0 0
h  301  -763977 0.999939 0 -1 -0 0
h  302  -763975 0.999939 0 -1 -0 0
h  303  -763975 0.999939 0 -1 -0 0
h  304  -763977 0.999939 0 -1 -0 0
h  305  -763978 0.999939 0 -1 -0 0
h  306  -763976 0.999939 0 -1 -0 0
h  307  -763975 0.999939 0 -1 -0 0
h  308  -763974 0.999939 0 -1 -0 0
h  309  -763974 0.999939 0 -1 -0 0
h  310  -763978 0.999939 0 -1 -0 0
h  311  -763977 0.999939 0 -1 -0 0
h  312  -763976 0.999939 0 -1 -0 0
h  313  -763976 0.999939 0 -1 -0 0
h  314  -763978 0.999939 0 -1 -0 0
SolidID  6   307 
h  77  -763987 0.999939 0 -1 -0 0
h  78  -763987 0.999939 0 -1 -0 0
h  79  -763987 0.999939 0 -1 -0 0
h  80  -763987 0.999939 0 -1 -0 0
h  81  -763987 0.999939 0 -1 -0 0
h  82  -763987 0.999939 0 -1 -0 0
h  83  -763987 0.999939 0 -1 -0 0
h  84  -763987 0.999939 0 -1 -0 0
h  85  -763987 0.999939 0 -1 -0 0
h  86  -763987 0.999939 0 -1 -0 0
h  87  -763987 0.999939 0 -1 -0 0
h  88  -763987 0.999939 0 -1 -0 0
h  89  -763987 0.999939 0 -1 -0 0
h  90  -763987 0.999939 0 -1 -0 0
h  91  -763987 0.999939 0 -1 -0 0
h  92  -763987 0.999939 0 -1 -0 0
h  93  -763987 0.999939 0 -1 -0 0
h  94  -763987 0.999939 0 -1 -0 0
h  95  -763987 0.999939 0 -1 -0 0
h  96  -763987 0.999939 0 -1 -0 0
h  97  -763987 0.999939 0 -1 -0 0
h  98  -763987 0.999939 0 -1 -0 0
h  99  -763987 0.999939 0 -1 -0 0
h  100  -763987 0.999939 0 -1 -0 0
h  101  -763985 0.999939 0 -1 -0 0
h  102  -763985 0.999939 0 -1 -0 0
h  103  -763985 0.999939 0 -1 -0 0
h  104  -763985 0.999939 0 -1 -0 0
h  105  -763987 0.999939 0 -1 -0 0
h  106  -763987 0.999939 0 -1 -0 0
h  107  -763987 0.999939 0 -1 -0 0
h  108  -763987 0.999939 0 -1 -0 0
h  109  -763987 0.999939 0 -1 -0 0
h  110  -763987 0.999939 0 -1 -0 0
h  111  -763985 0.999939 0 -1 -0 0
h  112  -763985 0.999939 0 -1 -0 0
h  113  -763985 0.999939 0 -1 -0 0
h  114  -763985 0.999939 0 -1 -0 0
h  115  -763987 0.999939 0 -1 -0 0
h  116  -763987 0.999939 0 -1 -0 0
h  117  -763987 0.999939 0 -1 -0 0
h  118  -763987 0.999939 0 -1 -0 0
h  119  -763982 0.999939 0 -1 -0 0
h  120  -763982 0.999939 0 -1 -0 0
h  121  -763982 0.999939 0 -1 -0 0
h  122  -763982 0.999939 0 -1 -0 0
h  123  -763987 0.999939 0 -1 -0 0
h  124  -763987 0.999939 0 -1 -0 0
h  125  -763987 0.999939 0 -1 -0 0
h  126  -763987 0.999939 0 -1 -0 0
h  127  -763980 0.999939 0 -1 -0 0
h  128  -763987 0.999939 0 -1 -0 0
h  129  -763987 0.999939 0 -1 -0 0
h  130  -763980 0.999939 0 -1 -0 0
h  131  -763980 0.999939 0 -1 -0 0
h  132  -763980 0.999939 0 -1 -0 0
h  133  -763987 0.999939 0 -1 -0 0
h  134  -763987 0.999939 0 -1 -0 0
h  135  -763987 0.999939 0 -1 -0 0
h  136  -763987 0.999939 0 -1 -0 0
h  137  -763987 0.999939 0 -1 -0 0
h  138  -763987 0.999939 0 -1 -0 0
h  139  -763987 0.999939 0 -1 -0 0
h  140  -763987 0.999939 0 -1 -0 0
h  141  -763987 0.999939 0 -1 -0 0
h  142  -763987 0.999939 0 -1 -0 0
h  143  -763972 0.999939 0 -1 -0 0
h  144  -763972 0.999939 0 -1 -0 0
h  145  -763972 0.999939 0 -1 -0 0
h  146  -763971 0.999939 0 -1 -0 0
h  147  -763987 0.999939 0 -1 -0 0
h  148  -763987 0.999939 0 -1 -0 0
h  149  -763987 0.999939 0 -1 -0 0
h  150  -763987 0.999939 0 -1 -0 0
h  151  -763780 0.999939 0 -1 -0 0
h  152  -763779 0.999939 0 -1 -0 0
h  153  -763980 0.999939 0 -1 -0 0
h  154  -763980 0.999939 0 -1 -0 0
h  155  -763980 0.999939 0 -1 -0 0
h  156  -763980 0.999939 0 -1 -0 0
h  157  -763779 0.999939 0 -1 -0 0
h  158  -763977 0.999939 0 -1 -0 0
h  159  -763977 0.999939 0 -1 -0 0
h  160  -763977 0.999939 0 -1 -0 0
h  161  -763977 0.999939 0 -1 -0 0
h  162  -763766 0.999939 0 -1 -0 0
h  163  -763977 0.999939 0 -1 -0 0
h  164  -763987 0.999939 0 -1 -0 0
h  165  -763987 0.999939 0 -1 -0 0
h  166  -763987 0.999939 0 -1 -0 0
h  167  -763987 0.999939 0 -1 -0 0
h  168  -763987 0.999939 0 -1 -0 0
h  169  -763987 0.999939 0 -1 -0 0
h  170  -763987 0.999939 0 -1 -0 0
h  171  -763987 0.999939 0 -1 -0 0
h  172  -763987 0.999939 0 -1 -0 0
h  173  -763987 0.999939 0 -1 -0 0
h  174  -763987 0.999939 0 -1 -0 0
h  175  -763987 0.999939 0 -1 -0 0
h  176  -763977 0.999939 0 -1 -0 0
h  177  -763977 0.999939 0 -1 -0 0
h  178  -763977 0.999939 0 -1 -0 0
h  179  -763919 0.999939 0 -1 -0 0
h  180  -763978 0.999939 0 -1 -0 0
h  181  -763945 0.999939 0 -1 -0 0
h  182  -763945 0.999939 0 -1 -0 0
h  183  -763945 0.999939 0 -1 -0 0
h  184  -763978 0.999939 0 -1 -0 0
h  185  -763978 0.999939 0 -1 -0 0
h  186  -763978 0.999939 0 -1 -0 0
h  187  -763665 0.999939 0 -1 -0 0
h  188  -763975 0.999939 0 -1 -0 0
h  189  -763981 0.999939 0 -1 -0 0
h  190  -763981 0.999939 0 -1 -0 0
h  191  -763987 0.999939 0 -1 -0 0
h  192  -763987 0.999939 0 -1 -0 0
h  193  -763987 0.999939 0 -1 -0 0
h  194  -763987 0.999939 0 -1 -0 0
h  195  -763978 0.999939 0 -1 -0 0
h  196  -763978 0.999939 0 -1 -0 0
h  197  -763721 0.999939 0 -1 -0 0
h  198  -763720 0.999939 0 -1 -0 0
h  199  -763635 0.999939 0 -1 -0 0
h  200  -763975 0.999939 0 -1 -0 0
h  201  -763975 0.999939 0 -1 -0 0
h  202  -763975 0.999939 0 -1 -0 0
h  203  -763979 0.999939 0 -1 -0 0
h  204  -763979 0.999939 0 -1 -0 0
h  205  -763978 0.999939 0 -1 -0 0
h  206  -763978 0.999939 0 -1 -0 0
h  207  -763978 0.999939 0 -1 -0 0
h  208  -763888 0.999939 0 -1 -0 0
h  209  -763838 0.999939 0 -1 -0 0
h  210  -763834 0.999939 0 -1 -0 0
h  211  -763978 0.999939 0 -1 -0 0
h  212  -763663 0.999939 0 -1 -0 0
h  213  -763975 0.999939 0 -1 -0 0
h  214  -763975 0.999939 0 -1 -0 0
h  215  -763975 0.999939 0 -1 -0 0
h  216  -763976 0.999939 0 -1 -0 0
h  217  -763976 0.999939 0 -1 -0 0
h  218  -763976 0.999939 0 -1 -0 0
h  219  -763980 0.999939 0 -1 -0 0
h  220  -763980 0.999939 0 -1 -0 0
h  221  -763979 0.999939 0 -1 -0 0
h  222  -763979 0.999939 0 -1 -0 0
h  223  -763975 0.999939 0 -1 -0 0
h  224  -763966 0.999939 0 -1 -0 0
h  225  -763967 0.999939 0 -1 -0 0
h  226  -763975 0.999939 0 -1 -0 0
h  227  -763987 0.999939 0 -1 -0 0
h  228  -763987 0.999939 0 -1 -0 0
h  229  -763987 0.999939 0 -1 -0 0
h  230  -763987 0.999939 0 -1 -0 0
h  231  -763987 0.999939 0 -1 -0 0
h  232  -763987 0.999939 0 -1 -0 0
h  233  -763987 0.999939 0 -1 -0 0
h  234  -763987 0.999939 0 -1 -0 0
h  235  -763873 0.999939 0 -1 -0 0
h  236  -763987 0.999939 0 -1 -0 0
h  237  -763987 0.999939 0 -1 -0 0
h  238  -763987 0.999939 0 -1 -0 0
h  239  -763987 0.999939 0 -1 -0 0
h  240  -763978 0.999939 0 -1 -0 0
h  241  -763978 0.999939 0 -1 -0 0
h  242  -763978 0.999939 0 -1 -0 0
h  243  -763978 0.999939 0 -1 -0 0
h  244  -763857 0.999939 0 -1 -0 0
h  245  -763978 0.999939 0 -1 -0 0
h  246  -763978 0.999939 0 -1 -0 0
h  247  -763978 0.999939 0 -1 -0 0
h  248  -763978 0.999939 0 -1 -0 0
h  249  -763977 0.999939 0 -1 -0 0
h  250  -763977 0.999939 0 -1 -0 0
h  251  -763977 0.999939 0 -1 -0 0
h  252  -763919 0.999939 0 -1 -0 0
h  253  -763917 0.999939 0 -1 -0 0
h  254  -763960 0.999939 0 -1 -0 0
h  255  -763959 0.999939 0 -1 -0 0
h  256  -763979 0.999939 0 -1 -0 0
h  257  -763979 0.999939 0 -1 -0 0
h  258  -763979 0.999939 0 -1 -0 0
h  259  -763979 0.999939 0 -1 -0 0
h  260  -763869 0.999939 0 -1 -0 0
h  261  -763976 0.999939 0 -1 -0 0
h  262  -763979 0.999939 0 -1 -0 0
h  263  -763979 0.999939 0 -1 -0 0
h  264  -763979 0.999939 0 -1 -0 0
h  265  -763979 0.999939 0 -1 -0 0
h  266  -763892 0.999939 0 -1 -0 0
h  267  -763893 0.999939 0 -1 -0 0
h  268  -763871 0.999939 0 -1 -0 0
h  269  -763870 0.999939 0 -1 -0 0
h  270  -763976 0.999939 0 -1 -0 0
h  271  -763974 0.999939 0 -1 -0 0
h  272  -763974 0.999939 0 -1 -0 0
h  273  -763974 0.999939 0 -1 -0 0
h  274  -763969 0.999939 0 -1 -0 0
h  275  -763974 0.999939 0 -1 -0 0
h  276  -763975 0.999939 0 -1 -0 0
h  277  -763975 0.999939 0 -1 -0 0
h  278  -763975 0.999939 0 -1 -0 0
h  279  -763978 0.999939 0 -1 -0 0
h  280  -763978 0.999939 0 -1 -0 0
h  281  -763977 0.999939 0 -1 -0 0
h  282  -763977 0.999939 0 -1 -0 0
h  834  -763987 0.999939 0 -1 -0 0
h  835  -763987 0.999939 0 -1 -0 0
h  836  -763987 0.999939 0 -1 -0 0
h  837  -763987 0.999939 0 -1 -0 0
h  838  -763987 0.999939 0 -1 -0 0
h  839  -763987 0.999939 0 -1 -0 0
h  840  -763987 0.999939 0 -1 -0 0
h  841  -763987 0.999939 0 -1 -0 0
h  842  -763987 0.999939 0 -1 -0 0
h  843  -763987 0.999939 0 -1 -0 0
h  844  -763987 0.999939 0 -1 -0 0
h  845  -763987 0.999939 0 -1 -0 0
h  846  -763987 0.999939 0 -1 -0 0
h  847  -763987 0.999939 0 -1 -0 0
h  848  -763987 0.999939 0 -1 -0 0
h  849  -763987 0.999939 0 -1 -0 0
h  850  -763987 0.999939 0 -1 -0 0
h  851  -763987 0.999939 0 -1 -0 0
h  957  -763987 0.999939 0 -1 -0 0
h  958  -763987 0.999939 0 -1 -0 0
h  959  -763987 0.999939 0 -1 -0 0
h  960  -763987 0.999939 0 -1 -0 0
h  961  -763987 0.999939 0 -1 -0 0
h  962  -763987 0.999939 0 -1 -0 0
h  963  -763987 0.999939 0 -1 -0 0
h  964  -763987 0.999939 0 -1 -0 0
h  965  -763987 0.999939 0 -1 -0 0
h  966  -763987 0.999939 0 -1 -0 0
h  967  -763987 0.999939 0 -1 -0 0
h  968  -763987 0.999939 0 -1 -0 0
h  1026  -763984 0.999939 0 -1 -0 0
h  1029  -763981 0.999939 0 -1 -0 0
h  1030  -763983 0.999939 0 -1 -0 0
h  1031  -763983 0.999939 0 -1 -0 0
h  1032  -763981 0.999939 0 -1 -0 0
h  1033  -763979 0.999939 0 -1 -0 0
h  1034  -763980 0.999939 0 -1 -0 0
h  1038  -763984 0.999939 0 -1 -0 0
h  1042  -763983 0.999939 0 -1 -0 0
h  1043  -763981 0.999939 0 -1 -0 0
h  1044  -763983 0.999939 0 -1 -0 0
h  1045  -763981 0.999939 0 -1 -0 0
h  1046  -763979 0.999939 0 -1 -0 0
h  1047  -763980 0.999939 0 -1 -0 0
h  1052  -763984 0.999939 0 -1 -0 0
h  1055  -763981 0.999939 0 -1 -0 0
h  1056  -763983 0.999939 0 -1 -0 0
h  1057  -763983 0.999939 0 -1 -0 0
h  1058  -763981 0.999939 0 -1 -0 0
h  1059  -763979 0.999939 0 -1 -0 0
h  1060  -763980 0.999939 0 -1 -0 0
h  1064  -763984 0.999939 0 -1 -0 0
h  1068  -763983 0.999939 0 -1 -0 0
h  1069  -763981 0.999939 0 -1 -0 0
h  1070  -763983 0.999939 0 -1 -0 0
h  1071  -763981 0.999939 0 -1 -0 0
h  1072  -763979 0.999939 0 -1 -0 0
h  1073  -763980 0.999939 0 -1 -0 0
h  1074  -763622 0.999939 0 -1 -0 0
h  1077  -763868 0.999939 0 -1 -0 0
h  1078  -763910 0.999939 0 -1 -0 0
h  1079  -763936 0.999939 0 -1 -0 0
h  1080  -763747 0.999939 0 -1 -0 0
h  1090  -763628 0.999939 0 -1 -0 0
h  1093  -763869 0.999939 0 -1 -0 0
h  1094  -763912 0.999939 0 -1 -0 0
h  1095  -763750 0.999939 0 -1 -0 0
h  1096  -763937 0.999939 0 -1 -0 0
h  1106  -763627 0.999939 0 -1 -0 0
h  1109  -763869 0.999939 0 -1 -0 0
h  1110  -763912 0.999939 0 -1 -0 0
h  1111  -763749 0.999939 0 -1 -0 0
h  1112  -763937 0.999939 0 -1 -0 0
h  1113  -763980 0.999939 0 -1 -0 0
h  1116  -763980 0.999939 0 -1 -0 0
h  1117  -763981 0.999939 0 -1 -0 0
h  1118  -763979 0.999939 0 -1 -0 0
h  1119  -763980 0.999939 0 -1 -0 0
h  1122  -763980 0.999939 0 -1 -0 0
h  1123  -763981 0.999939 0 -1 -0 0
h  1124  -763979 0.999939 0 -1 -0 0
h  1125  -763987 0.999939 0 -1 -0 0
h  1126  -763987 0.999939 0 -1 -0 0
h  1127  -763987 0.999939 0 -1 -0 0
h  1128  -763987 0.999939 0 -1 -0 0
h  1129  -763987 0.999939 0 -1 -0 0
h  1130  -763987 0.999939 0 -1 -0 0
h  1131  -763987 0.999939 0 -1 -0 0
h  1132  -763987 0.999939 0 -1 -0 0
h  1133  -763987 0.999939 0 -1 -0 0
h  1134  -763987 0.999939 0 -1 -0 0
h  1135  -763987 0.999939 0 -1 -0 0
h  1136  -763987 0.999939 0 -1 -0 0
h  1137  -763987 0.999939 0 -1 -0 0
h  1138  -763987 0.999939 0 -1 -0 0
h  1139  -763987 0.999939 0 -1 -0 0
h  1140  -763987 0.999939 0 -1 -0 0
h  1141  -763987 0.999939 0 -1 -0 0
h  1142  -763987 0.999939 0 -1 -0 0
h  1143  -763987 0.999939 0 -1 -0 0
h  1144  -763987 0.999939 0 -1 -0 0
SolidID  29   16 
h  539  -763987 0.999939 0 -1 -0 0
h  540  -763987 0.999939 0 -1 -0 0
h  541  -763987 0.999939 0 -1 -0 0
h  542  -763987 0.999939 0 -1 -0 0
h  543  -763987 0.999939 0 -1 -0 0
h  544  -763987 0.999939 0 -1 -0 0
h  545  -763987 0.999939 0 -1 -0 0
h  546  -763987 0.999939 0 -1 -0 0
h  547  -763987 0.999939 0 -1 -0 0
h  548  -763987 0.999939 0 -1 -0 0
h  549  -763987 0.999939 0 -1 -0 0
h  550  -763987 0.999939 0 -1 -0 0
h  551  -763987 0.999939 0 -1 -0 0
h  552  -763987 0.999939 0 -1 -0 0
h  553  -763987 0.999939 0 -1 -0 0
h  554  -763987 0.999939 0 -1 -0 0
SolidID  35   16 
h  299  -763975 0.999939 0 -1 -0 0
h  300  -763978 0.999939 0 -1 -0 0
h  301  -763977 0.999939 0 -1 -0 0
h  302  -763975 0.999939 0 -1 -0 0
h  303  -763975 0.999939 0 -1 -0 0
h  304  -763977 0.999939 0 -1 -0 0
h  305  -763978 0.999939 0 -1 -0 0
h  306  -763976 0.999939 0 -1 -0 0
h  307  -763975 0.999939 0 -1 -0 0
h  308  -763974 0.999939 0 -1 -0 0
h  309  -763974 0.999939 0 -1 -0 0
h  310  -763978 0.999939 0 -1 -0 0
h  311  -763977 0.999939 0 -1 -0 0
h  312  -763976 0.999939 0 -1 -0 0
h  313  -763976 0.999939 0 -1 -0 0
h  314  -763978 0.999939 0 -1 -0 0
SolidID  41   16 
h  45  -763976 0.999939 0 -1 -0 0
h  46  -763977 0.999939 0 -1 -0 0
h  47  -763978 0.999939 0 -1 -0 0
h  48  -763974 0.999939 0 -1 -0 0
h  49  -763974 0.999939 0 -1 -0 0
h  50  -763978 0.999939 0 -1 -0 0
h  51  -763975 0.999939 0 -1 -0 0
h  52  -763976 0.999939 0 -1 -0 0
h  53  -763977 0.999939 0 -1 -0 0
h  54  -763975 0.999939 0 -1 -0 0
h  55  -763975 0.999939 0 -1 -0 0
h  56  -763978 0.999939 0 -1 -0 0
h  57  -763977 0.999939 0 -1 -0 0
h  58  -763978 0.999939 0 -1 -0 0
h  59  -763976 0.999939 0 -1 -0 0
h  60  -763975 0.999939 0 -1 -0 0
SolidID  6   307 
h  77  -763987 0.999939 0 -1 -0 0
h  78  -763987 0.999939 0 -1 -0 0
h  79  -763987 0.999939 0 -1 -0 0
h  80  -763987 0.999939 0 -1 -0 0
h  81  -763987 0.999939 0 -1 -0 0
h  82  -763987 0.999939 0 -1 -0 0
h  83  -763987 0.999939 0 -1 -0 0
h  84  -763987 0.999939 0 -1 -0 0
h  85  -763987 0.999939 0 -1 -0 0
h  86  -763987 0.999939 0 -1 -0 0
h  87  -763987 0.999939 0 -1 -0 0
h  88  -763987 0.999939 0 -1 -0 0
h  89  -763987 0.999939 0 -1 -0 0
h  90  -763987 0.999939 0 -1 -0 0
h  91  -763987 0.999939 0 -1 -0 0
h  92  -763987 0.999939 0 -1 -0 0
h  93  -763987 0.999939 0 -1 -0 0
h  94  -763987 0.999939 0 -1 -0 0
h  95  -763987 0.999939 0 -1 -0 0
h  96  -763987 0.999939 0 -1 -0 0
h  97  -763987 0.999939 0 -1 -0 0
h  98  -763987 0.999939 0 -1 -0 0
h  99  -763987 0.999939 0 -1 -0 0
h  100  -763987 0.999939 0 -1 -0 0
h  101  -763985 0.999939 0 -1 -0 0
h  102  -763985 0.999939 0 -1 -0 0
h  103  -763985 0.999939 0 -1 -0 0
h  104  -763985 0.999939 0 -1 -0 0
h  105  -763987 0.999939 0 -1 -0 0
h  106  -763987 0.999939 0 -1 -0 0
h  107  -763987 0.999939 0 -1 -0 0
h  108  -763987 0.999939 0 -1 -0 0
h  109  -763987 0.999939 0 -1 -0 0
h  110  -763987 0.999939 0 -1 -0 0
h  111  -763985 0.999939 0 -1 -0 0
h  112  -763985 0.999939 0 -1 -0 0
h  113  -763985 0.999939 0 -1 -0 0
h  114  -763985 0.999939 0 -1 -0 0
h  115  -763987 0.999939 0 -1 -0 0
h  116  -763987 0.999939 0 -1 -0 0
h  117  -763987 0.999939 0 -1 -0 0
h  118  -763987 0.999939 0 -1 -0 0
h  119  -763982 0.999939 0 -1 -0 0
h  120  -763982 0.999939 0 -1 -0 0
h  121  -763982 0.999939 0 -1 -0 0
h  122  -763982 0.999939 0 -1 -0 0
h  123  -763987 0.999939 0 -1 -0 0
h  124  -763987 0.999939 0 -1 -0 0
h  125  -763987 0.999939 0 -1 -0 0
h  126  -763987 0.999939 0 -1 -0 0
h  127  -763980 0.999939 0 -1 -0 0
h  128  -763987 0.999939 0 -1 -0 0
h  129  -763987 0.999939 0 -1 -0 0
h  130  -763980 0.999939 0 -1 -0 0
h  131  -763980 0.999939 0 -1 -0 0
h  132  -763980 0.999939 0 -1 -0 0
h  133  -763987 0.999939 0 -1 -0 0
h  134  -763987 0.999939 0 -1 -0 0
h  135  -763987 0.999939 0 -1 -0 0
h  136  -763987 0.999939 0 -1 -0 0
h  137  -763987 0.999939 0 -1 -0 0
h  138  -763987 0.999939 0 -1 -0 0
h  139  -763987 0.999939 0 -1 -0 0
h  140  -763987 0.999939 0 -1 -0 0
h  141  -763987 0.999939 0 -1 -0 0
h  142  -763987 0.999939 0 -1 -0 0
h  143  -763972 0.999939 0 -1 -0 0
h  144  -763972 0.999939 0 -1 -0 0
h  145  -763972 0.999939 0 -1 -0 0
h  146  -763971 0.999939 0 -1 -0 0
h  147  -763987 0.999939 0 -1 -0 0
h  148  -763987 0.999939 0 -1 -0 0
h  149  -763987 0.999939 0 -1 -0 0
h  150  -763987 0.999939 0 -1 -0 0
h  151  -763780 0.999939 0 -1 -0 0
h  152  -763779 0.999939 0 -1 -0 0
h  153  -763980 0.999939 0 -1 -0 0
h  154  -763980 0.999939 0 -1 -0 0
h  155  -763980 0.999939 0 -1 -0 0
h  156  -763980 0.999939 0 -1 -0 0
h  157  -763779 0.999939 0 -1 -0 0
h  158  -763977 0.999939 0 -1 -0 0
h  159  -763977 0.999939 0 -1 -0 0
h  160  -763977 0.999939 0 -1 -0 0
h  161  -763977 0.999939 0 -1 -0 0
h  162  -763766 0.999939 0 -1 -0 0
h  163  -763977 0.999939 0 -1 -0 0
h  164  -763987 0.999939 0 -1 -0 0
h  165  -763987 0.999939 0 -1 -0 0
h  166  -763987 0.999939 0 -1 -0 0
h  167  -763987 0.999939 0 -1 -0 0
h  168  -763987 0.999939 0 -1 -0 0
h  169  -763987 0.999939 0 -1 -0 0
h  170  -763987 0.999939 0 -1 -0 0
h  171  -763987 0.999939 0 -1 -0 0
h  172  -763987 0.999939 0 -1 -0 0
h  173  -763987 0.999939 0 -1 -0 0
h  174  -763987 0.999939 0 -1 -0 0
h  175  -763987 0.999939 0 -1 -0 0
h  176  -763977 0.999939 0 -1 -0 0
h  177  -763977 0.999939 0 -1 -0 0
h  178  -763977 0.999939 0 -1 -0 0
h  179  -763919 0.999939 0 -1 -0 0
h  180  -763978 0.999939 0 -1 -0 0
h  181  -763945 0.999939 0 -1 -0 0
h  182  -763945 0.999939 0 -1 -0 0
h  183  -763945 0.999939 0 -1 -0 0
h  184  -763978 0.999939 0 -1 -0 0
h  185  -763978 0.999939 0 -1 -0 0
h  186  -763978 0.999939 0 -1 -0 0
h  187  -763665 0.999939 0 -1 -0 0
h  188  -763975 0.999939 0 -1 -0 0
h  189  -763981 0.999939 0 -1 -0 0
h  190  -763981 0.999939 0 -1 -0 0
h  191  -763987 0.999939 0 -1 -0 0
h  192  -763987 0.999939 0 -1 -0 0
h  193  -763987 0.999939 0 -1 -0 0
h  194  -763987 0.999939 0 -1 -0 0
h  195  -763978 0.999939 0 -1 -0 0
h  196  -763978 0.999939 0 -1 -0 0
h  197  -763721 0.999939 0 -1 -0 0
h  198  -763720 0.999939 0 -1 -0 0
h  199  -763635 0.999939 0 -1 -0 0
h  200  -763975 0.999939 0 -1 -0 0
h  201  -763975 0.999939 0 -1 -0 0
h  202  -763975 0.999939 0 -1 -0 0
h  203  -763979 0.999939 0 -1 -0 0
h  204  -763979 0.999939 0 -1 -0 0
h  205  -763978 0.999939 0 -1 -0 0
h  206  -763978 0.999939 0 -1 -0 0
h  207  -763978 0.999939 0 -1 -0 0
h  208  -763888 0.999939 0 -1 -0 0
h  209  -763838 0.999939 0 -1 -0 0
h  210  -763834 0.999939 0 -1 -0 0
h  211  -763978 0.999939 0 -1 -0 0
h  212  -763663 0.999939 0 -1 -0 0
h  213  -763975 0.999939 0 -1 -0 0
h  214  -763975 0.999939 0 -1 -0 0
h  215  -763975 0.999939 0 -1 -0 0
h  216  -763976 0.999939 0 -1 -0 0
h  217  -763976 0.999939 0 -1 -0 0
h  218  -763976 0.999939 0 -1 -0 0
h  219  -763980 0.999939 0 -1 -0 0
h  220  -763980 0.999939 0 -1 -0 0
h  221  -763979 0.999939 0 -1 -0 0
h  222  -763979 0.999939 0 -1 -0 0
h  223  -763975 0.999939 0 -1 -0 0
h  224  -763966 0.999939 0 -1 -0 0
h  225  -763967 0.999939 0 -1 -0 0
h  226  -763975 0.999939 0 -1 -0 0
h  227  -763987 0.999939 0 -1 -0 0
h  228  -763987 0.999939 0 -1 -0 0
h  229  -763987 0.999939 0 -1 -0 0
h  230  -763987 0.999939 0 -1 -0 0
h  231  -763987 0.999939 0 -1 -0 0
h  232  -763987 0.999939 0 -1 -0 0
h  233  -763987 0.999939 0 -1 -0 0
h  234  -763987 0.999939 0 -1 -0 0
h  235  -763873 0.999939 0 -1 -0 0
h  236  -763987 0.999939 0 -1 -0 0
h  237  -763987 0.999939 0 -1 -0 0
h  238  -763987 0.999939 0 -1 -0 0
h  239  -763987 0.999939 0 -1 -0 0
h  240  -763978 0.999939 0 -1 -0 0
h  241  -763978 0.999939 0 -1 -0 0
h  242  -763978 0.999939 0 -1 -0 0
h  243  -763978 0.999939 0 -1 -0 0
h  244  -763857 0.999939 0 -1 -0 0
h  245  -763978 0.999939 0 -1 -0 0
h  246  -763978 0.999939 0 -1 -0 0
h  247  -763978 0.999939 0 -1 -0 0
h  248  -763978 0.999939 0 -1 -0 0
h  249  -763977 0.999939 0 -1 -0 0
h  250  -763977 0.999939 0 -1 -0 0
h  251  -763977 0.999939 0 -1 -0 0
h  252  -763919 0.999939 0 -1 -0 0
h  253  -763917 0.999939 0 -1 -0 0
h  254  -763960 0.999939 0 -1 -0 0
h  255  -763959 0.999939 0 -1 -0 0
h  256  -763979 0.999939 0 -1 -0 0
h  257  -763979 0.999939 0 -1 -0 0
h  258  -763979 0.999939 0 -1 -0 0
h  259  -763979 0.999939 0 -1 -0 0
h  260  -763869 0.999939 0 -1 -0 0
h  261  -763976 0.999939 0 -1 -0 0
h  262  -763979 0.999939 0 -1 -0 0
h  263  -763979 0.999939 0 -1 -0 0
h  264  -763979 0.999939 0 -1 -0 0
h  265  -763979 0.999939 0 -1 -0 0
h  266  -763892 0.999939 0 -1 -0 0
h  267  -763893 0.999939 0 -1 -0 0
h  268  -763871 0.999939 0 -1 -0 0
h  269  -763870 0.999939 0 -1 -0 0
h  270  -763976 0.999939 0 -1 -0 0
h  271  -763974 0.999939 0 -1 -0 0
h  272  -763974 0.999939 0 -1 -0 0
h  273  -763974 0.999939 0 -1 -0 0
h  274  -763969 0.999939 0 -1 -0 0
h  275  -763974 0.999939 0 -1 -0 0
h  276  -763975 0.999939 0 -1 -0 0
h  277  -763975 0.999939 0 -1 -0 0
h  278  -763975 0.999939 0 -1 -0 0
h  279  -763978 0.999939 0 -1 -0 0
h  280  -763978 0.999939 0 -1 -0 0
h  281  -763977 0.999939 0 -1 -0 0
h  282  -763977 0.999939 0 -1 -0 0
h  834  -763987 0.999939 0 -1 -0 0
h  835  -763987 0.999939 0 -1 -0 0
h  836  -763987 0.999939 0 -1 -0 0
h  837  -763987 0.999939 0 -1 -0 0
h  838  -763987 0.999939 0 -1 -0 0
h  839  -763987 0.999939 0 -1 -0 0
h  840  -763987 0.999939 0 -1 -0 0
h  841  -763987 0.999939 0 -1 -0 0
h  842  -763987 0.999939 0 -1 -0 0
h  843  -763987 0.999939 0 -1 -0 0
h  844  -763987 0.999939 0 -1 -0 0
h  845  -763987 0.999939 0 -1 -0 0
h  846  -763987 0.999939 0 -1 -0 0
h  847  -763987 0.999939 0 -1 -0 0
h  848  -763987 0.999939 0 -1 -0 0
h  849  -763987 0.999939 0 -1 -0 0
h  850  -763987 0.999939 0 -1 -0 0
h  851  -763987 0.999939 0 -1 -0 0
h  957  -763987 0.999939 0 -1 -0 0
h  958  -763987 0.999939 0 -1 -0 0
h  959  -763987 0.999939 0 -1 -0 0
h  960  -763987 0.999939 0 -1 -0 0
h  961  -763987 0.999939 0 -1 -0 0
h  962  -763987 0.999939 0 -1 -0 0
h  963  -763987 0.999939 0 -1 -0 0
h  964  -763987 0.999939 0 -1 -0 0
h  965  -763987 0.999939 0 -1 -0 0
h  966  -763987 0.999939 0 -1 -0 0
h  967  -763987 0.999939 0 -1 -0 0
h  968  -763987 0.999939 0 -1 -0 0
h  1026  -763984 0.999939 0 -1 -0 0
h  1029  -763981 0.999939 0 -1 -0 0
h  1030  -763983 0.999939 0 -1 -0 0
h  1031  -763983 0.999939 0 -1 -0 0
h  1032  -763981 0.999939 0 -1 -0 0
h  1033  -763979 0.999939 0 -1 -0 0
h  1034  -763980 0.999939 0 -1 -0 0
h  1038  -763984 0.999939 0 -1 -0 0
h  1042  -763983 0.999939 0 -1 -0 0
h  1043  -763981 0.999939 0 -1 -0 0
h  1044  -763983 0.999939 0 -1 -0 0
h  1045  -763981 0.999939 0 -1 -0 0
h  1046  -763979 0.999939 0 -1 -0 0
h  1047  -763980 0.999939 0 -1 -0 0
h  1052  -763984 0.999939 0 -1 -0 0
h  1055  -763981 0.999939 0 -1 -0 0
h  1056  -763983 0.999939 0 -1 -0 0
h  1057  -763983 0.999939 0 -1 -0 0
h  1058  -763981 0.999939 0 -1 -0 0
h  1059  -763979 0.999939 0 -1 -0 0
h  1060  -763980 0.999939 0 -1 -0 0
h  1064  -763984 0.999939 0 -1 -0 0
h  1068  -763983 0.999939 0 -1 -0 0
h  1069  -763981 0.999939 0 -1 -0 0
h  1070  -763983 0.999939 0 -1 -0 0
h  1071  -763981 0.999939 0 -1 -0 0
h  1072  -763979 0.999939 0 -1 -0 0
h  1073  -763980 0.999939 0 -1 -0 0
h  1074  -763622 0.999939 0 -1 -0 0
h  1077  -763868 0.999939 0 -1 -0 0
h  1078  -763910 0.999939 0 -1 -0 0
h  1079  -763936 0.999939 0 -1 -0 0
h  1080  -763747 0.999939 0 -1 -0 0
h  1090  -763628 0.999939 0 -1 -0 0
h  1093  -763869 0.999939 0 -1 -0 0
h  1094  -763912 0.999939 0 -1 -0 0
h  1095  -763750 0.999939 0 -1 -0 0
h  1096  -763937 0.999939 0 -1 -0 0
h  1106  -763627 0.999939 0 -1 -0 0
h  1109  -763869 0.999939 0 -1 -0 0
h  1110  -763912 0.999939 0 -1 -0 0
h  1111  -763749 0.999939 0 -1 -0 0
h  1112  -763937 0.999939 0 -1 -0 0
h  1113  -763980 0.999939 0 -1 -0 0
h  1116  -763980 0.999939 0 -1 -0 0
h  1117  -763981 0.999939 0 -1 -0 0
h  1118  -763979 0.999939 0 -1 -0 0
h  1119  -763980 0.999939 0 -1 -0 0
h  1122  -763980 0.999939 0 -1 -0 0
h  1123  -763981 0.999939 0 -1 -0 0
h  1124  -763979 0.999939 0 -1 -0 0
h  1125  -763987 0.999939 0 -1 -0 0
h  1126  -763987 0.999939 0 -1 -0 0
h  1127  -763987 0.999939 0 -1 -0 0
h  1128  -763987 0.999939 0 -1 -0 0
h  1129  -763987 0.999939 0 -1 -0 0
h  1130  -763987 0.999939 0 -1 -0 0
h  1131  -763987 0.999939 0 -1 -0 0
h  1132  -763987 0.999939 0 -1 -0 0
h  1133  -763987 0.999939 0 -1 -0 0
h  1134  -763987 0.999939 0 -1 -0 0
h  1135  -763987 0.999939 0 -1 -0 0
h  1136  -763987 0.999939 0 -1 -0 0
h  1137  -763987 0.999939 0 -1 -0 0
h  1138  -763987 0.999939 0 -1 -0 0
h  1139  -763987 0.999939 0 -1 -0 0
h  1140  -763987 0.999939 0 -1 -0 0
h  1141  -763987 0.999939 0 -1 -0 0
h  1142  -763987 0.999939 0 -1 -0 0
h  1143  -763987 0.999939 0 -1 -0 0
h  1144  -763987 0.999939 0 -1 -0 0
SolidID  29   16 
h  539  -763987 0.999939 0 -1 -0 0
h  540  -763987 0.999939 0 -1 -0 0
h  541  -763987 0.999939 0 -1 -0 0
h  542  -763987 0.999939 0 -1 -0 0
h  543  -763987 0.999939 0 -1 -0 0
h  544  -763987 0.999939 0 -1 -0 0
h  545  -763987 0.999939 0 -1 -0 0
h  546  -763987 0.999939 0 -1 -0 0
h  547  -763987 0.999939 0 -1 -0 0
h  548  -763987 0.999939 0 -1 -0 0
h  549  -763987 0.999939 0 -1 -0 0
h  550  -763987 0.999939 0 -1 -0 0
h  551  -763987 0.999939 0 -1 -0 0
h  552  -763987 0.999939 0 -1 -0 0
h  553  -763987 0.999939 0 -1 -0 0
h  554  -763987 0.999939 0 -1 -0 0
SolidID  35   16 
h  299  -763975 0.999939 0 -1 -0 0
h  300  -763978 0.999939 0 -1 -0 0
h  301  -763977 0.999939 0 -1 -0 0
h  302  -763975 0.999939 0 -1 -0 0
h  303  -763975 0.999939 0 -1 -0 0
h  304  -763977 0.999939 0 -1 -0 0
h  305  -763978 0.999939 0 -1 -0 0
h  306  -763976 0.999939 0 -1 -0 0
h  307  -763975 0.999939 0 -1 -0 0
h  308  -763974 0.999939 0 -1 -0 0
h  309  -763974 0.999939 0 -1 -0 0
h  310  -763978 0.999939 0 -1 -0 0
h  311  -763977 0.999939 0 -1 -0 0
h  312  -763976 0.999939 0 -1 -0 0
h  313  -763976 0.999939 0 -1 -0 0
h  314  -763978 0.999939 0 -1 -0 0
SolidID  41   16 
h  45  -763976 0.999939 0 -1 -0 0
h  46  -763977 0.999939 0 -1 -0 0
h  47  -763978 0.999939 0 -1 -0 0
h  48  -763974 0.999939 0 -1 -0 0
h  49  -763974 0.999939 0 -1 -0 0
h  50  -763978 0.999939 0 -1 -0 0
h  51  -763975 0.999939 0 -1 -0 0
h  52  -763976 0.999939 0 -1 -0 0
h  53  -763977 0.999939 0 -1 -0 0
h  54  -763975 0.999939 0 -1 -0 0
h  55  -763975 0.999939 0 -1 -0 0
h  56  -763978 0.999939 0 -1 -0 0
h  57  -763977 0.999939 0 -1 -0 0
h  58  -763978 0.999939 0 -1 -0 0
h  59  -763976 0.999939 0 -1 -0 0
h  60  -763975 0.999939 0 -1 -0 0
SolidID  47   16 
h  61  -763976 0.999939 0 -1 -0 0
h  62  -763975 0.999939 0 -1 -0 0
h  63  -763978 0.999939 0 -1 -0 0
h  64  -763974 0.999939 0 -1 -0 0
h  65  -763974 0.999939 0 -1 -0 0
h  66  -763978 0.999939 0 -1 -0 0
h  67  -763975 0.999939 0 -1 -0 0
h  68  -763976 0.999939 0 -1 -0 0
h  69  -763977 0.999939 0 -1 -0 0
h  70  -763975 0.999939 0 -1 -0 0
h  71  -763977 0.999939 0 -1 -0 0
h  72  -763978 0.999939 0 -1 -0 0
h  73  -763977 0.999939 0 -1 -0 0
h  74  -763978 0.999939 0 -1 -0 0
h  75  -763976 0.999939 0 -1 -0 0
h  76  -763975 0.999939 0 -1 -0 0
SolidID  6   307 
h  77  -763987 0.999939 0 -1 -0 0
h  78  -763987 0.999939 0 -1 -0 0
h  79  -763987 0.999939 0 -1 -0 0
h  80  -763987 0.999939 0 -1 -0 0
h  81  -763987 0.999939 0 -1 -0 0
h  82  -763987 0.999939 0 -1 -0 0
h  83  -763987 0.999939 0 -1 -0 0
h  84  -763987 0.999939 0 -1 -0 0
h  85  -763987 0.999939 0 -1 -0 0
h  86  -763987 0.999939 0 -1 -0 0
h  87  -763987 0.999939 0 -1 -0 0
h  88  -763987 0.999939 0 -1 -0 0
h  89  -763987 0.999939 0 -1 -0 0
h  90  -763987 0.999939 0 -1 -0 0
h  91  -763987 0.999939 0 -1 -0 0
h  92  -763987 0.999939 0 -1 -0 0
h  93  -763987 0.999939 0 -1 -0 0
h  94  -763987 0.999939 0 -1 -0 0
h  95  -763987 0.999939 0 -1 -0 0
h  96  -763987 0.999939 0 -1 -0 0
h  97  -763987 0.999939 0 -1 -0 0
h  98  -763987 0.999939 0 -1 -0 0
h  99  -763987 0.999939 0 -1 -0 0
h  100  -763987 0.999939 0 -1 -0 0
h  101  -763985 0.999939 0 -1 -0 0
h  102  -763985 0.999939 0 -1 -0 0
h  103  -763985 0.999939 0 -1 -0 0
h  104  -763985 0.999939 0 -1 -0 0
h  105  -763987 0.999939 0 -1 -0 0
h  106  -763987 0.999939 0 -1 -0 0
h  107  -763987 0.999939 0 -1 -0 0
h  108  -763987 0.999939 0 -1 -0 0
h  109  -763987 0.999939 0 -1 -0 0
h  110  -763987 0.999939 0 -1 -0 0
h  111  -763985 0.999939 0 -1 -0 0
h  112  -763985 0.999939 0 -1 -0 0
h  113  -763985 0.999939 0 -1 -0 0
h  114  -763985 0.999939 0 -1 -0 0
h  115  -763987 0.999939 0 -1 -0 0
h  116  -763987 0.999939 0 -1 -0 0
h  117  -763987 0.999939 0 -1 -0 0
h  118  -763987 0.999939 0 -1 -0 0
h  119  -763982 0.999939 0 -1 -0 0
h  120  -763982 0.999939 0 -1 -0 0
h  121  -763982 0.999939 0 -1 -0 0
h  122  -763982 0.999939 0 -1 -0 0
h  123  -763987 0.999939 0 -1 -0 0
h  124  -763987 0.999939 0 -1 -0 0
h  125  -763987 0.999939 0 -1 -0 0
h  126  -763987 0.999939 0 -1 -0 0
h  127  -763980 0.999939 0 -1 -0 0
h  128  -763987 0.999939 0 -1 -0 0
h  129  -763987 0.999939 0 -1 -0 0
h  130  -763980 0.999939 0 -1 -0 0
h  131  -763980 0.999939 0 -1 -0 0
h  132  -763980 0.999939 0 -1 -0 0
h  133  -763987 0.999939 0 -1 -0 0
h  134  -763987 0.999939 0 -1 -0 0
h  135  -763987 0.999939 0 -1 -0 0
h  136  -763987 0.999939 0 -1 -0 0
h  137  -763987 0.999939 0 -1 -0 0
h  138  -763987 0.999939 0 -1 -0 0
h  139  -763987 0.999939 0 -1 -0 0
h  140  -763987 0.999939 0 -1 -0 0
h  141  -763987 0.999939 0 -1 -0 0
h  142  -763987 0.999939 0 -1 -0 0
h  143  -763972 0.999939 0 -1 -0 0
h  144  -763972 0.999939 0 -1 -0 0
h  145  -763972 0.999939 0 -1 -0 0
h  146  -763971 0.999939 0 -1 -0 0
h  147  -763987 0.999939 0 -1 -0 0
h  148  -763987 0.999939 0 -1 -0 0
h  149  -763987 0.999939 0 -1 -0 0
h  150  -763987 0.999939 0 -1 -0 0
h  151  -763780 0.999939 0 -1 -0 0
h  152  -763779 0.999939 0 -1 -0 0
h  153  -763980 0.999939 0 -1 -0 0
h  154  -763980 0.999939 0 -1 -0 0
h  155  -763980 0.999939 0 -1 -0 0
h  156  -763980 0.999939 0 -1 -0 0
h  157  -763779 0.999939 0 -1 -0 0
h  158  -763977 0.999939 0 -1 -0 0
h  159  -763977 0.999939 0 -1 -0 0
h  160  -763977 0.999939 0 -1 -0 0
h  161  -763977 0.999939 0 -1 -0 0
h  162  -763766 0.999939 0 -1 -0 0
h  163  -763977 0.999939 0 -1 -0 0
h  164  -763987 0.999939 0 -1 -0 0
h  165  -763987 0.999939 0 -1 -0 0
h  166  -763987 0.999939 0 -1 -0 0
h  167  -763987 0.999939 0 -1 -0 0
h  168  -763987 0.999939 0 -1 -0 0
h  169  -763987 0.999939 0 -1 -0 0
h  170  -763987 0.999939 0 -1 -0 0
h  171  -763987 0.999939 0 -1 -0 0
h  172  -763987 0.999939 0 -1 -0 0
h  173  -763987 0.999939 0 -1 -0 0
h  174  -763987 0.999939 0 -1 -0 0
h  175  -763987 0.999939 0 -1 -0 0
h  176  -763977 0.999939 0 -1 -0 0
h  177  -763977 0.999939 0 -1 -0 0
h  178  -763977 0.999939 0 -1 -0 0
h  179  -763919 0.999939 0 -1 -0 0
h  180  -763978 0.999939 0 -1 -0 0
h  181  -763945 0.999939 0 -1 -0 0
h  182  -763945 0.999939 0 -1 -0 0
h  183  -763945 0.999939 0 -1 -0 0
h  184  -763978 0.999939 0 -1 -0 0
h  185  -763978 0.999939 0 -1 -0 0
h  186  -763978 0.999939 0 -1 -0 0
h  187  -763665 0.999939 0 -1 -0 0
h  188  -763975 0.999939 0 -1 -0 0
h  189  -763981 0.999939 0 -1 -0 0
h  190  -763981 0.999939 0 -1 -0 0
h  191  -763987 0.999939 0 -1 -0 0
h  192  -763987 0.999939 0 -1 -0 0
h  193  -763987 0.999939 0 -1 -0 0
h  194  -763987 0.999939 0 -1 -0 0
h  195  -763978 0.999939 0 -1 -0 0
h  196  -763978 0.999939 0 -1 -0 0
h  197  -763721 0.999939 0 -1 -0 0
h  198  -763720 0.999939 0 -1 -0 0
h  199  -763635 0.999939 0 -1 -0 0
h  200  -763975 0.999939 0 -1 -0 0
h  201  -763975 0.999939 0 -1 -0 0
h  202  -763975 0.999939 0 -1 -0 0
h  203  -763979 0.999939 0 -1 -0 0
h  204  -763979 0.999939 0 -1 -0 0
h  205  -763978 0.999939 0 -1 -0 0
h  206  -763978 0.999939 0 -1 -0 0
h  207  -763978 0.999939 0 -1 -0 0
h  208  -763888 0.999939 0 -1 -0 0
h  209  -763838 0.999939 0 -1 -0 0
h  210  -763834 0.999939 0 -1 -0 0
h  211  -763978 0.999939 0 -1 -0 0
h  212  -763663 0.999939 0 -1 -0 0
h  213  -763975 0.999939 0 -1 -0 0
h  214  -763975 0.999939 0 -1 -0 0
h  215  -763975 0.999939 0 -1 -0 0
h  216  -763976 0.999939 0 -1 -0 0
h  217  -763976 0.999939 0 -1 -0 0
h  218  -763976 0.999939 0 -1 -0 0
h  219  -763980 0.999939 0 -1 -0 0
h  220  -763980 0.999939 0 -1 -0 0
h  221  -763979 0.999939 0 -1 -0 0
h  222  -763979 0.999939 0 -1 -0 0
h  223  -763975 0.999939 0 -1 -0 0
h  224  -763966 0.999939 0 -1 -0 0
h  225  -763967 0.999939 0 -1 -0 0
h  226  -763975 0.999939 0 -1 -0 0
h  227  -763987 0.999939 0 -1 -0 0
h  228  -763987 0.999939 0 -1 -0 0
h  229  -763987 0.999939 0 -1 -0 0
h  230  -763987 0.999939 0 -1 -0 0
h  231  -763987 0.999939 0 -1 -0 0
h  232  -763987 0.999939 0 -1 -0 0
h  233  -763987 0.999939 0 -1 -0 0
h  234  -763987 0.999939 0 -1 -0 0
h  235  -763873 0.999939 0 -1 -0 0
h  236  -763987 0.999939 0 -1 -0 0
h  237  -763987 0.999939 0 -1 -0 0
h  238  -763987 0.999939 0 -1 -0 0
h  239  -763987 0.999939 0 -1 -0 0
h  240  -763978 0.999939 0 -1 -0 0
h  241  -763978 0.999939 0 -1 -0 0
h  242  -763978 0.999939 0 -1 -0 0
h  243  -763978 0.999939 0 -1 -0 0
h  244  -763857 0.999939 0 -1 -0 0
h  245  -763978 0.999939 0 -1 -0 0
h  246  -763978 0.999939 0 -1 -0 0
h  247  -763978 0.999939 0 -1 -0 0
h  248  -763978 0.999939 0 -1 -0 0
h  249  -763977 0.999939 0 -1 -0 0
h  250  -763977 0.999939 0 -1 -0 0
h  251  -763977 0.999939 0 -1 -0 0
h  252  -763919 0.999939 0 -1 -0 0
h  253  -763917 0.999939 0 -1 -0 0
h  254  -763960 0.999939 0 -1 -0 0
h  255  -763959 0.999939 0 -1 -0 0
h  256  -763979 0.999939 0 -1 -0 0
h  257  -763979 0.999939 0 -1 -0 0
h  258  -763979 0.999939 0 -1 -0 0
h  259  -763979 0.999939 0 -1 -0 0
h  260  -763869 0.999939 0 -1 -0 0
h  261  -763976 0.999939 0 -1 -0 0
h  262  -763979 0.999939 0 -1 -0 0
h  263  -763979 0.999939 0 -1 -0 0
h  264  -763979 0.999939 0 -1 -0 0
h  265  -763979 0.999939 0 -1 -0 0
h  266  -763892 0.999939 0 -1 -0 0
h  267  -763893 0.999939 0 -1 -0 0
h  268  -763871 0.999939 0 -1 -0 0
h  269  -763870 0.999939 0 -1 -0 0
h  270  -763976 0.999939 0 -1 -0 0
h  271  -763974 0.999939 0 -1 -0 0
h  272  -763974 0.999939 0 -1 -0 0
h  273  -763974 0.999939 0 -1 -0 0
h  274  -763969 0.999939 0 -1 -0 0
h  275  -763974 0.999939 0 -1 -0 0
h  276  -763975 0.999939 0 -1 -0 0
h  277  -763975 0.999939 0 -1 -0 0
h  278  -763975 0.999939 0 -1 -0 0
h  279  -763978 0.999939 0 -1 -0 0
h  280  -763978 0.999939 0 -1 -0 0
h  281  -763977 0.999939 0 -1 -0 0
h  282  -763977 0.999939 0 -1 -0 0
h  834  -763987 0.999939 0 -1 -0 0
h  835  -763987 0.999939 0 -1 -0 0
h  836  -763987 0.999939 0 -1 -0 0
h  837  -763987 0.999939 0 -1 -0 0
h  838  -763987 0.999939 0 -1 -0 0
h  839  -763987 0.999939 0 -1 -0 0
h  840  -763987 0.999939 0 -1 -0 0
h  841  -763987 0.999939 0 -1 -0 0
h  842  -763987 0.999939 0 -1 -0 0
h  843  -763987 0.999939 0 -1 -0 0
h  844  -763987 0.999939 0 -1 -0 0
h  845  -763987 0.999939 0 -1 -0 0
h  846  -763987 0.999939 0 -1 -0 0
h  847  -763987 0.999939 0 -1 -0 0
h  848  -763987 0.999939 0 -1 -0 0
h  849  -763987 0.999939 0 -1 -0 0
h  850  -763987 0.999939 0 -1 -0 0
h  851  -763987 0.999939 0 -1 -0 0
h  957  -763987 0.999939 0 -1 -0 0
h  958  -763987 0.999939 0 -1 -0 0
h  959  -763987 0.999939 0 -1 -0 0
h  960  -763987 0.999939 0 -1 -0 0
h  961  -763987 0.999939 0 -1 -0 0
h  962  -763987 0.999939 0 -1 -0 0
h  963  -763987 0.999939 0 -1 -0 0
h  964  -763987 0.999939 0 -1 -0 0
h  965  -763987 0.999939 0 -1 -0 0
h  966  -763987 0.999939 0 -1 -0 0
h  967  -763987 0.999939 0 -1 -0 0
h  968  -763987 0.999939 0 -1 -0 0
h  1026  -763984 0.999939 0 -1 -0 0
h  1029  -763981 0.999939 0 -1 -0 0
h  1030  -763983 0.999939 0 -1 -0 0
h  1031  -763983 0.999939 0 -1 -0 0
h  1032  -763981 0.999939 0 -1 -0 0
h  1033  -763979 0.999939 0 -1 -0 0
h  1034  -763980 0.999939 0 -1 -0 0
h  1038  -763984 0.999939 0 -1 -0 0
h  1042  -763983 0.999939 0 -1 -0 0
h  1043  -763981 0.999939 0 -1 -0 0
h  1044  -763983 0.999939 0 -1 -0 0
h  1045  -763981 0.999939 0 -1 -0 0
h  1046  -763979 0.999939 0 -1 -0 0
h  1047  -763980 0.999939 0 -1 -0 0
h  1052  -763984 0.999939 0 -1 -0 0
h  1055  -763981 0.999939 0 -1 -0 0
h  1056  -763983 0.999939 0 -1 -0 0
h  1057  -763983 0.999939 0 -1 -0 0
h  1058  -763981 0.999939 0 -1 -0 0
h  1059  -763979 0.999939 0 -1 -0 0
h  1060  -763980 0.999939 0 -1 -0 0
h  1064  -763984 0.999939 0 -1 -0 0
h  1068  -763983 0.999939 0 -1 -0 0
h  1069  -763981 0.999939 0 -1 -0 0
h  1070  -763983 0.999939 0 -1 -0 0
h  1071  -763981 0.999939 0 -1 -0 0
h  1072  -763979 0.999939 0 -1 -0 0
h  1073  -763980 0.999939 0 -1 -0 0
h  1074  -763622 0.999939 0 -1 -0 0
h  1077  -763868 0.999939 0 -1 -0 0
h  1078  -763910 0.999939 0 -1 -0 0
h  1079  -763936 0.999939 0 -1 -0 0
h  1080  -763747 0.999939 0 -1 -0 0
h  1090  -763628 0.999939 0 -1 -0 0
h  1093  -763869 0.999939 0 -1 -0 0
h  1094  -763912 0.999939 0 -1 -0 0
h  1095  -763750 0.999939 0 -1 -0 0
h  1096  -763937 0.999939 0 -1 -0 0
h  1106  -763627 0.999939 0 -1 -0 0
h  1109  -763869 0.999939 0 -1 -0 0
h  1110  -763912 0.999939 0 -1 -0 0
h  1111  -763749 0.999939 0 -1 -0 0
h  1112  -763937 0.999939 0 -1 -0 0
h  1113  -763980 0.999939 0 -1 -0 0
h  1116  -763980 0.999939 0 -1 -0 0
h  1117  -763981 0.999939 0 -1 -0 0
h  1118  -763979 0.999939 0 -1 -0 0
h  1119  -763980 0.999939 0 -1 -0 0
h  1122  -763980 0.999939 0 -1 -0 0
h  1123  -763981 0.999939 0 -1 -0 0
h  1124  -763979 0.999939 0 -1 -0 0
h  1125  -763987 0.999939 0 -1 -0 0
h  1126  -763987 0.999939 0 -1 -0 0
h  1127  -763987 0.999939 0 -1 -0 0
h  1128  -763987 0.999939 0 -1 -0 0
h  1129  -763987 0.999939 0 -1 -0 0
h  1130  -763987 0.999939 0 -1 -0 0
h  1131  -763987 0.999939 0 -1 -0 0
h  1132  -763987 0.999939 0 -1 -0 0
h  1133  -763987 0.999939 0 -1 -0 0
h  1134  -763987 0.999939 0 -1 -0 0
h  1135  -763987 0.999939 0 -1 -0 0
h  1136  -763987 0.999939 0 -1 -0 0
h  1137  -763987 0.999939 0 -1 -0 0
h  1138  -763987 0.999939 0 -1 -0 0
h  1139  -763987 0.999939 0 -1 -0 0
h  1140  -763987 0.999939 0 -1 -0 0
h  1141  -763987 0.999939 0 -1 -0 0
h  1142  -763987 0.999939 0 -1 -0 0
h  1143  -763987 0.999939 0 -1 -0 0
h  1144  -763987 0.999939 0 -1 -0 0
SolidID  29   16 
h  539  -763987 0.999939 0 -1 -0 0
h  540  -763987 0.999939 0 -1 -0 0
h  541  -763987 0.999939 0 -1 -0 0
h  542  -763987 0.999939 0 -1 -0 0
h  543  -763987 0.999939 0 -1 -0 0
h  544  -763987 0.999939 0 -1 -0 0
h  545  -763987 0.999939 0 -1 -0 0
h  546  -763987 0.999939 0 -1 -0 0
h  547  -763987 0.999939 0 -1 -0 0
h  548  -763987 0.999939 0 -1 -0 0
h  549  -763987 0.999939 0 -1 -0 0
h  550  -763987 0.999939 0 -1 -0 0
h  551  -763987 0.999939 0 -1 -0 0
h  552  -763987 0.999939 0 -1 -0 0
h  553  -763987 0.999939 0 -1 -0 0
h  554  -763987 0.999939 0 -1 -0 0
SolidID  35   16 
h  299  -763975 0.999939 0 -1 -0 0
h  300  -763978 0.999939 0 -1 -0 0
h  301  -763977 0.999939 0 -1 -0 0
h  302  -763975 0.999939 0 -1 -0 0
h  303  -763975 0.999939 0 -1 -0 0
h  304  -763977 0.999939 0 -1 -0 0
h  305  -763978 0.999939 0 -1 -0 0
h  306  -763976 0.999939 0 -1 -0 0
h  307  -763975 0.999939 0 -1 -0 0
h  308  -763974 0.999939 0 -1 -0 0
h  309  -763974 0.999939 0 -1 -0 0
h  310  -763978 0.999939 0 -1 -0 0
h  311  -763977 0.999939 0 -1 -0 0
h  312  -763976 0.999939 0 -1 -0 0
h  313  -763976 0.999939 0 -1 -0 0
h  314  -763978 0.999939 0 -1 -0 0
SolidID  41   16 
h  45  -763976 0.999939 0 -1 -0 0
h  46  -763977 0.999939 0 -1 -0 0
h  47  -763978 0.999939 0 -1 -0 0
h  48  -763974 0.999939 0 -1 -0 0
h  49  -763974 0.999939 0 -1 -0 0
h  50  -763978 0.999939 0 -1 -0 0
h  51  -763975 0.999939 0 -1 -0 0
h  52  -763976 0.999939 0 -1 -0 0
h  53  -763977 0.999939 0 -1 -0 0
h  54  -763975 0.999939 0 -1 -0 0
h  55  -763975 0.999939 0 -1 -0 0
h  56  -763978 0.999939 0 -1 -0 0
h  57  -763977 0.999939 0 -1 -0 0
h  58  -763978 0.999939 0 -1 -0 0
h  59  -763976 0.999939 0 -1 -0 0
h  60  -763975 0.999939 0 -1 -0 0
SolidID  47   16 
h  61  -763976 0.999939 0 -1 -0 0
h  62  -763975 0.999939 0 -1 -0 0
h  63  -763978 0.999939 0 -1 -0 0
h  64  -763974 0.999939 0 -1 -0 0
h  65  -763974 0.999939 0 -1 -0 0
h  66  -763978 0.999939 0 -1 -0 0
h  67  -763975 0.999939 0 -1 -0 0
h  68  -763976 0.999939 0 -1 -0 0
h  69  -763977 0.999939 0 -1 -0 0
h  70  -763975 0.999939 0 -1 -0 0
h  71  -763977 0.999939 0 -1 -0 0
h  72  -763978 0.999939 0 -1 -0 0
h  73  -763977 0.999939 0 -1 -0 0
h  74  -763978 0.999939 0 -1 -0 0
h  75  -763976 0.999939 0 -1 -0 0
h  76  -763975 0.999939 0 -1 -0 0
SolidID  53   16 
h  283  -763978 0.999939 0 -1 -0 0
h  284  -763974 0.999939 0 -1 -0 0
h  285  -763975 0.999939 0 -1 -0 0
h  286  -763977 0.999939 0 -1 -0 0
h  287  -763975 0.999939 0 -1 -0 0
h  288  -763977 0.999939 0 -1 -0 0
h  289  -763974 0.999939 0 -1 -0 0
h  290  -763978 0.999939 0 -1 -0 0
h  291  -763975 0.999939 0 -1 -0 0
h  292  -763976 0.999939 0 -1 -0 0
h  293  -763978 0.999939 0 -1 -0 0
h  294  -763977 0.999939 0 -1 -0 0
h  295  -763978 0.999939 0 -1 -0 0
h  296  -763975 0.999939 0 -1 -0 0
h  297  -763976 0.999939 0 -1 -0 0
h  298  -763976 0.999939 0 -1 -0 0
E_DATA
B_MESH_DATA
Dim 2 
NumPts 224 
NumElems 387 
1   0.00046194   -0.000191342    0
2   0   0    0
3   0.0005   0    0
4   0   -0.0005    0
5   -0.000191342   -0.00046194    0
6   0.000191342   -0.00046194    0
7   0   0.0005    0
8   0.000191342   0.00046194    0
9   -0.00046194   0.000191342    0
10   -0.0005   0    0
11   -0.000353553   0.000353553    0
12   -0.000353553   -0.000353553    0
13   -0.00046194   -0.000191342    0
14   0.00046194   0.000191342    0
15   0.000353553   0.000353553    0
16   -0.000191342   0.00046194    0
17   0.000353553   -0.000353553    0
18   -0.0191913   0.00253806    0
19   -0.0193536   0.00264645    0
20   -0.019   0.003    0
21   -0.0185381   0.00319134    0
22   -0.0186464   0.00335355    0
23   -0.0185381   0.00280866    0
24   -0.0185   0.003    0
25   -0.0195   0.003    0
26   -0.0194619   0.00319134    0
27   -0.0193536   0.00335355    0
28   -0.0186464   0.00264645    0
29   -0.019   0.0025    0
30   -0.0188087   0.00253806    0
31   -0.0194619   0.00280866    0
32   -0.0188087   0.00346194    0
33   -0.019   0.0035    0
34   -0.0191913   0.00346194    0
35   0.0188087   -0.00346194    0
36   0.0186464   -0.00335355    0
37   0.019   -0.003    0
38   0.0194619   -0.00280866    0
39   0.0193536   -0.00264645    0
40   0.0195   -0.003    0
41   0.0194619   -0.00319134    0
42   0.0185381   -0.00280866    0
43   0.0185   -0.003    0
44   0.0193536   -0.00335355    0
45   0.0186464   -0.00264645    0
46   0.0185381   -0.00319134    0
47   0.0191913   -0.00253806    0
48   0.019   -0.0025    0
49   0.0188087   -0.00253806    0
50   0.0191913   -0.00346194    0
51   0.019   -0.0035    0
52   0.00625879   -0.000314318    0
53   0.00809979   0.00227818    0
54   0.00932781   -0.000361583    0
55   -0.00625878   0.000314308    0
56   -0.00809977   -0.0022782    0
57   -0.0093277   0.000361471    0
58   0.0122872   -9.9324e-05    0
59   0.0136695   0.00209724    0
60   0.0156146   -1.77949e-05    0
61   -0.0122866   9.84594e-05    0
62   -0.0136685   -0.00209833    0
63   -0.0156109   1.22478e-05    0
64   -0.0136654   0.00216612    0
65   0.0136661   -0.00216702    0
66   0.0108434   0.00204768    0
67   -0.0108432   -0.00204787    0
68   0.0152937   0.004    0
69   0.0118537   0.004    0
70   -0.0152937   -0.004    0
71   -0.0118537   -0.004    0
72   0.0108137   -0.00242839    0
73   -0.0108135   0.00242822    0
74   0.00213698   0.00167564    0
75   0.00172475   0.004    0
76   0.00445878   0.004    0
77   -0.00213698   -0.00167564    0
78   -0.00172475   -0.004    0
79   -0.00445878   -0.004    0
80   -0.00213698   0.00168472    0
81   -0.00445878   0.004    0
82   -0.00172475   0.004    0
83   0.00213698   -0.00168472    0
84   0.00445878   -0.004    0
85   0.00172475   -0.004    0
86   -0.0118537   0.004    0
87   -0.0152937   0.004    0
88   0.0118537   -0.004    0
89   0.0152937   -0.004    0
90   0.0162659   0.00236746    0
91   -0.0162618   0.00237855    0
92   -0.0162621   -0.00237057    0
93   0.0162628   -0.00238025    0
94   0.01   0.004    0
95   -0.01   -0.004    0
96   0.00787303   0.004    0
97   -0.00787303   -0.004    0
98   0.0175053   0.00136899    0
99   -0.0174857   -0.00138262    0
100   -0.0174857   0.00138499    0
101   0.0174884   -0.00139223    0
102   0.00346513   -4.13823e-05    0
103   0.00139798   -3.72798e-06    0
104   -0.00346513   4.13817e-05    0
105   -0.00139798   3.72795e-06    0
106   0.0180153   -2.701e-05    0
107   -0.01   0.004    0
108   -0.00787303   0.004    0
109   0.01   -0.004    0
110   0.00787303   -0.004    0
111   -0.0180056   9.89457e-07    0
112   0.000774773   0.00154661    0
113   -0.000774773   -0.00154661    0
114   0.000774773   -0.00154726    0
115   -0.000774773   0.00154726    0
116   0   0.00267957    0
117   0   -0.00267957    0
118   -0.0188095   -0.00120225    0
119   -0.02   0    0
120   -0.0188095   0.00120247    0
121   0.02   -5.58436e-05    0
122   0.0188118   -0.00121841    0
123   0.0188534   0.00113319    0
124   0   0.004    0
125   0   -0.004    0
126   -0.02   0.0016728    0
127   -0.02   -0.0016728    0
128   0.0179395   0.00261664    0
129   -0.0179285   0.00261737    0
130   -0.0179285   -0.00261682    0
131   0.0179291   -0.00261862    0
132   0.02   -0.001681    0
133   0.02   0.00134084    0
134   0.0185377   0.00211314    0
135   0   0.00117155    0
136   0   -0.00117155    0
137   0.00102345   0.000725765    0
138   -0.00102345   -0.000725765    0
139   0.00102345   -0.000727271    0
140   -0.00102345   0.000727271    0
141   -0.0184405   -0.002078    0
142   -0.0184405   0.00207815    0
143   0.0184415   -0.00208189    0
144   0.0192478   0.00208059    0
145   -0.0190348   -0.00208625    0
146   -0.0190348   0.00208626    0
147   0.0190354   -0.00209027    0
148   0.02   0.00234087    0
149   -0.0186464   0.004    0
150   -0.017684   0.004    0
151   0.0186464   -0.004    0
152   0.017684   -0.004    0
153   -0.0191913   -0.00346194    0
154   -0.019   -0.004    0
155   -0.02   -0.004    0
156   0.0191913   0.00346194    0
157   0.019   0.004    0
158   0.02   0.004    0
159   -0.02   0.003    0
160   -0.02   0.004    0
161   0.02   -0.003    0
162   0.02   -0.004    0
163   0.0195   0.003    0
164   0.02   0.00340176    0
165   -0.0192442   0.00366996    0
166   0.0192442   -0.00366996    0
167   -0.0186464   -0.00264645    0
168   0.0193536   0.00264645    0
169   0.0193536   0.00335355    0
170   -0.02   -0.00340903    0
171   -0.0193536   -0.00335355    0
172   0.0186464   0.00264645    0
173   -0.02   -0.00280866    0
174   -0.0195   -0.003    0
175   0.019   0.0025    0
176   -0.0188087   -0.00253806    0
177   0.0194619   0.00280866    0
178   -0.0185381   -0.00280866    0
179   -0.0185   -0.003    0
180   0.0185381   0.00280866    0
181   0.0185   0.003    0
182   -0.0194619   -0.00319134    0
183   0.0194619   0.00319134    0
184   -0.0194619   -0.00280866    0
185   0.0188087   0.00253806    0
186   -0.019   -0.0035    0
187   0.019   0.0035    0
188   0.0188087   0.00346194    0
189   -0.0188087   -0.00346194    0
190   0.0191913   0.00253806    0
191   -0.0191913   -0.00253806    0
192   -0.019   -0.0025    0
193   0.00535878   -0.00215716    0
194   0.00706591   -0.00215716    0
195   -0.00535878   0.00215715    0
196   -0.0070659   0.00215715    0
197   -0.00535878   -0.00184285    0
198   0.00535878   0.00184284    0
199   -0.0164888   0.004    0
200   -0.0172087   0.00330868    0
201   -0.0164888   -0.004    0
202   -0.0172087   -0.00330841    0
203   -0.017684   -0.004    0
204   -0.0185381   -0.00319134    0
205   0.0164888   -0.004    0
206   0.017209   -0.00330931    0
207   0.0164889   0.004    0
208   0.0172142   0.00330832    0
209   0.0176841   0.004    0
210   0.0185381   0.00319134    0
211   -0.02   -0.00224073    0
212   -0.0193536   -0.00264645    0
213   -0.02   0.0023364    0
214   0.02   -0.0023405    0
215   -0.018342   -0.004    0
216   -0.0186464   -0.00335355    0
217   0.0183421   0.004    0
218   0.0186464   0.00335355    0
219   0.000564163   -0.000950405    0
220   -0.000564163   0.000950405    0
221   -0.000564163   -0.000950081    0
222   0.000564163   0.000950081    0
223   -0.019   -0.003    0
224   0.019   0.003    0
539  29  1  2  3 
540  29  4  5  2 
541  29  4  2  6 
542  29  7  8  2 
543  29  9  2  10 
544  29  9  11  2 
545  29  12  13  2 
546  29  14  3  2 
547  29  15  14  2 
548  29  15  2  8 
549  29  11  16  2 
550  29  7  2  16 
551  29  13  10  2 
552  29  1  17  2 
553  29  17  6  2 
554  29  12  2  5 
299  35  18  19  20 
300  35  21  20  22 
301  35  23  20  24 
302  35  25  26  20 
303  35  26  27  20 
304  35  23  28  20 
305  35  21  24  20 
306  35  29  20  30 
307  35  18  20  29 
308  35  31  25  20 
309  35  31  20  19 
310  35  32  20  33 
311  35  34  33  20 
312  35  28  30  20 
313  35  34  20  27 
314  35  32  22  20 
283  53  35  36  37 
284  53  38  37  39 
285  53  40  41  37 
286  53  42  37  43 
287  53  41  44  37 
288  53  42  45  37 
289  53  38  40  37 
290  53  46  43  37 
291  53  47  37  48 
292  53  48  37  49 
293  53  46  37  36 
294  53  50  51  37 
295  53  35  37  51 
296  53  47  39  37 
297  53  45  49  37 
298  53  50  37  44 
77  6  52  53  54 
78  6  55  56  57 
79  6  58  59  60 
80  6  61  62  63 
81  6  61  63  64 
82  6  58  60  65 
83  6  66  54  53 
84  6  67  57  56 
85  6  58  54  66 
86  6  61  57  67 
87  6  68  59  69 
88  6  70  62  71 
89  6  58  72  54 
90  6  61  73  57 
91  6  74  75  76 
92  6  77  78  79 
93  6  80  81  82 
94  6  83  84  85 
95  6  86  64  87 
96  6  88  65  89 
97  6  58  65  72 
98  6  61  64  73 
99  6  58  66  59 
100  6  61  67  62 
101  6  60  59  90 
102  6  64  63  91 
103  6  63  62  92 
104  6  65  60  93 
105  6  59  66  69 
106  6  62  67  71 
107  6  94  66  53 
108  6  95  67  56 
109  6  86  73  64 
110  6  88  72  65 
111  6  68  90  59 
112  6  70  92  62 
113  6  87  64  91 
114  6  89  65  93 
115  6  96  94  53 
116  6  97  95  56 
117  6  94  69  66 
118  6  95  71  67 
119  6  98  60  90 
120  6  99  63  92 
121  6  100  91  63 
122  6  101  93  60 
123  6  102  103  74 
124  6  104  105  77 
125  6  102  83  103 
126  6  104  80  105 
127  6  106  60  98 
128  6  107  108  73 
129  6  109  110  72 
130  6  111  63  99 
131  6  100  63  111 
132  6  101  60  106 
133  6  75  74  112 
134  6  78  77  113 
135  6  85  114  83 
136  6  82  115  80 
137  6  75  112  116 
138  6  78  113  117 
139  6  82  116  115 
140  6  85  117  114 
141  6  86  107  73 
142  6  88  109  72 
143  6  111  118  119 
144  6  111  119  120 
145  6  106  121  122 
146  6  106  123  121 
147  6  124  116  82 
148  6  124  75  116 
149  6  125  78  117 
150  6  125  117  85 
151  6  120  119  126 
152  6  119  118  127 
153  6  90  128  98 
154  6  91  100  129 
155  6  92  130  99 
156  6  93  101  131 
157  6  122  121  132 
158  6  106  98  123 
159  6  111  99  118 
160  6  111  120  100 
161  6  106  122  101 
162  6  121  123  133 
163  6  123  98  134 
164  6  135  116  112 
165  6  136  114  117 
166  6  135  115  116 
167  6  136  117  113 
168  6  137  74  103 
169  6  138  77  105 
170  6  139  103  83 
171  6  140  105  80 
172  6  139  83  114 
173  6  140  80  115 
174  6  137  112  74 
175  6  138  113  77 
176  6  118  99  141 
177  6  142  100  120 
178  6  143  101  122 
179  6  144  133  123 
180  6  134  98  128 
181  6  145  127  118 
182  6  146  120  126 
183  6  147  122  132 
184  6  141  99  130 
185  6  100  142  129 
186  6  101  143  131 
187  6  148  133  144 
188  6  123  134  144 
189  6  22  149  150 
190  6  36  151  152 
191  6  14  137  103 
192  6  13  138  105 
193  6  1  103  139 
194  6  9  105  140 
195  6  153  154  155 
196  6  156  157  158 
197  6  26  159  160 
198  6  41  161  162 
199  6  148  163  164 
200  6  118  141  145 
201  6  120  146  142 
202  6  122  147  143 
203  6  160  149  165 
204  6  162  151  166 
205  6  28  129  142 
206  6  167  141  130 
207  6  45  131  143 
208  6  168  148  144 
209  6  158  164  169 
210  6  155  170  171 
211  6  172  134  128 
212  6  173  174  170 
213  6  175  144  134 
214  6  162  166  44 
215  6  160  165  27 
216  6  176  145  141 
217  6  146  30  142 
218  6  147  49  143 
219  6  21  22  150 
220  6  46  36  152 
221  6  51  166  151 
222  6  33  165  149 
223  6  155  171  153 
224  6  162  44  41 
225  6  160  27  26 
226  6  158  169  156 
227  6  1  3  103 
228  6  9  10  105 
229  6  14  103  3 
230  6  13  105  10 
231  6  1  139  17 
232  6  9  140  11 
233  6  15  137  14 
234  6  12  138  13 
235  6  177  148  168 
236  6  4  6  136 
237  6  4  136  5 
238  6  7  135  8 
239  6  7  16  135 
240  6  178  130  179 
241  6  23  24  129 
242  6  42  43  131 
243  6  180  128  181 
244  6  148  177  163 
245  6  167  130  178 
246  6  23  129  28 
247  6  42  131  45 
248  6  172  128  180 
249  6  167  176  141 
250  6  28  142  30 
251  6  45  143  49 
252  6  174  182  170 
253  6  163  183  164 
254  6  182  171  170 
255  6  169  164  183 
256  6  35  51  151 
257  6  32  33  149 
258  6  35  151  36 
259  6  32  149  22 
260  6  173  184  174 
261  6  172  185  134 
262  6  153  186  154 
263  6  156  187  157 
264  6  188  157  187 
265  6  189  154  186 
266  6  41  40  161 
267  6  26  25  159 
268  6  159  25  31 
269  6  161  40  38 
270  6  175  134  185 
271  6  175  190  144 
272  6  191  145  192 
273  6  18  29  146 
274  6  168  144  190 
275  6  47  48  147 
276  6  192  145  176 
277  6  29  30  146 
278  6  48  49  147 
279  6  50  166  51 
280  6  34  165  33 
281  6  50  44  166 
282  6  34  27  165 
834  6  84  193  110 
835  6  52  193  102 
836  6  193  84  83 
837  6  83  102  193 
838  6  194  52  54 
839  6  52  194  193 
840  6  194  110  193 
841  6  194  54  72 
842  6  72  110  194 
843  6  81  195  108 
844  6  55  195  104 
845  6  195  81  80 
846  6  80  104  195 
847  6  196  55  57 
848  6  55  196  195 
849  6  196  108  195 
850  6  196  57  73 
851  6  73  108  196 
957  6  55  197  56 
958  6  197  55  104 
959  6  197  79  97 
960  6  97  56  197 
961  6  197  104  77 
962  6  77  79  197 
963  6  52  198  53 
964  6  198  52  102 
965  6  198  76  96 
966  6  96  53  198 
967  6  198  102  74 
968  6  74  76  198 
1026  6  199  87  91 
1029  6  129  200  91 
1030  6  200  199  91 
1031  6  199  200  150 
1032  6  21  150  200 
1033  6  129  24  21 
1034  6  21  200  129 
1038  6  70  201  92 
1042  6  202  201  203 
1043  6  202  130  92 
1044  6  201  202  92 
1045  6  202  203  204 
1046  6  204  179  130 
1047  6  130  202  204 
1052  6  205  89  93 
1055  6  131  206  93 
1056  6  206  205  93 
1057  6  205  206  152 
1058  6  46  152  206 
1059  6  131  43  46 
1060  6  46  206  131 
1064  6  68  207  90 
1068  6  208  207  209 
1069  6  208  128  90 
1070  6  207  208  90 
1071  6  208  209  210 
1072  6  210  181  128 
1073  6  128  208  210 
1074  6  173  211  184 
1077  6  212  184  211 
1078  6  191  212  211 
1079  6  145  191  211 
1080  6  211  127  145 
1090  6  213  159  31 
1093  6  213  31  19 
1094  6  213  19  18 
1095  6  146  126  213 
1096  6  213  18  146 
1106  6  214  161  38 
1109  6  214  38  39 
1110  6  214  39  47 
1111  6  147  132  214 
1112  6  214  47  147 
1113  6  215  154  189 
1116  6  215  189  216 
1117  6  204  203  215 
1118  6  215  216  204 
1119  6  217  157  188 
1122  6  217  188  218 
1123  6  210  209  217 
1124  6  217  218  210 
1125  6  114  219  139 
1126  6  219  17  139 
1127  6  17  219  6 
1128  6  136  6  219 
1129  6  219  114  136 
1130  6  115  220  140 
1131  6  220  11  140 
1132  6  11  220  16 
1133  6  135  16  220 
1134  6  220  115  135 
1135  6  12  221  138 
1136  6  221  113  138 
1137  6  221  12  5 
1138  6  136  113  221 
1139  6  221  5  136 
1140  6  15  222  137 
1141  6  222  112  137 
1142  6  222  15  8 
1143  6  135  112  222 
1144  6  222  8  135 
45  41  153  171  223 
46  41  167  178  223 
47  41  204  223  179 
48  41  184  223  174 
49  41  184  212  223 
50  41  204  216  223 
51  41  191  192  223 
52  41  192  176  223 
53  41  178  179  223 
54  41  174  223  182 
55  41  182  223  171 
56  41  189  186  223 
57  41  153  223  186 
58  41  216  189  223 
59  41  167  223  176 
60  41  191  223  212 
61  47  172  224  185 
62  47  169  183  224 
63  47  210  224  181 
64  47  177  224  163 
65  47  177  168  224 
66  47  210  218  224 
67  47  175  224  190 
68  47  175  185  224 
69  47  180  181  224 
70  47  163  224  183 
71  47  172  180  224 
72  47  188  187  224 
73  47  156  224  187 
74  47  218  188  224 
75  47  156  169  224 
76  47  168  190  224 
E_MESH_DATA
