SolidID  2373   312 
h 319   -763989  0.999939  0.894007  0.921461  0.388471  1.04153e-06
h 320   -763989  0.999939  0.894  0.921461  0.388471  1.04201e-06
h 357   -763989  0.999939  0.894014  0.921461  0.388471  1.04099e-06
h 358   -763989  0.999939  0.893954  0.921461  0.388471  1.04555e-06
h 359   -763989  0.999939  0.893962  0.921461  0.388471  1.04491e-06
h 360   -763989  0.999939  0.893973  0.921461  0.388471  1.04412e-06
h 361   -763989  0.999939  0.893967  0.921461  0.388471  1.04457e-06
h 365   -763989  0.999939  0.895042  0.921461  0.388471  9.62471e-07
h 368   -763989  0.999939  0.894639  0.921461  0.388471  9.93241e-07
h 369   -763989  0.999939  0.894464  0.921461  0.388471  1.00658e-06
h 371   -763989  0.999939  0.886285  0.921461  0.388471  1.63138e-06
h 385   -763989  0.999939  0.894043  0.921461  0.388471  1.03876e-06
h 386   -763989  0.999939  0.894044  0.921461  0.388471  1.03867e-06
h 390   -763989  0.999939  0.894097  0.921461  0.388471  1.03461e-06
h 392   -763989  0.999939  0.892494  0.921461  0.388471  1.15704e-06
h 393   -763989  0.999939  0.889492  0.921461  0.388471  1.38637e-06
h 396   -763989  0.999939  0.89379  0.921461  0.388471  1.05806e-06
h 397   -763989  0.999939  0.893959  0.921461  0.388471  1.04516e-06
h 398   -763989  0.999939  0.893522  0.921461  0.388471  1.07855e-06
h 399   -763989  0.999939  0.893551  0.921461  0.388471  1.07632e-06
h 417   -763989  0.999939  0.893955  0.921461  0.388471  1.04544e-06
h 418   -763989  0.999939  0.893955  0.921461  0.388471  1.0455e-06
h 420   -763989  0.999939  0.893897  0.921461  0.388471  1.0499e-06
h 431   -763989  0.999939  0.894053  0.921461  0.388471  1.03796e-06
h 432   -763989  0.999939  0.894052  0.921461  0.388471  1.03803e-06
h 433   -763989  0.999939  0.89405  0.921461  0.388471  1.03825e-06
h 434   -763989  0.999939  0.894071  0.921461  0.388471  1.03662e-06
h 435   -763989  0.999939  0.89442  0.921461  0.388471  1.00995e-06
h 436   -763989  0.999939  0.894164  0.921461  0.388471  1.02951e-06
h 437   -763989  0.999939  0.894185  0.921461  0.388471  1.0279e-06
h 457   -763989  0.999939  0.896001  0.921461  0.388471  8.89172e-07
h 458   -763989  0.999939  0.891861  0.921461  0.388471  1.20546e-06
h 475   -763990  0.999939  0.897725  0.921461  0.388471  7.57481e-07
h 515   -763989  0.999939  0.883493  0.921461  0.388471  1.84465e-06
h 528   -763989  0.999939  0.893766  0.921461  0.388471  1.05987e-06
h 529   -763989  0.999939  0.894902  0.921461  0.388471  9.73127e-07
h 530   -763989  0.999939  0.893565  0.921461  0.388471  1.07528e-06
h 531   -763989  0.999939  0.894229  0.921461  0.388471  1.02454e-06
h 532   -763989  0.999939  0.89313  0.921461  0.388471  1.10851e-06
h 533   -763989  0.999939  0.894351  0.921461  0.388471  1.01521e-06
h 534   -763989  0.999939  0.892611  0.921461  0.388471  1.14811e-06
h 535   -763989  0.999939  0.893  0.921461  0.388471  1.1184e-06
h 536   -763989  0.999939  0.891849  0.921461  0.388471  1.20636e-06
h 540   -763989  0.999939  0.88676  0.921461  0.388471  1.59507e-06
h 549   -763989  0.999939  0.894323  0.921461  0.388471  1.01739e-06
h 550   -763990  0.999939  0.8994  0.921461  0.388471  6.29536e-07
h 551   -763989  0.999939  0.893133  0.921461  0.388471  1.10828e-06
h 552   -763989  0.999939  0.890448  0.921461  0.388471  1.31335e-06
h 553   -763990  0.999939  0.909898  0.921461  0.388471  0
h 570   -763990  0.999939  0.903827  0.921461  0.388471  2.91353e-07
h 571   -763990  0.999939  0.916295  0.921461  0.388471  0
h 572   -763990  0.999939  0.910209  0.921461  0.388471  0
h 573   -763990  0.999939  0.902408  0.921461  0.388471  3.99767e-07
h 575   -763990  0.999939  0.90995  0.921461  0.388471  0
h 576   -763990  0.999939  0.905326  0.921461  0.388471  1.76868e-07
h 608   -763989  0.999939  0.889746  0.921461  0.388471  1.367e-06
h 609   -763989  0.999939  0.892725  0.921461  0.388471  1.1394e-06
h 610   -763989  0.999939  0.890118  0.921461  0.388471  1.33856e-06
h 611   -763989  0.999939  0.88935  0.921461  0.388471  1.39725e-06
h 612   -763990  0.999939  0.908626  0.921461  0.388471  0
h 613   -763990  0.999939  0.900853  0.921461  0.388471  5.18555e-07
h 614   -763989  0.999939  0.893282  0.921461  0.388471  1.09685e-06
h 615   -763989  0.999939  0.895075  0.921461  0.388471  9.5992e-07
h 626   -763990  0.999939  0.907141  0.921461  0.388471  3.81701e-08
h 634   -763989  0.999939  0.88198  0.921461  0.388471  1.96026e-06
h 635   -763988  0.999939  0.873848  0.921461  0.388471  2.58142e-06
h 647   -763990  0.999939  0.89845  0.921461  0.388471  7.02105e-07
h 648   -763990  0.999939  0.900324  0.921461  0.388471  5.58953e-07
h 652   -763989  0.999939  0.895603  0.921461  0.388471  9.19546e-07
h 653   -763989  0.999939  0.895069  0.921461  0.388471  9.60345e-07
h 654   -763989  0.999939  0.897001  0.921461  0.388471  8.12774e-07
h 655   -763990  0.999939  0.897323  0.921461  0.388471  7.88204e-07
h 702   -763989  0.999939  0.893703  0.921461  0.388471  1.06471e-06
h 703   -763989  0.999939  0.893558  0.921461  0.388471  1.07578e-06
h 735   -763989  0.999939  0.892717  0.921461  0.388471  1.14007e-06
h 792   -763990  0.999939  0.936955  0.921461  0.388471  0
h 793   -763990  0.999939  0.921985  0.921461  0.388471  0
h 796   -763990  0.999939  0.91798  0.921461  0.388471  0
h 799   -763989  0.999939  0.893934  0.921461  0.388471  1.04704e-06
h 800   -763989  0.999939  0.893957  0.921461  0.388471  1.04529e-06
h 801   -763989  0.999939  0.893956  0.921461  0.388471  1.04536e-06
h 802   -763989  0.999939  0.893958  0.921461  0.388471  1.04526e-06
h 803   -763989  0.999939  0.893926  0.921461  0.388471  1.04768e-06
h 805   -763989  0.999939  0.893611  0.921461  0.388471  1.07177e-06
h 811   -763989  0.999939  0.893925  0.921461  0.388471  1.04774e-06
h 812   -763989  0.999939  0.8939  0.921461  0.388471  1.04966e-06
h 813   -763989  0.999939  0.893805  0.921461  0.388471  1.05695e-06
h 814   -763989  0.999939  0.893694  0.921461  0.388471  1.06542e-06
h 815   -763989  0.999939  0.893616  0.921461  0.388471  1.07137e-06
h 816   -763989  0.999939  0.893869  0.921461  0.388471  1.05206e-06
h 817   -763989  0.999939  0.893872  0.921461  0.388471  1.0518e-06
h 818   -763989  0.999939  0.893827  0.921461  0.388471  1.05527e-06
h 819   -763989  0.999939  0.8938  0.921461  0.388471  1.05728e-06
h 826   -763987  0.999939  0.849661  0.921461  0.388471  4.38923e-06
h 827   -763988  0.999939  0.872166  0.921461  0.388471  2.70993e-06
h 839   -763990  0.999939  0.899559  0.921461  0.388471  6.1741e-07
h 840   -763990  0.999939  0.898361  0.921461  0.388471  7.08867e-07
h 843   -763989  0.999939  0.895284  0.921461  0.388471  9.43915e-07
h 844   -763989  0.999939  0.896403  0.921461  0.388471  8.58438e-07
h 845   -763989  0.999939  0.895695  0.921461  0.388471  9.12561e-07
h 846   -763989  0.999939  0.895616  0.921461  0.388471  9.18563e-07
h 847   -763989  0.999939  0.894614  0.921461  0.388471  9.951e-07
h 848   -763989  0.999939  0.89488  0.921461  0.388471  9.74829e-07
h 849   -763989  0.999939  0.894901  0.921461  0.388471  9.73237e-07
h 852   -763989  0.999939  0.896499  0.921461  0.388471  8.51104e-07
h 853   -763989  0.999939  0.895974  0.921461  0.388471  8.91271e-07
h 906   -763989  0.999939  0.893255  0.921461  0.388471  1.09893e-06
h 907   -763989  0.999939  0.892931  0.921461  0.388471  1.1237e-06
h 908   -763989  0.999939  0.892829  0.921461  0.388471  1.13152e-06
h 919   -763989  0.999939  0.892232  0.921461  0.388471  1.1771e-06
h 920   -763989  0.999939  0.892561  0.921461  0.388471  1.15195e-06
h 921   -763990  0.999939  0.941637  0.921461  0.388471  0
h 922   -763990  0.999939  0.92451  0.921461  0.388471  0
h 923   -763990  0.999939  0.91592  0.921461  0.388471  0
h 925   -763990  0.999939  0.952289  0.921461  0.388471  0
h 926   -763990  0.999939  0.946387  0.921461  0.388471  0
h 931   -763990  0.999939  0.936737  0.921461  0.388471  0
h 932   -763990  0.999939  0.946512  0.921461  0.388471  0
h 980   -763989  0.999939  0.894102  0.921461  0.388471  1.03423e-06
h 988   -763989  0.999939  0.894294  0.921461  0.388471  1.01956e-06
h 989   -763989  0.999939  0.894733  0.921461  0.388471  9.8603e-07
h 990   -763989  0.999939  0.8943  0.921461  0.388471  1.0191e-06
h 991   -763989  0.999939  0.894134  0.921461  0.388471  1.03177e-06
h 992   -763989  0.999939  0.894093  0.921461  0.388471  1.03496e-06
h 1014   -763989  0.999939  0.894231  0.921461  0.388471  1.02439e-06
h 1024   -763989  0.999939  0.893185  0.921461  0.388471  1.1043e-06
h 1025   -763989  0.999939  0.893406  0.921461  0.388471  1.0874e-06
h 1026   -763989  0.999939  0.89303  0.921461  0.388471  1.11614e-06
h 1027   -763989  0.999939  0.89295  0.921461  0.388471  1.12222e-06
h 1029   -763988  0.999939  0.878148  0.921461  0.388471  2.25296e-06
h 1032   -763988  0.999939  0.876655  0.921461  0.388471  2.36701e-06
h 1033   -763988  0.999939  0.874987  0.921461  0.388471  2.49441e-06
h 1034   -763988  0.999939  0.869244  0.921461  0.388471  2.93314e-06
h 1035   -763989  0.999939  0.891176  0.921461  0.388471  1.25775e-06
h 1036   -763989  0.999939  0.892396  0.921461  0.388471  1.16457e-06
h 1037   -763989  0.999939  0.889099  0.921461  0.388471  1.41644e-06
h 1038   -763989  0.999939  0.884349  0.921461  0.388471  1.77926e-06
h 1039   -763989  0.999939  0.886795  0.921461  0.388471  1.59242e-06
h 1040   -763989  0.999939  0.885492  0.921461  0.388471  1.69199e-06
h 1049   -763989  0.999939  0.891955  0.921461  0.388471  1.19827e-06
h 1050   -763989  0.999939  0.891205  0.921461  0.388471  1.25555e-06
h 1051   -763989  0.999939  0.892536  0.921461  0.388471  1.15387e-06
h 1052   -763989  0.999939  0.892353  0.921461  0.388471  1.16784e-06
h 1072   -763989  0.999939  0.896981  0.921461  0.388471  8.14304e-07
h 1073   -763989  0.999939  0.895812  0.921461  0.388471  9.03641e-07
h 1074   -763990  0.999939  0.89841  0.921461  0.388471  7.05149e-07
h 1075   -763990  0.999939  0.899833  0.921461  0.388471  5.96462e-07
h 1076   -763990  0.999939  0.898485  0.921461  0.388471  6.99395e-07
h 1077   -763990  0.999939  0.902728  0.921461  0.388471  3.7529e-07
h 1078   -763990  0.999939  0.902209  0.921461  0.388471  4.14924e-07
h 1079   -763990  0.999939  0.899  0.921461  0.388471  6.60075e-07
h 1080   -763990  0.999939  0.900405  0.921461  0.388471  5.52721e-07
h 1087   -763989  0.999939  0.896311  0.921461  0.388471  8.6552e-07
h 1088   -763989  0.999939  0.895584  0.921461  0.388471  9.21052e-07
h 1091   -763989  0.999939  0.895743  0.921461  0.388471  9.08855e-07
h 1096   -763989  0.999939  0.893896  0.921461  0.388471  1.04994e-06
h 1097   -763989  0.999939  0.893855  0.921461  0.388471  1.05307e-06
h 1106   -763989  0.999939  0.893885  0.921461  0.388471  1.05086e-06
h 1120   -763989  0.999939  0.893576  0.921461  0.388471  1.07442e-06
h 1121   -763989  0.999939  0.893348  0.921461  0.388471  1.09185e-06
h 1122   -763989  0.999939  0.893395  0.921461  0.388471  1.08825e-06
h 1200   -763989  0.999939  0.89404  0.921461  0.388471  1.03895e-06
h 1201   -763989  0.999939  0.894101  0.921461  0.388471  1.03432e-06
h 1202   -763989  0.999939  0.894043  0.921461  0.388471  1.03878e-06
h 1203   -763989  0.999939  0.894035  0.921461  0.388471  1.03934e-06
h 1204   -763989  0.999939  0.894044  0.921461  0.388471  1.03869e-06
h 1205   -763989  0.999939  0.894119  0.921461  0.388471  1.03292e-06
h 1206   -763989  0.999939  0.894076  0.921461  0.388471  1.03622e-06
h 1207   -763989  0.999939  0.89408  0.921461  0.388471  1.03589e-06
h 1208   -763989  0.999939  0.894109  0.921461  0.388471  1.03369e-06
h 1209   -763989  0.999939  0.894115  0.921461  0.388471  1.03327e-06
h 1210   -763989  0.999939  0.894108  0.921461  0.388471  1.03382e-06
h 1211   -763989  0.999939  0.894305  0.921461  0.388471  1.01871e-06
h 1212   -763989  0.999939  0.894472  0.921461  0.388471  1.00594e-06
h 1217   -763989  0.999939  0.894249  0.921461  0.388471  1.02298e-06
h 1218   -763989  0.999939  0.894295  0.921461  0.388471  1.01949e-06
h 1219   -763989  0.999939  0.893881  0.921461  0.388471  1.05114e-06
h 1220   -763989  0.999939  0.8939  0.921461  0.388471  1.04965e-06
h 1221   -763989  0.999939  0.893872  0.921461  0.388471  1.05179e-06
h 1222   -763989  0.999939  0.893888  0.921461  0.388471  1.05056e-06
h 1225   -763989  0.999939  0.893874  0.921461  0.388471  1.05165e-06
h 1226   -763989  0.999939  0.893875  0.921461  0.388471  1.0516e-06
h 1227   -763989  0.999939  0.893467  0.921461  0.388471  1.08272e-06
h 1230   -763989  0.999939  0.893355  0.921461  0.388471  1.09127e-06
h 1231   -763989  0.999939  0.893202  0.921461  0.388471  1.10299e-06
h 1232   -763989  0.999939  0.893851  0.921461  0.388471  1.05342e-06
h 1233   -763989  0.999939  0.893825  0.921461  0.388471  1.0554e-06
h 1239   -763989  0.999939  0.893751  0.921461  0.388471  1.06106e-06
h 1240   -763989  0.999939  0.893681  0.921461  0.388471  1.06638e-06
h 1247   -763989  0.999939  0.894701  0.921461  0.388471  9.88454e-07
h 1250   -763989  0.999939  0.894535  0.921461  0.388471  1.00115e-06
h 1251   -763989  0.999939  0.894469  0.921461  0.388471  1.00617e-06
h 1252   -763989  0.999939  0.895376  0.921461  0.388471  9.36935e-07
h 1253   -763989  0.999939  0.895097  0.921461  0.388471  9.58249e-07
h 1265   -763989  0.999939  0.893033  0.921461  0.388471  1.11591e-06
h 1266   -763989  0.999939  0.893209  0.921461  0.388471  1.10247e-06
h 1297   -763989  0.999939  0.894116  0.921461  0.388471  1.03314e-06
h 1298   -763989  0.999939  0.894124  0.921461  0.388471  1.03259e-06
h 1310   -763989  0.999939  0.894135  0.921461  0.388471  1.03172e-06
h 1311   -763989  0.999939  0.894122  0.921461  0.388471  1.03271e-06
h 1312   -763989  0.999939  0.894135  0.921461  0.388471  1.03173e-06
h 1313   -763989  0.999939  0.894215  0.921461  0.388471  1.02562e-06
h 1314   -763989  0.999939  0.894191  0.921461  0.388471  1.02745e-06
h 1315   -763989  0.999939  0.89445  0.921461  0.388471  1.00764e-06
h 1316   -763989  0.999939  0.894348  0.921461  0.388471  1.01548e-06
h 1317   -763989  0.999939  0.894394  0.921461  0.388471  1.01195e-06
h 1324   -763989  0.999939  0.894156  0.921461  0.388471  1.03012e-06
h 1325   -763989  0.999939  0.894183  0.921461  0.388471  1.02802e-06
h 1328   -763989  0.999939  0.894493  0.921461  0.388471  1.00439e-06
h 1329   -763989  0.999939  0.894607  0.921461  0.388471  9.95691e-07
h 1344   -763989  0.999939  0.894265  0.921461  0.388471  1.02178e-06
h 1345   -763989  0.999939  0.894324  0.921461  0.388471  1.01732e-06
h 1359   -763988  0.999939  0.879205  0.921461  0.388471  2.17219e-06
h 1360   -763989  0.999939  0.881691  0.921461  0.388471  1.98229e-06
h 1361   -763989  0.999939  0.883219  0.921461  0.388471  1.86562e-06
h 1365   -763989  0.999939  0.887565  0.921461  0.388471  1.5336e-06
h 1366   -763989  0.999939  0.886255  0.921461  0.388471  1.63365e-06
h 1370   -763988  0.999939  0.874253  0.921461  0.388471  2.5505e-06
h 1371   -763988  0.999939  0.870016  0.921461  0.388471  2.87414e-06
h 1378   -763989  0.999939  0.892856  0.921461  0.388471  1.12942e-06
h 1379   -763989  0.999939  0.892606  0.921461  0.388471  1.14852e-06
h 1384   -763989  0.999939  0.882353  0.921461  0.388471  1.93175e-06
h 1385   -763988  0.999939  0.880019  0.921461  0.388471  2.11004e-06
h 1386   -763989  0.999939  0.89194  0.921461  0.388471  1.19942e-06
h 1387   -763989  0.999939  0.891491  0.921461  0.388471  1.23369e-06
h 1390   -763989  0.999939  0.890438  0.921461  0.388471  1.31411e-06
h 1391   -763989  0.999939  0.888572  0.921461  0.388471  1.45664e-06
h 1392   -763989  0.999939  0.889508  0.921461  0.388471  1.38518e-06
h 1413   -763990  0.999939  0.899013  0.921461  0.388471  6.59062e-07
h 1414   -763990  0.999939  0.900069  0.921461  0.388471  5.78413e-07
h 1417   -763989  0.999939  0.894911  0.921461  0.388471  9.72432e-07
h 1418   -763989  0.999939  0.895313  0.921461  0.388471  9.41717e-07
h 1419   -763989  0.999939  0.895333  0.921461  0.388471  9.4023e-07
h 1420   -763989  0.999939  0.894677  0.921461  0.388471  9.90324e-07
h 1421   -763989  0.999939  0.894733  0.921461  0.388471  9.86055e-07
h 1427   -763990  0.999939  0.897032  0.921461  0.388471  8.10416e-07
h 1428   -763990  0.999939  0.898136  0.921461  0.388471  7.26062e-07
h 1429   -763990  0.999939  0.898215  0.921461  0.388471  7.2006e-07
h 1430   -763989  0.999939  0.896389  0.921461  0.388471  8.59534e-07
h 1431   -763989  0.999939  0.896354  0.921461  0.388471  8.62204e-07
h 1437   -763989  0.999939  0.895613  0.921461  0.388471  9.18803e-07
h 1438   -763989  0.999939  0.895941  0.921461  0.388471  8.93726e-07
h 1451   -763989  0.999939  0.893738  0.921461  0.388471  1.06205e-06
h 1452   -763989  0.999939  0.893644  0.921461  0.388471  1.06922e-06
h 1453   -763989  0.999939  0.893609  0.921461  0.388471  1.07193e-06
h 1454   -763989  0.999939  0.893833  0.921461  0.388471  1.05478e-06
h 1455   -763989  0.999939  0.893849  0.921461  0.388471  1.05354e-06
h 1456   -763989  0.999939  0.89383  0.921461  0.388471  1.05499e-06
h 1457   -763989  0.999939  0.89375  0.921461  0.388471  1.06113e-06
h 1458   -763989  0.999939  0.893775  0.921461  0.388471  1.05921e-06
h 1464   -763989  0.999939  0.893658  0.921461  0.388471  1.06816e-06
h 1465   -763989  0.999939  0.893705  0.921461  0.388471  1.06459e-06
h 1470   -763989  0.999939  0.893776  0.921461  0.388471  1.05914e-06
h 1471   -763989  0.999939  0.893803  0.921461  0.388471  1.05709e-06
h 1476   -763989  0.999939  0.893843  0.921461  0.388471  1.05404e-06
h 1477   -763989  0.999939  0.893856  0.921461  0.388471  1.053e-06
h 1485   -763989  0.999939  0.893453  0.921461  0.388471  1.08379e-06
h 1486   -763989  0.999939  0.893533  0.921461  0.388471  1.07771e-06
h 1567   -763989  0.999939  0.894389  0.921461  0.388471  1.01229e-06
h 1568   -763989  0.999939  0.894337  0.921461  0.388471  1.01633e-06
h 1569   -763989  0.999939  0.894124  0.921461  0.388471  1.03259e-06
h 1570   -763989  0.999939  0.894118  0.921461  0.388471  1.03305e-06
h 1573   -763989  0.999939  0.894129  0.921461  0.388471  1.03216e-06
h 1574   -763989  0.999939  0.894135  0.921461  0.388471  1.03175e-06
h 1575   -763989  0.999939  0.894145  0.921461  0.388471  1.03096e-06
h 1576   -763989  0.999939  0.894147  0.921461  0.388471  1.03081e-06
h 1577   -763989  0.999939  0.894187  0.921461  0.388471  1.02776e-06
h 1578   -763989  0.999939  0.894177  0.921461  0.388471  1.02852e-06
h 1579   -763989  0.999939  0.894193  0.921461  0.388471  1.02732e-06
h 1580   -763989  0.999939  0.894169  0.921461  0.388471  1.02914e-06
h 1581   -763989  0.999939  0.894248  0.921461  0.388471  1.0231e-06
h 1582   -763989  0.999939  0.8942  0.921461  0.388471  1.02673e-06
h 1583   -763989  0.999939  0.894216  0.921461  0.388471  1.0255e-06
h 1641   -763989  0.999939  0.89014  0.921461  0.388471  1.33687e-06
h 1642   -763989  0.999939  0.88934  0.921461  0.388471  1.39804e-06
h 1645   -763989  0.999939  0.894898  0.921461  0.388471  9.73398e-07
h 1646   -763989  0.999939  0.895083  0.921461  0.388471  9.59333e-07
h 1649   -763989  0.999939  0.896829  0.921461  0.388471  8.25908e-07
h 1650   -763990  0.999939  0.897413  0.921461  0.388471  7.81285e-07
h 1653   -763989  0.999939  0.894165  0.921461  0.388471  1.02943e-06
h 1654   -763989  0.999939  0.894147  0.921461  0.388471  1.03077e-06
h 1725   -763989  0.999939  0.890297  0.921461  0.388471  1.32493e-06
h 1726   -763989  0.999939  0.890944  0.921461  0.388471  1.2755e-06
h 1732   -763989  0.999939  0.892324  0.921461  0.388471  1.17006e-06
h 1733   -763989  0.999939  0.891983  0.921461  0.388471  1.19609e-06
h 1734   -763989  0.999939  0.892094  0.921461  0.388471  1.1876e-06
h 1735   -763989  0.999939  0.891642  0.921461  0.388471  1.22215e-06
h 1736   -763989  0.999939  0.891764  0.921461  0.388471  1.21283e-06
h 1737   -763989  0.999939  0.888978  0.921461  0.388471  1.4257e-06
h 1738   -763989  0.999939  0.887458  0.921461  0.388471  1.54181e-06
h 1739   -763989  0.999939  0.885868  0.921461  0.388471  1.66326e-06
h 1743   -763988  0.999939  0.877562  0.921461  0.388471  2.29769e-06
h 1744   -763989  0.999939  0.881383  0.921461  0.388471  2.00584e-06
h 1745   -763989  0.999939  0.884007  0.921461  0.388471  1.80538e-06
h 1746   -763989  0.999939  0.88386  0.921461  0.388471  1.81666e-06
h 1747   -763989  0.999939  0.882695  0.921461  0.388471  1.90558e-06
h 1748   -763988  0.999939  0.880117  0.921461  0.388471  2.10258e-06
h 1763   -763989  0.999939  0.890471  0.921461  0.388471  1.3116e-06
h 1764   -763989  0.999939  0.891034  0.921461  0.388471  1.2686e-06
h 1765   -763989  0.999939  0.890749  0.921461  0.388471  1.2904e-06
h 1768   -763989  0.999939  0.889426  0.921461  0.388471  1.39146e-06
h 1769   -763989  0.999939  0.890092  0.921461  0.388471  1.34058e-06
h 1770   -763989  0.999939  0.888594  0.921461  0.388471  1.45499e-06
h 1771   -763989  0.999939  0.886963  0.921461  0.388471  1.57962e-06
h 1772   -763989  0.999939  0.888893  0.921461  0.388471  1.43217e-06
h 1773   -763989  0.999939  0.889344  0.921461  0.388471  1.39768e-06
h 1778   -763989  0.999939  0.891124  0.921461  0.388471  1.26175e-06
h 1779   -763989  0.999939  0.891541  0.921461  0.388471  1.22984e-06
h 1783   -763989  0.999939  0.886747  0.921461  0.388471  1.59612e-06
h 1784   -763989  0.999939  0.887844  0.921461  0.388471  1.51226e-06
h 1787   -763989  0.999939  0.881021  0.921461  0.388471  2.03347e-06
h 1788   -763989  0.999939  0.883169  0.921461  0.388471  1.86943e-06
SolidID  2424   297 
h 364   -763989  0.999939  0.890428  0.388471  0.921461  1.31491e-06
h 370   -763989  0.999939  0.886244  0.388471  0.921461  1.63455e-06
h 374   -763989  0.999939  0.894007  0.388471  0.921461  1.0415e-06
h 375   -763989  0.999939  0.893984  0.388471  0.921461  1.04323e-06
h 376   -763989  0.999939  0.890953  0.388471  0.921461  1.27481e-06
h 377   -763989  0.999939  0.896686  0.388471  0.921461  8.36817e-07
h 383   -763989  0.999939  0.894766  0.388471  0.921461  9.83553e-07
h 384   -763989  0.999939  0.894055  0.388471  0.921461  1.03786e-06
h 389   -763989  0.999939  0.894172  0.388471  0.921461  1.02887e-06
h 410   -763989  0.999939  0.893983  0.388471  0.921461  1.04331e-06
h 411   -763989  0.999939  0.893956  0.388471  0.921461  1.04537e-06
h 419   -763989  0.999939  0.893961  0.388471  0.921461  1.04503e-06
h 425   -763989  0.999939  0.894039  0.388471  0.921461  1.03905e-06
h 428   -763989  0.999939  0.891191  0.388471  0.921461  1.25661e-06
h 441   -763989  0.999939  0.894057  0.388471  0.921461  1.03771e-06
h 442   -763989  0.999939  0.893202  0.388471  0.921461  1.10301e-06
h 443   -763989  0.999939  0.893257  0.388471  0.921461  1.09882e-06
h 444   -763989  0.999939  0.893577  0.388471  0.921461  1.07431e-06
h 445   -763989  0.999939  0.894099  0.388471  0.921461  1.03444e-06
h 446   -763989  0.999939  0.894235  0.388471  0.921461  1.02407e-06
h 447   -763989  0.999939  0.893847  0.388471  0.921461  1.05371e-06
h 448   -763989  0.999939  0.894335  0.388471  0.921461  1.01642e-06
h 449   -763989  0.999939  0.894542  0.388471  0.921461  1.00066e-06
h 450   -763989  0.999939  0.894079  0.388471  0.921461  1.03598e-06
h 451   -763989  0.999939  0.894092  0.388471  0.921461  1.03503e-06
h 452   -763989  0.999939  0.894064  0.388471  0.921461  1.03717e-06
h 453   -763989  0.999939  0.894135  0.388471  0.921461  1.03176e-06
h 471   -763989  0.999939  0.894871  0.388471  0.921461  9.75528e-07
h 472   -763989  0.999939  0.893572  0.388471  0.921461  1.07474e-06
h 473   -763989  0.999939  0.895311  0.388471  0.921461  9.41908e-07
h 474   -763990  0.999939  0.899835  0.388471  0.921461  5.9629e-07
h 517   -763989  0.999939  0.89387  0.388471  0.921461  1.05199e-06
h 518   -763989  0.999939  0.893896  0.388471  0.921461  1.04999e-06
h 523   -763989  0.999939  0.894233  0.388471  0.921461  1.02422e-06
h 524   -763989  0.999939  0.894441  0.388471  0.921461  1.00834e-06
h 525   -763989  0.999939  0.896093  0.388471  0.921461  8.82129e-07
h 526   -763989  0.999939  0.894895  0.388471  0.921461  9.73675e-07
h 541   -763989  0.999939  0.894133  0.388471  0.921461  1.03191e-06
h 544   -763989  0.999939  0.894137  0.388471  0.921461  1.03159e-06
h 545   -763989  0.999939  0.894156  0.388471  0.921461  1.03015e-06
h 546   -763990  0.999939  0.909626  0.388471  0.921461  0
h 547   -763990  0.999939  0.907124  0.388471  0.921461  3.94871e-08
h 548   -763990  0.999939  0.91231  0.388471  0.921461  0
h 566   -763990  0.999939  0.903226  0.388471  0.921461  3.37295e-07
h 567   -763990  0.999939  0.906894  0.388471  0.921461  5.70604e-08
h 637   -763988  0.999939  0.874464  0.388471  0.921461  2.53435e-06
h 638   -763989  0.999939  0.883582  0.388471  0.921461  1.83787e-06
h 643   -763989  0.999939  0.883996  0.388471  0.921461  1.80621e-06
h 644   -763988  0.999939  0.88025  0.388471  0.921461  2.09238e-06
h 646   -763989  0.999939  0.882451  0.388471  0.921461  1.92423e-06
h 674   -763989  0.999939  0.888623  0.388471  0.921461  1.45275e-06
h 675   -763989  0.999939  0.886266  0.388471  0.921461  1.63282e-06
h 676   -763989  0.999939  0.886353  0.388471  0.921461  1.62619e-06
h 682   -763989  0.999939  0.881801  0.388471  0.921461  1.9739e-06
h 683   -763988  0.999939  0.873069  0.388471  0.921461  2.64097e-06
h 684   -763989  0.999939  0.882307  0.388471  0.921461  1.93522e-06
h 685   -763988  0.999939  0.878617  0.388471  0.921461  2.2171e-06
h 700   -763989  0.999939  0.893687  0.388471  0.921461  1.06593e-06
h 701   -763989  0.999939  0.893803  0.388471  0.921461  1.05711e-06
h 732   -763989  0.999939  0.893416  0.388471  0.921461  1.08666e-06
h 733   -763989  0.999939  0.893009  0.388471  0.921461  1.11771e-06
h 734   -763989  0.999939  0.892744  0.388471  0.921461  1.138e-06
h 736   -763989  0.999939  0.889589  0.388471  0.921461  1.37896e-06
h 737   -763989  0.999939  0.888604  0.388471  0.921461  1.45423e-06
h 738   -763989  0.999939  0.891245  0.388471  0.921461  1.25248e-06
h 739   -763989  0.999939  0.888324  0.388471  0.921461  1.47563e-06
h 740   -763989  0.999939  0.891526  0.388471  0.921461  1.23102e-06
h 741   -763989  0.999939  0.894852  0.388471  0.921461  9.76915e-07
h 742   -763990  0.999939  0.899441  0.388471  0.921461  6.26425e-07
h 743   -763990  0.999939  0.912032  0.388471  0.921461  0
h 744   -763990  0.999939  0.903931  0.388471  0.921461  2.83396e-07
h 745   -763990  0.999939  0.90011  0.388471  0.921461  5.75299e-07
h 746   -763990  0.999939  0.916491  0.388471  0.921461  0
h 747   -763990  0.999939  0.922015  0.388471  0.921461  0
h 749   -763990  0.999939  0.944572  0.388471  0.921461  0
h 750   -763990  0.999939  0.951908  0.388471  0.921461  0
h 770   -763989  0.999939  0.896544  0.388471  0.921461  8.47671e-07
h 771   -763989  0.999939  0.895556  0.388471  0.921461  9.23171e-07
h 788   -763990  0.999939  0.921673  0.388471  0.921461  0
h 789   -763990  0.999939  0.936632  0.388471  0.921461  0
h 835   -763988  0.999939  0.871792  0.388471  0.921461  2.73851e-06
h 836   -763988  0.999939  0.876764  0.388471  0.921461  2.3587e-06
h 883   -763989  0.999939  0.888851  0.388471  0.921461  1.43533e-06
h 884   -763989  0.999939  0.887579  0.388471  0.921461  1.53251e-06
h 887   -763989  0.999939  0.88435  0.388471  0.921461  1.77919e-06
h 888   -763989  0.999939  0.881569  0.388471  0.921461  1.99162e-06
h 891   -763989  0.999939  0.891605  0.388471  0.921461  1.22498e-06
h 892   -763989  0.999939  0.892069  0.388471  0.921461  1.18954e-06
h 893   -763989  0.999939  0.891839  0.388471  0.921461  1.20711e-06
h 894   -763989  0.999939  0.890362  0.388471  0.921461  1.31996e-06
h 895   -763989  0.999939  0.889885  0.388471  0.921461  1.35641e-06
h 896   -763988  0.999939  0.870802  0.388471  0.921461  2.81416e-06
h 897   -763987  0.999939  0.850071  0.388471  0.921461  4.36083e-06
h 903   -763989  0.999939  0.893317  0.388471  0.921461  1.09417e-06
h 904   -763989  0.999939  0.892972  0.388471  0.921461  1.12059e-06
h 905   -763989  0.999939  0.892848  0.388471  0.921461  1.13e-06
h 915   -763989  0.999939  0.892569  0.388471  0.921461  1.15136e-06
h 916   -763989  0.999939  0.892241  0.388471  0.921461  1.17639e-06
h 927   -763990  0.999939  0.946345  0.388471  0.921461  0
h 928   -763990  0.999939  0.936964  0.388471  0.921461  0
h 935   -763989  0.999939  0.897011  0.388471  0.921461  8.11987e-07
h 936   -763990  0.999939  0.898649  0.388471  0.921461  6.86859e-07
h 937   -763990  0.999939  0.897529  0.388471  0.921461  7.72428e-07
h 938   -763989  0.999939  0.895752  0.388471  0.921461  9.08178e-07
h 939   -763989  0.999939  0.896379  0.388471  0.921461  8.60276e-07
h 951   -763990  0.999939  0.943047  0.388471  0.921461  0
h 952   -763990  0.999939  0.929161  0.388471  0.921461  0
h 955   -763990  0.999939  0.898778  0.388471  0.921461  6.77072e-07
h 956   -763990  0.999939  0.900255  0.388471  0.921461  5.64195e-07
h 957   -763990  0.999939  0.909677  0.388471  0.921461  0
h 958   -763990  0.999939  0.904163  0.388471  0.921461  2.65692e-07
h 959   -763990  0.999939  0.903905  0.388471  0.921461  2.854e-07
h 963   -763990  0.999939  0.902683  0.388471  0.921461  3.78727e-07
h 966   -763990  0.999939  0.899861  0.388471  0.921461  5.94278e-07
h 967   -763990  0.999939  0.90049  0.388471  0.921461  5.46257e-07
h 973   -763989  0.999939  0.894612  0.388471  0.921461  9.95281e-07
h 974   -763989  0.999939  0.894391  0.388471  0.921461  1.0122e-06
h 977   -763989  0.999939  0.894114  0.388471  0.921461  1.03334e-06
h 978   -763989  0.999939  0.894122  0.388471  0.921461  1.03272e-06
h 979   -763989  0.999939  0.89413  0.388471  0.921461  1.03211e-06
h 985   -763989  0.999939  0.894483  0.388471  0.921461  1.00514e-06
h 986   -763989  0.999939  0.89411  0.388471  0.921461  1.03366e-06
h 987   -763989  0.999939  0.894166  0.388471  0.921461  1.02936e-06
h 1011   -763989  0.999939  0.89427  0.388471  0.921461  1.02143e-06
h 1012   -763989  0.999939  0.894383  0.388471  0.921461  1.01278e-06
h 1013   -763989  0.999939  0.894412  0.388471  0.921461  1.01056e-06
h 1057   -763989  0.999939  0.893999  0.388471  0.921461  1.04213e-06
h 1058   -763989  0.999939  0.893945  0.388471  0.921461  1.04622e-06
h 1059   -763989  0.999939  0.893975  0.388471  0.921461  1.04397e-06
h 1060   -763989  0.999939  0.893926  0.388471  0.921461  1.04766e-06
h 1061   -763989  0.999939  0.893941  0.388471  0.921461  1.04655e-06
h 1066   -763989  0.999939  0.893906  0.388471  0.921461  1.04918e-06
h 1067   -763989  0.999939  0.893883  0.388471  0.921461  1.05093e-06
h 1068   -763989  0.999939  0.893903  0.388471  0.921461  1.04941e-06
h 1093   -763989  0.999939  0.893891  0.388471  0.921461  1.05038e-06
h 1094   -763989  0.999939  0.893924  0.388471  0.921461  1.04783e-06
h 1095   -763989  0.999939  0.893779  0.388471  0.921461  1.05892e-06
h 1115   -763989  0.999939  0.893635  0.388471  0.921461  1.06988e-06
h 1116   -763989  0.999939  0.893687  0.388471  0.921461  1.06594e-06
h 1117   -763989  0.999939  0.893635  0.388471  0.921461  1.06992e-06
h 1118   -763989  0.999939  0.89338  0.388471  0.921461  1.08937e-06
h 1119   -763989  0.999939  0.893449  0.388471  0.921461  1.08412e-06
h 1167   -763989  0.999939  0.893751  0.388471  0.921461  1.06108e-06
h 1168   -763989  0.999939  0.893619  0.388471  0.921461  1.07117e-06
h 1169   -763989  0.999939  0.893738  0.388471  0.921461  1.06206e-06
h 1172   -763989  0.999939  0.893844  0.388471  0.921461  1.05398e-06
h 1173   -763989  0.999939  0.893793  0.388471  0.921461  1.05788e-06
h 1174   -763989  0.999939  0.893786  0.388471  0.921461  1.05838e-06
h 1175   -763989  0.999939  0.893036  0.388471  0.921461  1.11565e-06
h 1176   -763989  0.999939  0.893037  0.388471  0.921461  1.11562e-06
h 1177   -763989  0.999939  0.893168  0.388471  0.921461  1.10558e-06
h 1185   -763989  0.999939  0.889213  0.388471  0.921461  1.40774e-06
h 1186   -763989  0.999939  0.887029  0.388471  0.921461  1.57454e-06
h 1187   -763989  0.999939  0.886259  0.388471  0.921461  1.6334e-06
h 1188   -763989  0.999939  0.88529  0.388471  0.921461  1.7074e-06
h 1194   -763989  0.999939  0.892639  0.388471  0.921461  1.14597e-06
h 1195   -763989  0.999939  0.892007  0.388471  0.921461  1.19428e-06
h 1196   -763989  0.999939  0.891085  0.388471  0.921461  1.26473e-06
h 1256   -763989  0.999939  0.891306  0.388471  0.921461  1.2478e-06
h 1257   -763989  0.999939  0.89066  0.388471  0.921461  1.29716e-06
h 1261   -763989  0.999939  0.893228  0.388471  0.921461  1.10098e-06
h 1262   -763989  0.999939  0.893053  0.388471  0.921461  1.11438e-06
h 1271   -763989  0.999939  0.896187  0.388471  0.921461  8.74935e-07
h 1272   -763989  0.999939  0.895767  0.388471  0.921461  9.07033e-07
h 1275   -763990  0.999939  0.898247  0.388471  0.921461  7.17639e-07
h 1276   -763990  0.999939  0.897419  0.388471  0.921461  7.80842e-07
h 1280   -763990  0.999939  0.911101  0.388471  0.921461  0
h 1281   -763990  0.999939  0.906806  0.388471  0.921461  6.37851e-08
h 1284   -763989  0.999939  0.894919  0.388471  0.921461  9.71869e-07
h 1285   -763989  0.999939  0.894707  0.388471  0.921461  9.88036e-07
h 1286   -763989  0.999939  0.89476  0.388471  0.921461  9.84012e-07
h 1287   -763989  0.999939  0.895317  0.388471  0.921461  9.4143e-07
h 1288   -763989  0.999939  0.895423  0.388471  0.921461  9.333e-07
h 1293   -763989  0.999939  0.894137  0.388471  0.921461  1.03158e-06
h 1294   -763989  0.999939  0.894129  0.388471  0.921461  1.03215e-06
h 1301   -763989  0.999939  0.894152  0.388471  0.921461  1.0304e-06
h 1302   -763989  0.999939  0.894233  0.388471  0.921461  1.0242e-06
h 1303   -763989  0.999939  0.894214  0.388471  0.921461  1.02566e-06
h 1304   -763989  0.999939  0.894136  0.388471  0.921461  1.03164e-06
h 1305   -763989  0.999939  0.894149  0.388471  0.921461  1.03066e-06
h 1306   -763989  0.999939  0.89462  0.388471  0.921461  9.94691e-07
h 1307   -763989  0.999939  0.894505  0.388471  0.921461  1.00343e-06
h 1320   -763989  0.999939  0.894198  0.388471  0.921461  1.02694e-06
h 1321   -763989  0.999939  0.89417  0.388471  0.921461  1.02906e-06
h 1335   -763989  0.999939  0.894341  0.388471  0.921461  1.01597e-06
h 1336   -763989  0.999939  0.894282  0.388471  0.921461  1.02047e-06
h 1397   -763989  0.999939  0.893898  0.388471  0.921461  1.04984e-06
h 1398   -763989  0.999939  0.893859  0.388471  0.921461  1.05278e-06
h 1399   -763989  0.999939  0.893868  0.388471  0.921461  1.05214e-06
h 1402   -763989  0.999939  0.893873  0.388471  0.921461  1.05175e-06
h 1403   -763989  0.999939  0.893902  0.388471  0.921461  1.04949e-06
h 1404   -763989  0.999939  0.893909  0.388471  0.921461  1.04897e-06
h 1405   -763989  0.999939  0.893918  0.388471  0.921461  1.04829e-06
h 1406   -763989  0.999939  0.893887  0.388471  0.921461  1.05067e-06
h 1407   -763989  0.999939  0.893887  0.388471  0.921461  1.05065e-06
h 1408   -763989  0.999939  0.893885  0.388471  0.921461  1.05081e-06
h 1411   -763989  0.999939  0.893889  0.388471  0.921461  1.05048e-06
h 1412   -763989  0.999939  0.893894  0.388471  0.921461  1.05015e-06
h 1441   -763989  0.999939  0.893722  0.388471  0.921461  1.06329e-06
h 1442   -763989  0.999939  0.893675  0.388471  0.921461  1.06685e-06
h 1446   -763989  0.999939  0.893862  0.388471  0.921461  1.05259e-06
h 1447   -763989  0.999939  0.893871  0.388471  0.921461  1.05185e-06
h 1448   -763989  0.999939  0.893848  0.388471  0.921461  1.05367e-06
h 1449   -763989  0.999939  0.89377  0.388471  0.921461  1.0596e-06
h 1450   -763989  0.999939  0.893804  0.388471  0.921461  1.05703e-06
h 1461   -763989  0.999939  0.893819  0.388471  0.921461  1.05586e-06
h 1462   -763989  0.999939  0.893792  0.388471  0.921461  1.05791e-06
h 1472   -763989  0.999939  0.893871  0.388471  0.921461  1.05191e-06
h 1473   -763989  0.999939  0.893857  0.388471  0.921461  1.05292e-06
h 1480   -763989  0.999939  0.893555  0.388471  0.921461  1.07599e-06
h 1481   -763989  0.999939  0.893477  0.388471  0.921461  1.08199e-06
h 1510   -763989  0.999939  0.89371  0.388471  0.921461  1.06415e-06
h 1511   -763989  0.999939  0.893753  0.388471  0.921461  1.06089e-06
h 1516   -763989  0.999939  0.893818  0.388471  0.921461  1.05596e-06
h 1517   -763989  0.999939  0.89384  0.388471  0.921461  1.05424e-06
h 1518   -763989  0.999939  0.893175  0.388471  0.921461  1.10502e-06
h 1519   -763989  0.999939  0.893308  0.388471  0.921461  1.09487e-06
h 1522   -763989  0.999939  0.893542  0.388471  0.921461  1.07705e-06
h 1523   -763989  0.999939  0.89339  0.388471  0.921461  1.08865e-06
h 1524   -763989  0.999939  0.893403  0.388471  0.921461  1.08762e-06
h 1525   -763989  0.999939  0.89365  0.388471  0.921461  1.0688e-06
h 1526   -763989  0.999939  0.89365  0.388471  0.921461  1.06877e-06
h 1529   -763989  0.999939  0.893516  0.388471  0.921461  1.079e-06
h 1530   -763989  0.999939  0.893593  0.388471  0.921461  1.07312e-06
h 1531   -763989  0.999939  0.887759  0.388471  0.921461  1.51881e-06
h 1532   -763989  0.999939  0.889104  0.388471  0.921461  1.41603e-06
h 1533   -763989  0.999939  0.890012  0.388471  0.921461  1.34671e-06
h 1534   -763989  0.999939  0.889717  0.388471  0.921461  1.36919e-06
h 1539   -763989  0.999939  0.892677  0.388471  0.921461  1.1431e-06
h 1540   -763989  0.999939  0.892888  0.388471  0.921461  1.127e-06
h 1545   -763989  0.999939  0.88803  0.388471  0.921461  1.49809e-06
h 1546   -763989  0.999939  0.888903  0.388471  0.921461  1.43143e-06
h 1552   -763989  0.999939  0.890328  0.388471  0.921461  1.32252e-06
h 1553   -763989  0.999939  0.890891  0.388471  0.921461  1.2795e-06
h 1556   -763989  0.999939  0.89228  0.388471  0.921461  1.17343e-06
h 1557   -763989  0.999939  0.891416  0.388471  0.921461  1.23945e-06
h 1558   -763989  0.999939  0.891618  0.388471  0.921461  1.22401e-06
h 1559   -763989  0.999939  0.892586  0.388471  0.921461  1.15006e-06
h 1560   -763989  0.999939  0.892457  0.388471  0.921461  1.15992e-06
h 1563   -763989  0.999939  0.891781  0.388471  0.921461  1.21151e-06
h 1564   -763989  0.999939  0.892132  0.388471  0.921461  1.18472e-06
h 1594   -763989  0.999939  0.894204  0.388471  0.921461  1.02643e-06
h 1595   -763989  0.999939  0.894164  0.388471  0.921461  1.02951e-06
h 1596   -763989  0.999939  0.894173  0.388471  0.921461  1.02885e-06
h 1600   -763989  0.999939  0.89481  0.388471  0.921461  9.8016e-07
h 1601   -763989  0.999939  0.894618  0.388471  0.921461  9.94808e-07
h 1602   -763989  0.999939  0.894394  0.388471  0.921461  1.01192e-06
h 1603   -763989  0.999939  0.894313  0.388471  0.921461  1.01811e-06
h 1604   -763989  0.999939  0.894459  0.388471  0.921461  1.00701e-06
h 1611   -763989  0.999939  0.894293  0.388471  0.921461  1.01967e-06
h 1612   -763989  0.999939  0.894327  0.388471  0.921461  1.01705e-06
h 1613   -763989  0.999939  0.894403  0.388471  0.921461  1.01126e-06
h 1614   -763989  0.999939  0.894394  0.388471  0.921461  1.01193e-06
h 1616   -763989  0.999939  0.895011  0.388471  0.921461  9.64811e-07
h 1617   -763990  0.999939  0.901102  0.388471  0.921461  4.99508e-07
h 1618   -763990  0.999939  0.899189  0.388471  0.921461  6.45662e-07
h 1619   -763990  0.999939  0.897438  0.388471  0.921461  7.79443e-07
h 1623   -763989  0.999939  0.895884  0.388471  0.921461  8.9808e-07
h 1624   -763989  0.999939  0.895351  0.388471  0.921461  9.38831e-07
h 1630   -763989  0.999939  0.896547  0.388471  0.921461  8.47474e-07
h 1631   -763989  0.999939  0.895771  0.388471  0.921461  9.06712e-07
h 1632   -763989  0.999939  0.89105  0.388471  0.921461  1.26741e-06
h 1637   -763989  0.999939  0.895163  0.388471  0.921461  9.53189e-07
h 1638   -763989  0.999939  0.894942  0.388471  0.921461  9.70104e-07
h 1657   -763989  0.999939  0.894201  0.388471  0.921461  1.02667e-06
h 1658   -763989  0.999939  0.894229  0.388471  0.921461  1.02457e-06
h 1659   -763989  0.999939  0.894257  0.388471  0.921461  1.02241e-06
h 1669   -763989  0.999939  0.894459  0.388471  0.921461  1.00698e-06
h 1670   -763989  0.999939  0.894532  0.388471  0.921461  1.00137e-06
h 1673   -763989  0.999939  0.894671  0.388471  0.921461  9.9076e-07
h 1674   -763989  0.999939  0.89457  0.388471  0.921461  9.98504e-07
h 1675   -763989  0.999939  0.894603  0.388471  0.921461  9.96003e-07
h 1676   -763989  0.999939  0.894931  0.388471  0.921461  9.70925e-07
h 1677   -763989  0.999939  0.894861  0.388471  0.921461  9.76286e-07
h 1680   -763989  0.999939  0.89471  0.388471  0.921461  9.87805e-07
h 1681   -763989  0.999939  0.894828  0.388471  0.921461  9.78759e-07
h 1682   -763989  0.999939  0.894308  0.388471  0.921461  1.01853e-06
h 1683   -763989  0.999939  0.894354  0.388471  0.921461  1.015e-06
h 1686   -763990  0.999939  0.899549  0.388471  0.921461  6.1814e-07
h 1687   -763990  0.999939  0.898109  0.388471  0.921461  7.28177e-07
h 1688   -763990  0.999939  0.897443  0.388471  0.921461  7.79055e-07
h 1689   -763990  0.999939  0.897856  0.388471  0.921461  7.47474e-07
h 1694   -763989  0.999939  0.895113  0.388471  0.921461  9.57022e-07
h 1695   -763989  0.999939  0.895305  0.388471  0.921461  9.42349e-07
h 1700   -763990  0.999939  0.898734  0.388471  0.921461  6.80423e-07
h 1701   -763990  0.999939  0.899633  0.388471  0.921461  6.11716e-07
h 1702   -763989  0.999939  0.895575  0.388471  0.921461  9.2169e-07
h 1703   -763989  0.999939  0.895327  0.388471  0.921461  9.407e-07
h 1704   -763989  0.999939  0.89547  0.388471  0.921461  9.29709e-07
h 1705   -763989  0.999939  0.896371  0.388471  0.921461  8.60875e-07
h 1706   -763989  0.999939  0.89614  0.388471  0.921461  8.78588e-07
h 1709   -763989  0.999939  0.895784  0.388471  0.921461  9.0576e-07
h 1710   -763989  0.999939  0.896101  0.388471  0.921461  8.81569e-07
h 1713   -763989  0.999939  0.896883  0.388471  0.921461  8.2184e-07
h 1714   -763990  0.999939  0.897404  0.388471  0.921461  7.8199e-07
h 1759   -763989  0.999939  0.894208  0.388471  0.921461  1.02615e-06
h 1760   -763989  0.999939  0.894236  0.388471  0.921461  1.02403e-06
SolidID  2745   14 
h 321   -763989  0.999939  0.893998  0.921461  0.388471  1.04218e-06
h 322   -763989  0.999939  0.893999  0.921461  0.388471  1.0421e-06
h 323   -763989  0.999939  0.894012  0.921461  0.388471  1.0411e-06
h 324   -763989  0.999939  0.894002  0.921461  0.388471  1.04187e-06
h 325   -763989  0.999939  0.894007  0.921461  0.388471  1.04149e-06
h 326   -763989  0.999939  0.894009  0.921461  0.388471  1.04132e-06
h 327   -763989  0.999939  0.894004  0.921461  0.388471  1.0417e-06
h 328   -763989  0.999939  0.894013  0.921461  0.388471  1.04104e-06
h 329   -763989  0.999939  0.894019  0.921461  0.388471  1.04059e-06
h 330   -763989  0.999939  0.893998  0.921461  0.388471  1.04217e-06
h 331   -763989  0.999939  0.894024  0.921461  0.388471  1.04021e-06
h 332   -763989  0.999939  0.893992  0.921461  0.388471  1.04262e-06
h 333   -763989  0.999939  0.894027  0.921461  0.388471  1.03996e-06
h 334   -763989  0.999939  0.893987  0.921461  0.388471  1.04299e-06
E_DATA
B_MESH_DATA
Dim 2 
NumPts 409 
NumElems 623 
1   0.00734561   0.0237364    0
2   0.00736845   0.0236216    0
3   0.00679129   0.0235068    0
4   0.00728058   0.0238337    0
5   0.00685632   0.0234094    0
6   0.00718325   0.0238987    0
7   0.00706845   0.0239216    0
8   0.00695364   0.0233444    0
9   0.00706845   0.0233216    0
10   0.00695364   0.0238987    0
11   0.00685632   0.0238337    0
12   0.00718325   0.0233444    0
13   0.00679129   0.0237364    0
14   0.00728058   0.0234094    0
15   0.00676845   0.0236216    0
16   0.00734561   0.0235068    0
17   0.00762088   0.0217792    0
18   0.00635328   0.0254679    0
19   0.00563812   0.0270143    0
20   0.00711162   0.0267369    0
21   0.00793285   0.0251466    0
22   0.005173   0.0293375    0
23   0.0035477   0.0293651    0
24   0.00348727   0.0307955    0
25   0.00459291   0.0281897    0
26   0.00421266   0.0271778    0
27   0.0123354   0.0149897    0
28   0.0114139   0.0146012    0
29   0.0115888   0.0159506    0
30   0.00624844   0.0220829    0
31   0.00859557   0.0199992    0
32   0.00710703   0.0203123    0
33   0.00484347   0.0314567    0
34   0.00364447   0.0330304    0
35   0.00663116   0.0278766    0
36   0.0063986   0.0290382    0
37   0.00876686   0.023082    0
38   0.00939184   0.0213282    0
39   0.00582223   0.0230041    0
40   0.00464507   0.0261521    0
41   0.00525417   0.0245618    0
42   0.00831974   0.0166411    0
43   0.0089509   0.0175671    0
44   0.00969034   0.0166078    0
45   0.0105805   0.0177141    0
46   0.0110846   0.0168323    0
47   0.00270483   0.0300941    0
48   0.00516543   0.032632    0
49   0.00877324   0.0187832    0
50   0.0101078   0.01963    0
51   0.00765594   0.0182157    0
52   0.00967686   0.0182486    0
53   0.0103441   0.018672    0
54   0.0111002   0.0184874    0
55   0.0119424   0.0166468    0
56   0.00264441   0.0315245    0
57   0.00180155   0.0322535    0
58   0.00272301   0.0326419    0
59   0.00160139   0.0314411    0
60   0.00202282   0.0310766    0
61   0.00140124   0.0306288    0
62   0.00192239   0.0293926    0
63   0.00166182   0.0300107    0
64   0.0100914   0.0154102    0
65   0.0104924   0.0142127    0
66   0.0088002   0.0155015    0
67   0.00918559   0.0146629    0
68   0.00816904   0.0145755    0
69   0.00957097   0.0138242    0
70   0.00792881   0.0151453    0
71   0.0125678   0.0157255    0
72   0.0132568   0.0153781    0
73   0.00273504   0.0293789    0
74   0.00347385   0.0282783    0
75   0.0023548   0.0283669    0
76   0.00974981   0.0204791    0
77   0.0108639   0.0194454    0
78   0.00114066   0.0312469    0
79   0.000880084   0.031865    0
80   0.00840928   0.0140056    0
81   0.00834986   0.0241143    0
82   0.00736791   0.0277378    0
83   0.00752224   0.0259417    0
84   0.00784837   0.0265982    0
85   0.00810467   0.0275991    0
86   0.00825899   0.025803    0
87   0.00906558   0.0253198    0
88   0.00858512   0.0264595    0
89   0.0130285   0.0159197    0
90   0.0128002   0.0164613    0
91   0.0021386   0.0288798    0
92   0.00349994   0.0272595    0
93   0.00313053   0.0278098    0
94   0.00278721   0.0273413    0
95   0.00393235   0.0262338    0
96   0.00321962   0.0263156    0
97   0.00257101   0.0278541    0
98   0.0104874   0.0203383    0
99   0.0112251   0.0201975    0
100   0.0114225   0.0197291    0
101   0.01162   0.0192607    0
102   0.00899012   0.0139149    0
103   0.00864951   0.0134358    0
104   0.00911024   0.01363    0
105   0.00134081   0.0320592    0
106   0.00556222   0.0222348    0
107   0.00738148   0.019264    0
108   0.00667774   0.0211976    0
109   0.00636276   0.0204689    0
110   0.00712769   0.0283077    0
111   0.00701141   0.0288885    0
112   0.00762421   0.0287388    0
113   0.00456593   0.0334189    0
114   0.00532641   0.0332197    0
115   0.00584353   0.0329626    0
116   0.00548739   0.0338074    0
117   0.0058644   0.0303053    0
118   0.00569963   0.0313649    0
119   0.00543253   0.0319984    0
120   0.00619966   0.0321178    0
121   0.00665527   0.0297332    0
122   0.00691194   0.0304283    0
123   0.00726807   0.0295835    0
124   0.00924527   0.0160546    0
125   0.00855997   0.0160713    0
126   0.00768858   0.0157151    0
127   0.00800416   0.0161781    0
128   0.00798784   0.0174284    0
129   0.00734036   0.0177527    0
130   0.00907935   0.0222051    0
131   0.00915645   0.0236311    0
132   0.010111   0.0212312    0
133   0.0108302   0.0211342    0
134   0.00605524   0.0241977    0
135   0.0055382   0.0237829    0
136   0.00519612   0.0230583    0
137   0.00487601   0.0223866    0
138   0.00430155   0.0253581    0
139   0.0046061   0.0245629    0
140   0.00395802   0.0245641    0
141   0.00870772   0.024717    0
142   0.00954604   0.0241802    0
143   0.00930581   0.02475    0
144   0.00786444   0.0281689    0
145   0.00882535   0.0258896    0
146   0.00834489   0.0270293    0
147   0.00343582   0.0258027    0
148   0.00365203   0.0252899    0
149   0.00300341   0.0268284    0
150   0.0110276   0.0206658    0
151   0.00506163   0.0219463    0
152   0.00524725   0.021506    0
153   0.00596249   0.0213518    0
154   0.00561849   0.0206254    0
155   0.00668561   0.0195044    0
156   0.00598973   0.0197448    0
157   0.00543287   0.0210657    0
158   0.00617535   0.0193045    0
159   0.00636098   0.0188642    0
160   0.00580411   0.0201851    0
161   0.00563803   0.0324805    0
162   0.00637773   0.0316954    0
163   0.0065558   0.0312731    0
164   0.00566546   0.033385    0
165   0.00744614   0.0291612    0
166   0.00602159   0.0325402    0
167   0.00709   0.0300059    0
168   0.0062101   0.0307892    0
169   0.00752263   0.0161088    0
170   0.00735668   0.0165024    0
171   0.00703718   0.0186705    0
172   0.00669288   0.0180769    0
173   0.00767226   0.0169654    0
174   0.00702478   0.0172897    0
175   0.00685883   0.0176833    0
176   0.00979424   0.0220504    0
177   0.0105091   0.0218957    0
178   0.00947321   0.0228119    0
179   0.00986707   0.0234187    0
180   0.0101881   0.0226572    0
181   0.0103486   0.0222764    0
182   0.0100276   0.0230379    0
183   0.00970656   0.0237994    0
184   0.0106697   0.0215149    0
185   0.00380503   0.024927    0
186   0.00472301   0.0227495    0
187   0.00457001   0.0231124    0
188   0.00490111   0.0238106    0
189   0.00507764   0.0241862    0
190   0.0047536   0.0241868    0
191   0.00426402   0.0238382    0
192   0.00411102   0.0242012    0
193   0.00673387   0.0308507    0
194   0.00652693   0.0184706    0
195   0.00719073   0.016896    0
196   0.00441701   0.0234753    0
197   0.0113953   0.0177876    0
198   0.0109821   0.0189664    0
199   0.0113601   0.0188741    0
200   0.0116688   0.0172172    0
201   0.0125051   0.0171612    0
202   0.0122551   0.0161862    0
203   0.0123713   0.0165541    0
204   0.0116552   0.0181742    0
205   0.011915   0.0185609    0
206   0.0120625   0.018211    0
207   0.0122101   0.017861    0
208   0.0119395   0.0175391    0
209   0.0117675   0.0189108    0
210   0.0123576   0.0175111    0
211   0.0126526   0.0168112    0
212   0.0312115   0.00278343    0
213   0.0314379   0.00458716    0
214   0.0330304   0.00364447    0
215   0.0146012   0.0114139    0
216   0.0149897   0.0123354    0
217   0.0159506   0.0115888    0
218   0.019467   0.00995293    0
219   0.0196732   0.00828589    0
220   0.0175671   0.0089509    0
221   0.0158899   0.00972167    0
222   0.0174433   0.0106946    0
223   0.0164062   0.00841878    0
224   0.018364   0.00770486    0
225   0.0220829   0.00624844    0
226   0.0217792   0.00762088    0
227   0.0240915   0.00687033    0
228   0.0201493   0.00695219    0
229   0.0229797   0.00858346    0
230   0.0241358   0.00820819    0
231   0.0214567   0.00922553    0
232   0.0257115   0.00663038    0
233   0.0273315   0.00639043    0
234   0.0259242   0.00515665    0
235   0.0293375   0.005173    0
236   0.0305009   0.00578195    0
237   0.0283345   0.00578171    0
238   0.0279345   0.00415079    0
239   0.0290382   0.0063986    0
240   0.0280351   0.00700732    0
241   0.027633   0.00527061    0
242   0.0269294   0.00465372    0
243   0.023239   0.00587317    0
244   0.0245816   0.00551491    0
245   0.0293651   0.0035477    0
246   0.0303021   0.00235291    0
247   0.0264895   0.00743741    0
248   0.0257539   0.00774752    0
249   0.0248406   0.00462357    0
250   0.0260145   0.00419297    0
251   0.0286636   0.00303659    0
252   0.027233   0.00363968    0
253   0.0234534   0.00510453    0
254   0.0230272   0.00460595    0
255   0.0223866   0.00487601    0
256   0.0236678   0.00433588    0
257   0.0322535   0.00180155    0
258   0.0314411   0.00160139    0
259   0.0306288   0.00140124    0
260   0.0300107   0.00166182    0
261   0.0293926   0.00192239    0
262   0.0328831   0.0047918    0
263   0.0338074   0.00548739    0
264   0.0320868   0.00526315    0
265   0.0327358   0.00593914    0
266   0.0322   0.00616502    0
267   0.0173814   0.0115665    0
268   0.016635   0.0120136    0
269   0.0173194   0.0124384    0
270   0.0156692   0.0125915    0
271   0.0153781   0.0132568    0
272   0.0163488   0.0128476    0
273   0.0204618   0.00958923    0
274   0.0184551   0.0103238    0
275   0.0193639   0.0107865    0
276   0.0152456   0.0105678    0
277   0.0142127   0.0104924    0
278   0.014664   0.00974365    0
279   0.0138242   0.00957097    0
280   0.0151152   0.00899488    0
281   0.0144697   0.00928292    0
282   0.0143405   0.00826809    0
283   0.0139528   0.00896622    0
284   0.01363   0.00911024    0
285   0.0134358   0.00864951    0
286   0.0173109   0.00803736    0
287   0.0312469   0.00114066    0
288   0.031865   0.000880084    0
289   0.0332716   0.00571326    0
290   0.0178048   0.0122338    0
291   0.0182901   0.0120292    0
292   0.0168341   0.012643    0
293   0.0183726   0.0111765    0
294   0.0192607   0.01162    0
295   0.0158635   0.0130522    0
296   0.0203296   0.0104072    0
297   0.0201975   0.0112251    0
298   0.0197291   0.0114225    0
299   0.0320592   0.00134081    0
300   0.0167305   0.0077713    0
301   0.0170547   0.00712382    0
302   0.01615   0.00750524    0
303   0.0177094   0.00741434    0
304   0.0138881   0.0084588    0
305   0.0157607   0.00870683    0
306   0.0151802   0.00844077    0
307   0.0152453   0.00788666    0
308   0.0156976   0.00769595    0
309   0.0192566   0.00732852    0
310   0.0222348   0.00556222    0
311   0.0195068   0.00665658    0
312   0.0211161   0.00660032    0
313   0.0203874   0.00628534    0
314   0.0197448   0.00598973    0
315   0.0249227   0.00730893    0
316   0.0249449   0.00797785    0
317   0.0235799   0.00906475    0
318   0.0241802   0.00954604    0
319   0.024158   0.00887711    0
320   0.0222182   0.00890449    0
321   0.0220569   0.00970682    0
322   0.0212954   0.0100278    0
323   0.0218957   0.0105091    0
324   0.0211342   0.0108302    0
325   0.0272623   0.00722236    0
326   0.0268786   0.00784092    0
327   0.026143   0.00815104    0
328   0.026532   0.00855455    0
329   0.0288885   0.00701141    0
330   0.028387   0.00731576    0
331   0.0287388   0.00762421    0
332   0.0312939   0.00552255    0
333   0.0316642   0.00639089    0
334   0.0297695   0.00609028    0
335   0.0303512   0.00639475    0
336   0.0187754   0.0118246    0
337   0.0206658   0.0110276    0
338   0.0175071   0.00693311    0
339   0.0179595   0.0067424    0
340   0.0166024   0.00731453    0
341   0.0147929   0.00807738    0
342   0.0186081   0.00703546    0
343   0.0188642   0.00636098    0
344   0.0219463   0.00506163    0
345   0.021506   0.00524725    0
346   0.0213111   0.00592378    0
347   0.0206254   0.00561849    0
348   0.0193045   0.00617535    0
349   0.0210657   0.00543287    0
350   0.0201851   0.00580411    0
351   0.0253706   0.00842126    0
352   0.0257964   0.00886466    0
353   0.0253923   0.00903501    0
354   0.0247643   0.00864919    0
355   0.0249883   0.00920535    0
356   0.0245842   0.0093757    0
357   0.0222764   0.0103486    0
358   0.0226572   0.0101881    0
359   0.0228184   0.00938578    0
360   0.0234187   0.00986707    0
361   0.0230379   0.0100276    0
362   0.0237994   0.00970656    0
363   0.0215149   0.0106697    0
364   0.0268998   0.00839949    0
365   0.0272676   0.00824444    0
366   0.0261642   0.00870961    0
367   0.028371   0.00777927    0
368   0.0280032   0.00793432    0
369   0.0276328   0.00757834    0
370   0.0276354   0.00808938    0
371   0.0311134   0.00611088    0
372   0.0309329   0.00669922    0
373   0.0291045   0.00747004    0
374   0.0294701   0.00731588    0
375   0.0312985   0.00654506    0
376   0.0305672   0.00685339    0
377   0.0302015   0.00700755    0
378   0.0296198   0.00670308    0
379   0.0298358   0.00716171    0
380   0.024147   0.00486405    0
381   0.0266238   0.00391633    0
382   0.0254276   0.00440827    0
383   0.0255571   0.0039626    0
384   0.0249701   0.0041779    0
385   0.0243837   0.00403406    0
386   0.0250997   0.00373223    0
387   0.0268823   0.00338413    0
388   0.0293789   0.00273504    0
389   0.0279483   0.00333813    0
390   0.0283128   0.00278104    0
391   0.0326419   0.00272301    0
392   0.0184119   0.00655169    0
393   0.0242654   0.00444905    0
394   0.0254576   0.00358132    0
395   0.0258156   0.0034304    0
396   0.0262197   0.00367336    0
397   0.0265315   0.00312857    0
398   0.0261736   0.00327949    0
399   0.0247417   0.00388314    0
400   0.0290281   0.00247949    0
401   0.0286774   0.00222394    0
402   0.0268892   0.0029778    0
403   0.0272468   0.00282703    0
404   0.029035   0.00207316    0
405   0.0275976   0.00308258    0
406   0.0279621   0.00252548    0
407   0.0276044   0.00267626    0
408   0.0283197   0.00237471    0
409   0.0240257   0.00418497    0
321  2745  1  2  3 
322  2745  4  1  3 
323  2745  5  3  2 
324  2745  4  3  6 
325  2745  7  6  3 
326  2745  8  5  2 
327  2745  8  2  9 
328  2745  7  3  10 
329  2745  10  3  11 
330  2745  12  9  2 
331  2745  13  11  3 
332  2745  14  12  2 
333  2745  15  13  3 
334  2745  16  14  2 
319  2373  12  17  9 
320  2373  14  17  12 
357  2373  18  7  10 
358  2373  19  20  18 
359  2373  21  4  6 
360  2373  7  18  21 
361  2373  21  6  7 
365  2373  22  23  24 
368  2373  25  23  22 
369  2373  19  26  25 
371  2373  27  28  29 
385  2373  30  8  9 
386  2373  9  17  30 
390  2373  31  32  17 
392  2373  24  33  22 
393  2373  33  24  34 
396  2373  19  35  20 
397  2373  35  19  25 
398  2373  25  22  36 
399  2373  36  35  25 
417  2373  37  17  14 
418  2373  14  16  37 
420  2373  38  31  17 
431  2373  39  15  3 
432  2373  39  3  5 
433  2373  39  5  8 
434  2373  8  30  39 
435  2373  19  40  26 
436  2373  40  19  18 
437  2373  18  41  40 
457  2373  42  43  44 
458  2373  45  46  44 
475  2373  47  24  23 
515  2373  48  33  34 
528  2373  49  31  50 
529  2373  49  43  51 
530  2373  52  49  50 
531  2373  49  52  43 
532  2373  52  45  44 
533  2373  44  43  52 
534  2373  53  45  52 
535  2373  50  53  52 
536  2373  54  45  53 
540  2373  46  55  29 
549  2373  56  57  58 
550  2373  56  24  47 
551  2373  34  24  56 
552  2373  56  58  34 
553  2373  59  57  56 
570  2373  60  56  47 
571  2373  60  61  59 
572  2373  56  60  59 
573  2373  62  63  47 
575  2373  63  61  60 
576  2373  60  47  63 
608  2373  46  29  64 
609  2373  64  44  46 
610  2373  28  65  64 
611  2373  64  29  28 
612  2373  66  67  68 
613  2373  67  66  64 
614  2373  65  69  67 
615  2373  67  64  65 
626  2373  68  70  66 
634  2373  71  27  29 
635  2373  27  71  72 
647  2373  23  73  47 
648  2373  73  62  47 
652  2373  25  74  23 
653  2373  74  25  26 
654  2373  73  23  74 
655  2373  74  75  73 
702  2373  38  76  31 
703  2373  76  50  31 
735  2373  50  77  53 
792  2373  78  79  59 
793  2373  61  78  59 
796  2373  80  68  67 
799  2373  4  21  81 
800  2373  81  1  4 
801  2373  2  1  81 
802  2373  16  2  81 
803  2373  81  37  16 
805  2373  35  82  20 
811  2373  83  21  18 
812  2373  20  83  18 
813  2373  20  84  83 
814  2373  84  20  82 
815  2373  82  85  84 
816  2373  21  86  87 
817  2373  86  21  83 
818  2373  86  83  84 
819  2373  84  88  86 
826  2373  89  72  71 
827  2373  90  89  71 
839  2373  91  62  73 
840  2373  75  91  73 
843  2373  26  92  74 
844  2373  74  93  75 
845  2373  93  74  92 
846  2373  94  93  92 
847  2373  40  95  26 
848  2373  92  26  95 
849  2373  95  96  92 
852  2373  97  75  93 
853  2373  94  97  93 
906  2373  76  98  50 
907  2373  77  50  98 
908  2373  98  99  77 
919  2373  100  101  77 
920  2373  99  100  77 
921  2373  80  102  103 
922  2373  102  80  67 
923  2373  69  102  67 
925  2373  104  103  102 
926  2373  69  104  102 
931  2373  105  57  59 
932  2373  79  105  59 
980  2373  30  106  39 
988  2373  107  32  31 
989  2373  49  51  107 
990  2373  107  31  49 
991  2373  32  108  17 
992  2373  108  30  17 
1014  2373  32  109  108 
1024  2373  110  35  36 
1025  2373  35  110  82 
1026  2373  111  112  110 
1027  2373  36  111  110 
1029  2373  34  113  48 
1032  2373  48  114  115 
1033  2373  114  48  113 
1034  2373  116  114  113 
1035  2373  117  22  33 
1036  2373  36  22  117 
1037  2373  33  118  117 
1038  2373  48  119  33 
1039  2373  119  118  33 
1040  2373  118  119  120 
1049  2373  121  36  117 
1050  2373  122  121  117 
1051  2373  111  36  121 
1052  2373  121  123  111 
1072  2373  44  124  42 
1073  2373  124  44  64 
1074  2373  66  124  64 
1075  2373  66  125  124 
1076  2373  125  42  124 
1077  2373  125  66  70 
1078  2373  70  126  125 
1079  2373  127  42  125 
1080  2373  126  127  125 
1087  2373  42  128  43 
1088  2373  128  51  43 
1091  2373  129  51  128 
1096  2373  37  130  17 
1097  2373  130  38  17 
1106  2373  131  37  81 
1120  2373  38  132  76 
1121  2373  132  133  98 
1122  2373  98  76  132 
1200  2373  134  11  13 
1201  2373  134  41  18 
1202  2373  134  18  10 
1203  2373  10  11  134 
1204  2373  134  13  15 
1205  2373  135  41  134 
1206  2373  135  134  15 
1207  2373  15  39  135 
1208  2373  39  136  135 
1209  2373  106  137  136 
1210  2373  136  39  106 
1211  2373  138  40  41 
1212  2373  95  40  138 
1217  2373  41  139  138 
1218  2373  139  140  138 
1219  2373  87  141  21 
1220  2373  141  81  21 
1221  2373  141  142  131 
1222  2373  131  81  141 
1225  2373  143  142  141 
1226  2373  87  143  141 
1227  2373  144  85  82 
1230  2373  144  82  110 
1231  2373  110  112  144 
1232  2373  145  87  86 
1233  2373  88  145  86 
1239  2373  146  88  84 
1240  2373  85  146  84 
1247  2373  147  96  95 
1250  2373  147  95  138 
1251  2373  138  148  147 
1252  2373  149  94  92 
1253  2373  96  149  92 
1265  2373  150  99  98 
1266  2373  133  150  98 
1297  2373  151  137  106 
1298  2373  152  151  106 
1310  2373  108  153  30 
1311  2373  106  30  153 
1312  2373  153  152  106 
1313  2373  109  154  153 
1314  2373  153  108  109 
1315  2373  107  155  32 
1316  2373  109  32  155 
1317  2373  155  156  109 
1324  2373  157  152  153 
1325  2373  154  157  153 
1328  2373  158  156  155 
1329  2373  159  158  155 
1344  2373  160  154  109 
1345  2373  156  160  109 
1359  2373  115  161  48 
1360  2373  161  119  48 
1361  2373  119  161  120 
1365  2373  162  163  118 
1366  2373  120  162  118 
1370  2373  164  115  114 
1371  2373  116  164  114 
1378  2373  165  112  111 
1379  2373  123  165  111 
1384  2373  166  120  161 
1385  2373  115  166  161 
1386  2373  167  123  121 
1387  2373  122  167  121 
1390  2373  117  168  122 
1391  2373  163  168  118 
1392  2373  168  117  118 
1413  2373  169  170  127 
1414  2373  126  169  127 
1417  2373  171  107  51 
1418  2373  171  51  129 
1419  2373  129  172  171 
1420  2373  155  107  171 
1421  2373  171  159  155 
1427  2373  173  128  42 
1428  2373  173  42  127 
1429  2373  127  170  173 
1430  2373  173  174  129 
1431  2373  129  128  173 
1437  2373  175  172  129 
1438  2373  174  175  129 
1451  2373  130  176  38 
1452  2373  132  38  176 
1453  2373  176  177  132 
1454  2373  178  130  37 
1455  2373  178  37  131 
1456  2373  131  179  178 
1457  2373  178  180  176 
1458  2373  176  130  178 
1464  2373  181  177  176 
1465  2373  180  181  176 
1470  2373  182  180  178 
1471  2373  179  182  178 
1476  2373  183  179  131 
1477  2373  142  183  131 
1485  2373  184  133  132 
1486  2373  177  184  132 
1567  2373  185  148  138 
1568  2373  140  185  138 
1569  2373  186  187  136 
1570  2373  137  186  136 
1573  2373  188  135  136 
1574  2373  136  187  188 
1575  2373  188  189  135 
1576  2373  189  41  135 
1577  2373  41  189  139 
1578  2373  190  188  191 
1579  2373  190  139  189 
1580  2373  188  190  189 
1581  2373  192  140  139 
1582  2373  190  191  192 
1583  2373  192  139  190 
1641  2373  193  122  168 
1642  2373  163  193  168 
1645  2373  194  159  171 
1646  2373  172  194  171 
1649  2373  195  174  173 
1650  2373  170  195  173 
1653  2373  196  191  188 
1654  2373  187  196  188 
1725  2373  45  197  46 
1726  2373  197  45  54 
1732  2373  77  198  53 
1733  2373  198  54  53 
1734  2373  198  77  101 
1735  2373  199  54  198 
1736  2373  101  199  198 
1737  2373  197  200  46 
1738  2373  200  55  46 
1739  2373  201  55  200 
1743  2373  71  202  90 
1744  2373  202  71  29 
1745  2373  55  202  29 
1746  2373  203  55  201 
1747  2373  55  203  202 
1748  2373  203  90  202 
1763  2373  204  197  54 
1764  2373  204  54  199 
1765  2373  199  205  204 
1768  2373  206  207  204 
1769  2373  205  206  204 
1770  2373  208  200  197 
1771  2373  200  208  201 
1772  2373  204  207  208 
1773  2373  208  197  204 
1778  2373  209  205  199 
1779  2373  101  209  199 
1783  2373  210  201  208 
1784  2373  207  210  208 
1787  2373  211  90  203 
1788  2373  201  211  203 
364  2424  212  213  214 
370  2424  215  216  217 
374  2424  218  219  220 
375  2424  220  221  222 
376  2424  217  222  221 
377  2424  220  223  221 
383  2424  219  224  220 
384  2424  225  226  227 
389  2424  228  219  226 
410  2424  226  229  227 
411  2424  230  227  229 
419  2424  231  226  219 
425  2424  232  233  234 
428  2424  235  236  213 
441  2424  237  235  238 
442  2424  235  237  239 
443  2424  240  239  237 
444  2424  237  233  240 
445  2424  233  241  234 
446  2424  238  241  237 
447  2424  241  233  237 
448  2424  242  234  241 
449  2424  238  242  241 
450  2424  227  243  225 
451  2424  244  243  227 
452  2424  244  227  232 
453  2424  232  234  244 
471  2424  235  245  238 
472  2424  245  235  213 
473  2424  213  212  245 
474  2424  212  246  245 
517  2424  232  247  233 
518  2424  232  248  247 
523  2424  249  244  234 
524  2424  242  250  234 
525  2424  245  251  238 
526  2424  238  252  242 
541  2424  253  243  244 
544  2424  254  255  253 
545  2424  256  254  253 
546  2424  257  258  212 
547  2424  246  212  258 
548  2424  258  259  246 
566  2424  260  261  246 
567  2424  259  260  246 
637  2424  214  262  263 
638  2424  262  214  213 
643  2424  213  264  262 
644  2424  264  265  262 
646  2424  266  265  264 
674  2424  267  222  217 
675  2424  217  268  267 
676  2424  268  269  267 
682  2424  216  270  217 
683  2424  270  216  271 
684  2424  268  217  270 
685  2424  270  272  268 
700  2424  218  273  219 
701  2424  273  231  219 
732  2424  274  218  220 
733  2424  222  274  220 
734  2424  275  218  274 
736  2424  215  276  277 
737  2424  276  215  217 
738  2424  221  276  217 
739  2424  277  278  279 
740  2424  278  277  276 
741  2424  278  276  221 
742  2424  221  280  278 
743  2424  281  280  282 
744  2424  280  281  278 
745  2424  281  279  278 
746  2424  281  283  279 
747  2424  283  281  282 
749  2424  284  279  283 
750  2424  285  284  283 
770  2424  220  286  223 
771  2424  286  220  224 
788  2424  287  259  258 
789  2424  288  287  258 
835  2424  289  263  262 
836  2424  265  289  262 
883  2424  290  291  267 
884  2424  269  290  267 
887  2424  292  269  268 
888  2424  272  292  268 
891  2424  293  274  222 
892  2424  275  274  293 
893  2424  293  294  275 
894  2424  293  222  267 
895  2424  267  291  293 
896  2424  295  272  270 
897  2424  271  295  270 
903  2424  296  273  218 
904  2424  296  218  275 
905  2424  275  297  296 
915  2424  298  297  275 
916  2424  294  298  275 
927  2424  299  288  258 
928  2424  257  299  258 
935  2424  300  286  301 
936  2424  300  302  223 
937  2424  286  300  223 
938  2424  224  303  286 
939  2424  303  301  286 
951  2424  304  285  283 
952  2424  282  304  283 
955  2424  223  305  221 
956  2424  305  280  221 
957  2424  280  306  282 
958  2424  307  306  305 
959  2424  306  280  305 
963  2424  308  307  305 
966  2424  223  302  308 
967  2424  308  305  223 
973  2424  309  224  219 
974  2424  228  309  219 
977  2424  310  225  243 
978  2424  310  243  253 
979  2424  253  255  310 
985  2424  228  311  309 
986  2424  225  312  226 
987  2424  312  228  226 
1011  2424  313  228  312 
1012  2424  311  228  313 
1013  2424  313  314  311 
1057  2424  227  315  232 
1058  2424  315  248  232 
1059  2424  315  227  230 
1060  2424  316  248  315 
1061  2424  230  316  315 
1066  2424  229  317  230 
1067  2424  318  319  317 
1068  2424  319  230  317 
1093  2424  231  320  226 
1094  2424  320  229  226 
1095  2424  231  321  320 
1115  2424  322  231  273 
1116  2424  321  231  322 
1117  2424  322  323  321 
1118  2424  296  324  322 
1119  2424  322  273  296 
1167  2424  247  325  233 
1168  2424  325  240  233 
1169  2424  247  326  325 
1172  2424  248  327  247 
1173  2424  326  247  327 
1174  2424  327  328  326 
1175  2424  329  239  240 
1176  2424  330  331  329 
1177  2424  240  330  329 
1185  2424  236  332  213 
1186  2424  332  264  213 
1187  2424  332  333  266 
1188  2424  266  264  332 
1194  2424  239  334  235 
1195  2424  334  236  235 
1196  2424  335  236  334 
1256  2424  336  294  293 
1257  2424  291  336  293 
1261  2424  337  324  296 
1262  2424  297  337  296 
1271  2424  338  301  303 
1272  2424  339  338  303 
1275  2424  340  302  300 
1276  2424  301  340  300 
1280  2424  341  282  306 
1281  2424  307  341  306 
1284  2424  309  342  224 
1285  2424  342  309  311 
1286  2424  311  343  342 
1287  2424  303  224  342 
1288  2424  342  339  303 
1293  2424  344  345  310 
1294  2424  255  344  310 
1301  2424  346  312  225 
1302  2424  346  347  313 
1303  2424  313  312  346 
1304  2424  346  225  310 
1305  2424  310  345  346 
1306  2424  348  343  311 
1307  2424  314  348  311 
1320  2424  349  347  346 
1321  2424  345  349  346 
1335  2424  350  314  313 
1336  2424  347  350  313 
1397  2424  316  351  248 
1398  2424  351  352  327 
1399  2424  327  248  351 
1402  2424  353  352  351 
1403  2424  354  351  316 
1404  2424  230  319  354 
1405  2424  354  316  230 
1406  2424  354  355  353 
1407  2424  353  351  354 
1408  2424  318  356  319 
1411  2424  356  355  354 
1412  2424  354  319  356 
1441  2424  357  358  321 
1442  2424  323  357  321 
1446  2424  320  359  229 
1447  2424  317  229  359 
1448  2424  359  360  317 
1449  2424  321  358  359 
1450  2424  359  320  321 
1461  2424  361  360  359 
1462  2424  358  361  359 
1472  2424  362  318  317 
1473  2424  360  362  317 
1480  2424  363  323  322 
1481  2424  324  363  322 
1510  2424  364  365  326 
1511  2424  328  364  326 
1516  2424  366  328  327 
1517  2424  352  366  327 
1518  2424  367  331  330 
1519  2424  368  367  330 
1522  2424  325  369  240 
1523  2424  330  240  369 
1524  2424  369  368  330 
1525  2424  326  365  369 
1526  2424  369  325  326 
1529  2424  370  368  369 
1530  2424  365  370  369 
1531  2424  332  371  333 
1532  2424  371  332  236 
1533  2424  371  236  335 
1534  2424  335  372  371 
1539  2424  373  374  329 
1540  2424  331  373  329 
1545  2424  375  333  371 
1546  2424  372  375  371 
1552  2424  376  372  335 
1553  2424  377  376  335 
1556  2424  378  334  239 
1557  2424  378  377  335 
1558  2424  335  334  378 
1559  2424  378  239  329 
1560  2424  329  374  378 
1563  2424  379  377  378 
1564  2424  374  379  378 
1594  2424  249  380  244 
1595  2424  380  253  244 
1596  2424  253  380  256 
1600  2424  252  381  242 
1601  2424  381  250  242 
1602  2424  250  382  234 
1603  2424  382  249  234 
1604  2424  250  383  382 
1611  2424  249  384  385 
1612  2424  384  249  382 
1613  2424  383  386  384 
1614  2424  384  382  383 
1616  2424  252  387  381 
1617  2424  261  388  246 
1618  2424  388  245  246 
1619  2424  245  388  251 
1623  2424  251  389  238 
1624  2424  389  252  238 
1630  2424  251  390  389 
1631  2424  391  257  212 
1632  2424  214  391  212 
1637  2424  392  339  342 
1638  2424  343  392  342 
1657  2424  380  393  256 
1658  2424  393  380  249 
1659  2424  385  393  249 
1669  2424  394  386  383 
1670  2424  395  394  383 
1673  2424  381  396  250 
1674  2424  383  250  396 
1675  2424  396  395  383 
1676  2424  387  397  396 
1677  2424  396  381  387 
1680  2424  398  395  396 
1681  2424  397  398  396 
1682  2424  399  385  384 
1683  2424  386  399  384 
1686  2424  400  388  261 
1687  2424  388  400  251 
1688  2424  390  251  400 
1689  2424  400  401  390 
1694  2424  402  397  387 
1695  2424  403  402  387 
1700  2424  404  401  400 
1701  2424  261  404  400 
1702  2424  389  405  252 
1703  2424  387  252  405 
1704  2424  405  403  387 
1705  2424  390  406  405 
1706  2424  405  389  390 
1709  2424  407  403  405 
1710  2424  406  407  405 
1713  2424  408  406  390 
1714  2424  401  408  390 
1759  2424  409  256  393 
1760  2424  385  409  393 
E_MESH_DATA
