SolidID  6   311 
h  113  -705435 0.999939 0 -1 -0 0
h  114  -705426 0.999939 0 -1 -0 0
h  115  -757895 0.999939 0 -1 -0 0
h  116  -757896 0.999939 0 -1 -0 0
h  117  -757970 0.999939 0 -1 -0 0
h  118  -757974 0.999939 0 -1 -0 0
h  119  -724989 0.999939 0 -1 -0 0
h  120  -724981 0.999939 0 -1 -0 0
h  121  -741192 0.999939 0 -1 -0 0
h  122  -741188 0.999939 0 -1 -0 0
h  123  -762210 0.999939 0 -1 -0 0
h  124  -762217 0.999939 0 -1 -0 0
h  125  -741390 0.999939 0 -1 -0 0
h  126  -741387 0.999939 0 -1 -0 0
h  127  -640626 0.999939 0 -1 -0 0
h  128  -640668 0.999939 0 -1 -0 0
h  129  -640576 0.999939 0 -1 -0 0
h  130  -640594 0.999939 0 -1 -0 0
h  131  -762257 0.999939 0 -1 -0 0
h  132  -762257 0.999939 0 -1 -0 0
h  133  -753374 0.999939 0 -1 -0 0
h  134  -753370 0.999939 0 -1 -0 0
h  135  -753030 0.999939 0 -1 -0 0
h  136  -753032 0.999939 0 -1 -0 0
h  137  -760486 0.999939 0 -1 -0 0
h  138  -760535 0.999939 0 -1 -0 0
h  139  -760491 0.999939 0 -1 -0 0
h  140  -760538 0.999939 0 -1 -0 0
h  141  -756156 0.999939 0 -1 -0 0
h  142  -756163 0.999939 0 -1 -0 0
h  143  -727304 0.999939 0 -1 -0 0
h  144  -727303 0.999939 0 -1 -0 0
h  145  -756612 0.999939 0 -1 -0 0
h  146  -756614 0.999939 0 -1 -0 0
h  147  -762424 0.999939 0 -1 -0 0
h  148  -762427 0.999939 0 -1 -0 0
h  149  -762462 0.999939 0 -1 -0 0
h  150  -762463 0.999939 0 -1 -0 0
h  151  -702591 0.999939 0 -1 -0 0
h  152  -702556 0.999939 0 -1 -0 0
h  153  -749432 0.999939 0 -1 -0 0
h  154  -749415 0.999939 0 -1 -0 0
h  155  -760246 0.999939 0 -1 -0 0
h  156  -760262 0.999939 0 -1 -0 0
h  157  -760276 0.999939 0 -1 -0 0
h  158  -760279 0.999939 0 -1 -0 0
h  159  -650611 0.999939 0 -1 -0 0
h  160  -650606 0.999939 0 -1 -0 0
h  161  -650577 0.999939 0 -1 -0 0
h  162  -650569 0.999939 0 -1 -0 0
h  163  -758764 0.999939 0 -1 -0 0
h  164  -758792 0.999939 0 -1 -0 0
h  165  -758797 0.999939 0 -1 -0 0
h  166  -758795 0.999939 0 -1 -0 0
h  167  -641089 0.999939 0 -1 -0 0
h  168  -641000 0.999939 0 -1 -0 0
h  169  -641099 0.999939 0 -1 -0 0
h  170  -641080 0.999939 0 -1 -0 0
h  171  -637724 0.999939 0 -1 -0 0
h  172  -637642 0.999939 0 -1 -0 0
h  173  -637729 0.999939 0 -1 -0 0
h  174  -637753 0.999939 0 -1 -0 0
h  175  -750106 0.999939 0 -1 -0 0
h  176  -750107 0.999939 0 -1 -0 0
h  177  -752891 0.999939 0 -1 -0 0
h  178  -752887 0.999939 0 -1 -0 0
h  179  -752882 0.999939 0 -1 -0 0
h  180  -752773 0.999939 0 -1 -0 0
h  181  -632476 0.999939 0 -1 -0 0
h  182  -632467 0.999939 0 -1 -0 0
h  183  -632404 0.999939 0 -1 -0 0
h  184  -632542 0.999939 0 -1 -0 0
h  185  -749273 0.999939 0 -1 -0 0
h  186  -749278 0.999939 0 -1 -0 0
h  187  -760849 0.999939 0 -1 -0 0
h  188  -760884 0.999939 0 -1 -0 0
h  189  -760875 0.999939 0 -1 -0 0
h  190  -760889 0.999939 0 -1 -0 0
h  191  -749286 0.999939 0 -1 -0 0
h  192  -756673 0.999939 0 -1 -0 0
h  193  -756793 0.999939 0 -1 -0 0
h  194  -756796 0.999939 0 -1 -0 0
h  195  -756797 0.999939 0 -1 -0 0
h  196  -749067 0.999939 0 -1 -0 0
h  197  -757188 0.999939 0 -1 -0 0
h  198  -641837 0.999939 0 -1 -0 0
h  199  -641834 0.999939 0 -1 -0 0
h  200  -641836 0.999939 0 -1 -0 0
h  201  -641824 0.999939 0 -1 -0 0
h  202  -646735 0.999939 0 -1 -0 0
h  203  -646724 0.999939 0 -1 -0 0
h  204  -646724 0.999939 0 -1 -0 0
h  205  -646717 0.999939 0 -1 -0 0
h  206  -645059 0.999939 0 -1 -0 0
h  207  -645051 0.999939 0 -1 -0 0
h  208  -645068 0.999939 0 -1 -0 0
h  209  -645048 0.999939 0 -1 -0 0
h  210  -757407 0.999939 0 -1 -0 0
h  211  -757414 0.999939 0 -1 -0 0
h  212  -757426 0.999939 0 -1 -0 0
h  213  -751613 0.999939 0 -1 -0 0
h  214  -759369 0.999939 0 -1 -0 0
h  215  -752424 0.999939 0 -1 -0 0
h  216  -752430 0.999939 0 -1 -0 0
h  217  -752441 0.999939 0 -1 -0 0
h  218  -759460 0.999939 0 -1 -0 0
h  219  -759468 0.999939 0 -1 -0 0
h  220  -759474 0.999939 0 -1 -0 0
h  221  -749158 0.999939 0 -1 -0 0
h  222  -755214 0.999939 0 -1 -0 0
h  223  -763483 0.999939 0 -1 -0 0
h  224  -763483 0.999939 0 -1 -0 0
h  225  -645989 0.999939 0 -1 -0 0
h  226  -645981 0.999939 0 -1 -0 0
h  227  -645991 0.999939 0 -1 -0 0
h  228  -645986 0.999939 0 -1 -0 0
h  229  -762675 0.999939 0 -1 -0 0
h  230  -762680 0.999939 0 -1 -0 0
h  231  -751858 0.999939 0 -1 -0 0
h  232  -751857 0.999939 0 -1 -0 0
h  233  -750342 0.999939 0 -1 -0 0
h  234  -755851 0.999939 0 -1 -0 0
h  235  -755859 0.999939 0 -1 -0 0
h  236  -755872 0.999939 0 -1 -0 0
h  237  -763228 0.999939 0 -1 -0 0
h  238  -763227 0.999939 0 -1 -0 0
h  239  -759556 0.999939 0 -1 -0 0
h  240  -759545 0.999939 0 -1 -0 0
h  241  -759560 0.999939 0 -1 -0 0
h  242  -752155 0.999939 0 -1 -0 0
h  243  -753501 0.999939 0 -1 -0 0
h  244  -753447 0.999939 0 -1 -0 0
h  245  -759462 0.999939 0 -1 -0 0
h  246  -750814 0.999939 0 -1 -0 0
h  247  -756266 0.999939 0 -1 -0 0
h  248  -759339 0.999939 0 -1 -0 0
h  249  -759340 0.999939 0 -1 -0 0
h  250  -757174 0.999939 0 -1 -0 0
h  251  -757185 0.999939 0 -1 -0 0
h  252  -757190 0.999939 0 -1 -0 0
h  253  -762993 0.999939 0 -1 -0 0
h  254  -762993 0.999939 0 -1 -0 0
h  255  -763177 0.999939 0 -1 -0 0
h  256  -763177 0.999939 0 -1 -0 0
h  257  -759389 0.999939 0 -1 -0 0
h  258  -756597 0.999939 0 -1 -0 0
h  259  -756598 0.999939 0 -1 -0 0
h  260  -759399 0.999939 0 -1 -0 0
h  261  -645827 0.999939 0 -1 -0 0
h  262  -645823 0.999939 0 -1 -0 0
h  263  -645827 0.999939 0 -1 -0 0
h  264  -645822 0.999939 0 -1 -0 0
h  265  -645324 0.999939 0 -1 -0 0
h  266  -645321 0.999939 0 -1 -0 0
h  267  -645323 0.999939 0 -1 -0 0
h  268  -645317 0.999939 0 -1 -0 0
h  269  -752331 0.999939 0 -1 -0 0
h  270  -644576 0.999939 0 -1 -0 0
h  271  -644575 0.999939 0 -1 -0 0
h  272  -644579 0.999939 0 -1 -0 0
h  273  -644579 0.999939 0 -1 -0 0
h  274  -760794 0.999939 0 -1 -0 0
h  275  -760809 0.999939 0 -1 -0 0
h  276  -760809 0.999939 0 -1 -0 0
h  277  -760785 0.999939 0 -1 -0 0
h  278  -752316 0.999939 0 -1 -0 0
h  279  -760251 0.999939 0 -1 -0 0
h  280  -760265 0.999939 0 -1 -0 0
h  281  -760266 0.999939 0 -1 -0 0
h  282  -760241 0.999939 0 -1 -0 0
h  283  -758428 0.999939 0 -1 -0 0
h  284  -758442 0.999939 0 -1 -0 0
h  285  -758445 0.999939 0 -1 -0 0
h  286  -754254 0.999939 0 -1 -0 0
h  287  -754213 0.999939 0 -1 -0 0
h  288  -755842 0.999939 0 -1 -0 0
h  289  -755832 0.999939 0 -1 -0 0
h  290  -763004 0.999939 0 -1 -0 0
h  291  -763004 0.999939 0 -1 -0 0
h  292  -762932 0.999939 0 -1 -0 0
h  293  -762932 0.999939 0 -1 -0 0
h  294  -752720 0.999939 0 -1 -0 0
h  295  -758330 0.999939 0 -1 -0 0
h  296  -762605 0.999939 0 -1 -0 0
h  297  -762604 0.999939 0 -1 -0 0
h  298  -762880 0.999939 0 -1 -0 0
h  299  -762880 0.999939 0 -1 -0 0
h  300  -753460 0.999939 0 -1 -0 0
h  301  -753460 0.999939 0 -1 -0 0
h  302  -752843 0.999939 0 -1 -0 0
h  303  -752843 0.999939 0 -1 -0 0
h  304  -757594 0.999939 0 -1 -0 0
h  305  -755423 0.999939 0 -1 -0 0
h  306  -755891 0.999939 0 -1 -0 0
h  307  -755898 0.999939 0 -1 -0 0
h  308  -754735 0.999939 0 -1 -0 0
h  309  -755901 0.999939 0 -1 -0 0
h  310  -756690 0.999939 0 -1 -0 0
h  311  -756701 0.999939 0 -1 -0 0
h  312  -756704 0.999939 0 -1 -0 0
h  313  -762048 0.999939 0 -1 -0 0
h  314  -762048 0.999939 0 -1 -0 0
h  315  -761131 0.999939 0 -1 -0 0
h  316  -761131 0.999939 0 -1 -0 0
h  817  -662290 0.999939 0 -1 -0 0
h  818  -670463 0.999939 0 -1 -0 0
h  819  -652527 0.999939 0 -1 -0 0
h  820  -657098 0.999939 0 -1 -0 0
h  821  -700539 0.999939 0 -1 -0 0
h  822  -681293 0.999939 0 -1 -0 0
h  823  -679536 0.999939 0 -1 -0 0
h  824  -728655 0.999939 0 -1 -0 0
h  825  -710620 0.999939 0 -1 -0 0
h  826  -696266 0.999939 0 -1 -0 0
h  827  -732067 0.999939 0 -1 -0 0
h  828  -707993 0.999939 0 -1 -0 0
h  829  -662284 0.999939 0 -1 -0 0
h  830  -670457 0.999939 0 -1 -0 0
h  831  -652517 0.999939 0 -1 -0 0
h  832  -657091 0.999939 0 -1 -0 0
h  833  -700534 0.999939 0 -1 -0 0
h  834  -681287 0.999939 0 -1 -0 0
h  835  -679531 0.999939 0 -1 -0 0
h  836  -728652 0.999939 0 -1 -0 0
h  837  -710616 0.999939 0 -1 -0 0
h  838  -696263 0.999939 0 -1 -0 0
h  839  -732065 0.999939 0 -1 -0 0
h  840  -707991 0.999939 0 -1 -0 0
h  877  -686937 0.999939 0 -1 -0 0
h  878  -671134 0.999939 0 -1 -0 0
h  879  -663413 0.999939 0 -1 -0 0
h  880  -684948 0.999939 0 -1 -0 0
h  881  -657539 0.999939 0 -1 -0 0
h  882  -653412 0.999939 0 -1 -0 0
h  901  -686947 0.999939 0 -1 -0 0
h  902  -671138 0.999939 0 -1 -0 0
h  903  -663408 0.999939 0 -1 -0 0
h  904  -684990 0.999939 0 -1 -0 0
h  905  -657537 0.999939 0 -1 -0 0
h  906  -653403 0.999939 0 -1 -0 0
h  1026  -763382 0.999939 0 -1 -0 0
h  1029  -762267 0.999939 0 -1 -0 0
h  1030  -763153 0.999939 0 -1 -0 0
h  1031  -763639 0.999939 0 -1 -0 0
h  1032  -763223 0.999939 0 -1 -0 0
h  1033  -761268 0.999939 0 -1 -0 0
h  1034  -762214 0.999939 0 -1 -0 0
h  1038  -763382 0.999939 0 -1 -0 0
h  1042  -763639 0.999939 0 -1 -0 0
h  1043  -762261 0.999939 0 -1 -0 0
h  1044  -763152 0.999939 0 -1 -0 0
h  1045  -763223 0.999939 0 -1 -0 0
h  1046  -761253 0.999939 0 -1 -0 0
h  1047  -762211 0.999939 0 -1 -0 0
h  1052  -763383 0.999939 0 -1 -0 0
h  1055  -762269 0.999939 0 -1 -0 0
h  1056  -763153 0.999939 0 -1 -0 0
h  1057  -763639 0.999939 0 -1 -0 0
h  1058  -763223 0.999939 0 -1 -0 0
h  1059  -761269 0.999939 0 -1 -0 0
h  1060  -762215 0.999939 0 -1 -0 0
h  1064  -763381 0.999939 0 -1 -0 0
h  1068  -763639 0.999939 0 -1 -0 0
h  1069  -762255 0.999939 0 -1 -0 0
h  1070  -763151 0.999939 0 -1 -0 0
h  1071  -763223 0.999939 0 -1 -0 0
h  1072  -761245 0.999939 0 -1 -0 0
h  1073  -762205 0.999939 0 -1 -0 0
h  1074  -749771 0.999939 0 -1 -0 0
h  1077  -752190 0.999939 0 -1 -0 0
h  1078  -752771 0.999939 0 -1 -0 0
h  1079  -753046 0.999939 0 -1 -0 0
h  1080  -749915 0.999939 0 -1 -0 0
h  1090  -749956 0.999939 0 -1 -0 0
h  1093  -752259 0.999939 0 -1 -0 0
h  1094  -752860 0.999939 0 -1 -0 0
h  1095  -749986 0.999939 0 -1 -0 0
h  1096  -753135 0.999939 0 -1 -0 0
h  1106  -749961 0.999939 0 -1 -0 0
h  1109  -752263 0.999939 0 -1 -0 0
h  1110  -752864 0.999939 0 -1 -0 0
h  1111  -749993 0.999939 0 -1 -0 0
h  1112  -753141 0.999939 0 -1 -0 0
h  1113  -763486 0.999939 0 -1 -0 0
h  1116  -763024 0.999939 0 -1 -0 0
h  1117  -763465 0.999939 0 -1 -0 0
h  1118  -762870 0.999939 0 -1 -0 0
h  1119  -763486 0.999939 0 -1 -0 0
h  1122  -763024 0.999939 0 -1 -0 0
h  1123  -763465 0.999939 0 -1 -0 0
h  1124  -762870 0.999939 0 -1 -0 0
h  1125  -644534 0.999939 0 -1 -0 0
h  1126  -645081 0.999939 0 -1 -0 0
h  1127  -644893 0.999939 0 -1 -0 0
h  1128  -644410 0.999939 0 -1 -0 0
h  1129  -643784 0.999939 0 -1 -0 0
h  1130  -644530 0.999939 0 -1 -0 0
h  1131  -645079 0.999939 0 -1 -0 0
h  1132  -644893 0.999939 0 -1 -0 0
h  1133  -644412 0.999939 0 -1 -0 0
h  1134  -643784 0.999939 0 -1 -0 0
h  1135  -645073 0.999939 0 -1 -0 0
h  1136  -644521 0.999939 0 -1 -0 0
h  1137  -644888 0.999939 0 -1 -0 0
h  1138  -643773 0.999939 0 -1 -0 0
h  1139  -644406 0.999939 0 -1 -0 0
h  1140  -645082 0.999939 0 -1 -0 0
h  1141  -644536 0.999939 0 -1 -0 0
h  1142  -644894 0.999939 0 -1 -0 0
h  1143  -643786 0.999939 0 -1 -0 0
h  1144  -644413 0.999939 0 -1 -0 0
SolidID  6   311 
h  113  -705435 0.999939 0 -1 -0 0
h  114  -705426 0.999939 0 -1 -0 0
h  115  -757895 0.999939 0 -1 -0 0
h  116  -757896 0.999939 0 -1 -0 0
h  117  -757970 0.999939 0 -1 -0 0
h  118  -757974 0.999939 0 -1 -0 0
h  119  -724989 0.999939 0 -1 -0 0
h  120  -724981 0.999939 0 -1 -0 0
h  121  -741192 0.999939 0 -1 -0 0
h  122  -741188 0.999939 0 -1 -0 0
h  123  -762210 0.999939 0 -1 -0 0
h  124  -762217 0.999939 0 -1 -0 0
h  125  -741390 0.999939 0 -1 -0 0
h  126  -741387 0.999939 0 -1 -0 0
h  127  -640626 0.999939 0 -1 -0 0
h  128  -640668 0.999939 0 -1 -0 0
h  129  -640576 0.999939 0 -1 -0 0
h  130  -640594 0.999939 0 -1 -0 0
h  131  -762257 0.999939 0 -1 -0 0
h  132  -762257 0.999939 0 -1 -0 0
h  133  -753374 0.999939 0 -1 -0 0
h  134  -753370 0.999939 0 -1 -0 0
h  135  -753030 0.999939 0 -1 -0 0
h  136  -753032 0.999939 0 -1 -0 0
h  137  -760486 0.999939 0 -1 -0 0
h  138  -760535 0.999939 0 -1 -0 0
h  139  -760491 0.999939 0 -1 -0 0
h  140  -760538 0.999939 0 -1 -0 0
h  141  -756156 0.999939 0 -1 -0 0
h  142  -756163 0.999939 0 -1 -0 0
h  143  -727304 0.999939 0 -1 -0 0
h  144  -727303 0.999939 0 -1 -0 0
h  145  -756612 0.999939 0 -1 -0 0
h  146  -756614 0.999939 0 -1 -0 0
h  147  -762424 0.999939 0 -1 -0 0
h  148  -762427 0.999939 0 -1 -0 0
h  149  -762462 0.999939 0 -1 -0 0
h  150  -762463 0.999939 0 -1 -0 0
h  151  -702591 0.999939 0 -1 -0 0
h  152  -702556 0.999939 0 -1 -0 0
h  153  -749432 0.999939 0 -1 -0 0
h  154  -749415 0.999939 0 -1 -0 0
h  155  -760246 0.999939 0 -1 -0 0
h  156  -760262 0.999939 0 -1 -0 0
h  157  -760276 0.999939 0 -1 -0 0
h  158  -760279 0.999939 0 -1 -0 0
h  159  -650611 0.999939 0 -1 -0 0
h  160  -650606 0.999939 0 -1 -0 0
h  161  -650577 0.999939 0 -1 -0 0
h  162  -650569 0.999939 0 -1 -0 0
h  163  -758764 0.999939 0 -1 -0 0
h  164  -758792 0.999939 0 -1 -0 0
h  165  -758797 0.999939 0 -1 -0 0
h  166  -758795 0.999939 0 -1 -0 0
h  167  -641089 0.999939 0 -1 -0 0
h  168  -641000 0.999939 0 -1 -0 0
h  169  -641099 0.999939 0 -1 -0 0
h  170  -641080 0.999939 0 -1 -0 0
h  171  -637724 0.999939 0 -1 -0 0
h  172  -637642 0.999939 0 -1 -0 0
h  173  -637729 0.999939 0 -1 -0 0
h  174  -637753 0.999939 0 -1 -0 0
h  175  -750106 0.999939 0 -1 -0 0
h  176  -750107 0.999939 0 -1 -0 0
h  177  -752891 0.999939 0 -1 -0 0
h  178  -752887 0.999939 0 -1 -0 0
h  179  -752882 0.999939 0 -1 -0 0
h  180  -752773 0.999939 0 -1 -0 0
h  181  -632476 0.999939 0 -1 -0 0
h  182  -632467 0.999939 0 -1 -0 0
h  183  -632404 0.999939 0 -1 -0 0
h  184  -632542 0.999939 0 -1 -0 0
h  185  -749273 0.999939 0 -1 -0 0
h  186  -749278 0.999939 0 -1 -0 0
h  187  -760849 0.999939 0 -1 -0 0
h  188  -760884 0.999939 0 -1 -0 0
h  189  -760875 0.999939 0 -1 -0 0
h  190  -760889 0.999939 0 -1 -0 0
h  191  -749286 0.999939 0 -1 -0 0
h  192  -756673 0.999939 0 -1 -0 0
h  193  -756793 0.999939 0 -1 -0 0
h  194  -756796 0.999939 0 -1 -0 0
h  195  -756797 0.999939 0 -1 -0 0
h  196  -749067 0.999939 0 -1 -0 0
h  197  -757188 0.999939 0 -1 -0 0
h  198  -641837 0.999939 0 -1 -0 0
h  199  -641834 0.999939 0 -1 -0 0
h  200  -641836 0.999939 0 -1 -0 0
h  201  -641824 0.999939 0 -1 -0 0
h  202  -646735 0.999939 0 -1 -0 0
h  203  -646724 0.999939 0 -1 -0 0
h  204  -646724 0.999939 0 -1 -0 0
h  205  -646717 0.999939 0 -1 -0 0
h  206  -645059 0.999939 0 -1 -0 0
h  207  -645051 0.999939 0 -1 -0 0
h  208  -645068 0.999939 0 -1 -0 0
h  209  -645048 0.999939 0 -1 -0 0
h  210  -757407 0.999939 0 -1 -0 0
h  211  -757414 0.999939 0 -1 -0 0
h  212  -757426 0.999939 0 -1 -0 0
h  213  -751613 0.999939 0 -1 -0 0
h  214  -759369 0.999939 0 -1 -0 0
h  215  -752424 0.999939 0 -1 -0 0
h  216  -752430 0.999939 0 -1 -0 0
h  217  -752441 0.999939 0 -1 -0 0
h  218  -759460 0.999939 0 -1 -0 0
h  219  -759468 0.999939 0 -1 -0 0
h  220  -759474 0.999939 0 -1 -0 0
h  221  -749158 0.999939 0 -1 -0 0
h  222  -755214 0.999939 0 -1 -0 0
h  223  -763483 0.999939 0 -1 -0 0
h  224  -763483 0.999939 0 -1 -0 0
h  225  -645989 0.999939 0 -1 -0 0
h  226  -645981 0.999939 0 -1 -0 0
h  227  -645991 0.999939 0 -1 -0 0
h  228  -645986 0.999939 0 -1 -0 0
h  229  -762675 0.999939 0 -1 -0 0
h  230  -762680 0.999939 0 -1 -0 0
h  231  -751858 0.999939 0 -1 -0 0
h  232  -751857 0.999939 0 -1 -0 0
h  233  -750342 0.999939 0 -1 -0 0
h  234  -755851 0.999939 0 -1 -0 0
h  235  -755859 0.999939 0 -1 -0 0
h  236  -755872 0.999939 0 -1 -0 0
h  237  -763228 0.999939 0 -1 -0 0
h  238  -763227 0.999939 0 -1 -0 0
h  239  -759556 0.999939 0 -1 -0 0
h  240  -759545 0.999939 0 -1 -0 0
h  241  -759560 0.999939 0 -1 -0 0
h  242  -752155 0.999939 0 -1 -0 0
h  243  -753501 0.999939 0 -1 -0 0
h  244  -753447 0.999939 0 -1 -0 0
h  245  -759462 0.999939 0 -1 -0 0
h  246  -750814 0.999939 0 -1 -0 0
h  247  -756266 0.999939 0 -1 -0 0
h  248  -759339 0.999939 0 -1 -0 0
h  249  -759340 0.999939 0 -1 -0 0
h  250  -757174 0.999939 0 -1 -0 0
h  251  -757185 0.999939 0 -1 -0 0
h  252  -757190 0.999939 0 -1 -0 0
h  253  -762993 0.999939 0 -1 -0 0
h  254  -762993 0.999939 0 -1 -0 0
h  255  -763177 0.999939 0 -1 -0 0
h  256  -763177 0.999939 0 -1 -0 0
h  257  -759389 0.999939 0 -1 -0 0
h  258  -756597 0.999939 0 -1 -0 0
h  259  -756598 0.999939 0 -1 -0 0
h  260  -759399 0.999939 0 -1 -0 0
h  261  -645827 0.999939 0 -1 -0 0
h  262  -645823 0.999939 0 -1 -0 0
h  263  -645827 0.999939 0 -1 -0 0
h  264  -645822 0.999939 0 -1 -0 0
h  265  -645324 0.999939 0 -1 -0 0
h  266  -645321 0.999939 0 -1 -0 0
h  267  -645323 0.999939 0 -1 -0 0
h  268  -645317 0.999939 0 -1 -0 0
h  269  -752331 0.999939 0 -1 -0 0
h  270  -644576 0.999939 0 -1 -0 0
h  271  -644575 0.999939 0 -1 -0 0
h  272  -644579 0.999939 0 -1 -0 0
h  273  -644579 0.999939 0 -1 -0 0
h  274  -760794 0.999939 0 -1 -0 0
h  275  -760809 0.999939 0 -1 -0 0
h  276  -760809 0.999939 0 -1 -0 0
h  277  -760785 0.999939 0 -1 -0 0
h  278  -752316 0.999939 0 -1 -0 0
h  279  -760251 0.999939 0 -1 -0 0
h  280  -760265 0.999939 0 -1 -0 0
h  281  -760266 0.999939 0 -1 -0 0
h  282  -760241 0.999939 0 -1 -0 0
h  283  -758428 0.999939 0 -1 -0 0
h  284  -758442 0.999939 0 -1 -0 0
h  285  -758445 0.999939 0 -1 -0 0
h  286  -754254 0.999939 0 -1 -0 0
h  287  -754213 0.999939 0 -1 -0 0
h  288  -755842 0.999939 0 -1 -0 0
h  289  -755832 0.999939 0 -1 -0 0
h  290  -763004 0.999939 0 -1 -0 0
h  291  -763004 0.999939 0 -1 -0 0
h  292  -762932 0.999939 0 -1 -0 0
h  293  -762932 0.999939 0 -1 -0 0
h  294  -752720 0.999939 0 -1 -0 0
h  295  -758330 0.999939 0 -1 -0 0
h  296  -762605 0.999939 0 -1 -0 0
h  297  -762604 0.999939 0 -1 -0 0
h  298  -762880 0.999939 0 -1 -0 0
h  299  -762880 0.999939 0 -1 -0 0
h  300  -753460 0.999939 0 -1 -0 0
h  301  -753460 0.999939 0 -1 -0 0
h  302  -752843 0.999939 0 -1 -0 0
h  303  -752843 0.999939 0 -1 -0 0
h  304  -757594 0.999939 0 -1 -0 0
h  305  -755423 0.999939 0 -1 -0 0
h  306  -755891 0.999939 0 -1 -0 0
h  307  -755898 0.999939 0 -1 -0 0
h  308  -754735 0.999939 0 -1 -0 0
h  309  -755901 0.999939 0 -1 -0 0
h  310  -756690 0.999939 0 -1 -0 0
h  311  -756701 0.999939 0 -1 -0 0
h  312  -756704 0.999939 0 -1 -0 0
h  313  -762048 0.999939 0 -1 -0 0
h  314  -762048 0.999939 0 -1 -0 0
h  315  -761131 0.999939 0 -1 -0 0
h  316  -761131 0.999939 0 -1 -0 0
h  817  -662290 0.999939 0 -1 -0 0
h  818  -670463 0.999939 0 -1 -0 0
h  819  -652527 0.999939 0 -1 -0 0
h  820  -657098 0.999939 0 -1 -0 0
h  821  -700539 0.999939 0 -1 -0 0
h  822  -681293 0.999939 0 -1 -0 0
h  823  -679536 0.999939 0 -1 -0 0
h  824  -728655 0.999939 0 -1 -0 0
h  825  -710620 0.999939 0 -1 -0 0
h  826  -696266 0.999939 0 -1 -0 0
h  827  -732067 0.999939 0 -1 -0 0
h  828  -707993 0.999939 0 -1 -0 0
h  829  -662284 0.999939 0 -1 -0 0
h  830  -670457 0.999939 0 -1 -0 0
h  831  -652517 0.999939 0 -1 -0 0
h  832  -657091 0.999939 0 -1 -0 0
h  833  -700534 0.999939 0 -1 -0 0
h  834  -681287 0.999939 0 -1 -0 0
h  835  -679531 0.999939 0 -1 -0 0
h  836  -728652 0.999939 0 -1 -0 0
h  837  -710616 0.999939 0 -1 -0 0
h  838  -696263 0.999939 0 -1 -0 0
h  839  -732065 0.999939 0 -1 -0 0
h  840  -707991 0.999939 0 -1 -0 0
h  877  -686937 0.999939 0 -1 -0 0
h  878  -671134 0.999939 0 -1 -0 0
h  879  -663413 0.999939 0 -1 -0 0
h  880  -684948 0.999939 0 -1 -0 0
h  881  -657539 0.999939 0 -1 -0 0
h  882  -653412 0.999939 0 -1 -0 0
h  901  -686947 0.999939 0 -1 -0 0
h  902  -671138 0.999939 0 -1 -0 0
h  903  -663408 0.999939 0 -1 -0 0
h  904  -684990 0.999939 0 -1 -0 0
h  905  -657537 0.999939 0 -1 -0 0
h  906  -653403 0.999939 0 -1 -0 0
h  1026  -763382 0.999939 0 -1 -0 0
h  1029  -762267 0.999939 0 -1 -0 0
h  1030  -763153 0.999939 0 -1 -0 0
h  1031  -763639 0.999939 0 -1 -0 0
h  1032  -763223 0.999939 0 -1 -0 0
h  1033  -761268 0.999939 0 -1 -0 0
h  1034  -762214 0.999939 0 -1 -0 0
h  1038  -763382 0.999939 0 -1 -0 0
h  1042  -763639 0.999939 0 -1 -0 0
h  1043  -762261 0.999939 0 -1 -0 0
h  1044  -763152 0.999939 0 -1 -0 0
h  1045  -763223 0.999939 0 -1 -0 0
h  1046  -761253 0.999939 0 -1 -0 0
h  1047  -762211 0.999939 0 -1 -0 0
h  1052  -763383 0.999939 0 -1 -0 0
h  1055  -762269 0.999939 0 -1 -0 0
h  1056  -763153 0.999939 0 -1 -0 0
h  1057  -763639 0.999939 0 -1 -0 0
h  1058  -763223 0.999939 0 -1 -0 0
h  1059  -761269 0.999939 0 -1 -0 0
h  1060  -762215 0.999939 0 -1 -0 0
h  1064  -763381 0.999939 0 -1 -0 0
h  1068  -763639 0.999939 0 -1 -0 0
h  1069  -762255 0.999939 0 -1 -0 0
h  1070  -763151 0.999939 0 -1 -0 0
h  1071  -763223 0.999939 0 -1 -0 0
h  1072  -761245 0.999939 0 -1 -0 0
h  1073  -762205 0.999939 0 -1 -0 0
h  1074  -749771 0.999939 0 -1 -0 0
h  1077  -752190 0.999939 0 -1 -0 0
h  1078  -752771 0.999939 0 -1 -0 0
h  1079  -753046 0.999939 0 -1 -0 0
h  1080  -749915 0.999939 0 -1 -0 0
h  1090  -749956 0.999939 0 -1 -0 0
h  1093  -752259 0.999939 0 -1 -0 0
h  1094  -752860 0.999939 0 -1 -0 0
h  1095  -749986 0.999939 0 -1 -0 0
h  1096  -753135 0.999939 0 -1 -0 0
h  1106  -749961 0.999939 0 -1 -0 0
h  1109  -752263 0.999939 0 -1 -0 0
h  1110  -752864 0.999939 0 -1 -0 0
h  1111  -749993 0.999939 0 -1 -0 0
h  1112  -753141 0.999939 0 -1 -0 0
h  1113  -763486 0.999939 0 -1 -0 0
h  1116  -763024 0.999939 0 -1 -0 0
h  1117  -763465 0.999939 0 -1 -0 0
h  1118  -762870 0.999939 0 -1 -0 0
h  1119  -763486 0.999939 0 -1 -0 0
h  1122  -763024 0.999939 0 -1 -0 0
h  1123  -763465 0.999939 0 -1 -0 0
h  1124  -762870 0.999939 0 -1 -0 0
h  1125  -644534 0.999939 0 -1 -0 0
h  1126  -645081 0.999939 0 -1 -0 0
h  1127  -644893 0.999939 0 -1 -0 0
h  1128  -644410 0.999939 0 -1 -0 0
h  1129  -643784 0.999939 0 -1 -0 0
h  1130  -644530 0.999939 0 -1 -0 0
h  1131  -645079 0.999939 0 -1 -0 0
h  1132  -644893 0.999939 0 -1 -0 0
h  1133  -644412 0.999939 0 -1 -0 0
h  1134  -643784 0.999939 0 -1 -0 0
h  1135  -645073 0.999939 0 -1 -0 0
h  1136  -644521 0.999939 0 -1 -0 0
h  1137  -644888 0.999939 0 -1 -0 0
h  1138  -643773 0.999939 0 -1 -0 0
h  1139  -644406 0.999939 0 -1 -0 0
h  1140  -645082 0.999939 0 -1 -0 0
h  1141  -644536 0.999939 0 -1 -0 0
h  1142  -644894 0.999939 0 -1 -0 0
h  1143  -643786 0.999939 0 -1 -0 0
h  1144  -644413 0.999939 0 -1 -0 0
SolidID  29   16 
h  562  -645231 0.999939 0 -1 -0 0
h  563  -645003 0.999939 0 -1 -0 0
h  564  -645003 0.999939 0 -1 -0 0
h  565  -645005 0.999939 0 -1 -0 0
h  566  -645229 0.999939 0 -1 -0 0
h  567  -645161 0.999939 0 -1 -0 0
h  568  -645160 0.999939 0 -1 -0 0
h  569  -645231 0.999939 0 -1 -0 0
h  570  -645163 0.999939 0 -1 -0 0
h  571  -645066 0.999939 0 -1 -0 0
h  572  -645065 0.999939 0 -1 -0 0
h  573  -645004 0.999939 0 -1 -0 0
h  574  -645228 0.999939 0 -1 -0 0
h  575  -645162 0.999939 0 -1 -0 0
h  576  -645065 0.999939 0 -1 -0 0
h  577  -645063 0.999939 0 -1 -0 0
SolidID  6   311 
h  113  -705435 0.999939 0 -1 -0 0
h  114  -705426 0.999939 0 -1 -0 0
h  115  -757895 0.999939 0 -1 -0 0
h  116  -757896 0.999939 0 -1 -0 0
h  117  -757970 0.999939 0 -1 -0 0
h  118  -757974 0.999939 0 -1 -0 0
h  119  -724989 0.999939 0 -1 -0 0
h  120  -724981 0.999939 0 -1 -0 0
h  121  -741192 0.999939 0 -1 -0 0
h  122  -741188 0.999939 0 -1 -0 0
h  123  -762210 0.999939 0 -1 -0 0
h  124  -762217 0.999939 0 -1 -0 0
h  125  -741390 0.999939 0 -1 -0 0
h  126  -741387 0.999939 0 -1 -0 0
h  127  -640626 0.999939 0 -1 -0 0
h  128  -640668 0.999939 0 -1 -0 0
h  129  -640576 0.999939 0 -1 -0 0
h  130  -640594 0.999939 0 -1 -0 0
h  131  -762257 0.999939 0 -1 -0 0
h  132  -762257 0.999939 0 -1 -0 0
h  133  -753374 0.999939 0 -1 -0 0
h  134  -753370 0.999939 0 -1 -0 0
h  135  -753030 0.999939 0 -1 -0 0
h  136  -753032 0.999939 0 -1 -0 0
h  137  -760486 0.999939 0 -1 -0 0
h  138  -760535 0.999939 0 -1 -0 0
h  139  -760491 0.999939 0 -1 -0 0
h  140  -760538 0.999939 0 -1 -0 0
h  141  -756156 0.999939 0 -1 -0 0
h  142  -756163 0.999939 0 -1 -0 0
h  143  -727304 0.999939 0 -1 -0 0
h  144  -727303 0.999939 0 -1 -0 0
h  145  -756612 0.999939 0 -1 -0 0
h  146  -756614 0.999939 0 -1 -0 0
h  147  -762424 0.999939 0 -1 -0 0
h  148  -762427 0.999939 0 -1 -0 0
h  149  -762462 0.999939 0 -1 -0 0
h  150  -762463 0.999939 0 -1 -0 0
h  151  -702591 0.999939 0 -1 -0 0
h  152  -702556 0.999939 0 -1 -0 0
h  153  -749432 0.999939 0 -1 -0 0
h  154  -749415 0.999939 0 -1 -0 0
h  155  -760246 0.999939 0 -1 -0 0
h  156  -760262 0.999939 0 -1 -0 0
h  157  -760276 0.999939 0 -1 -0 0
h  158  -760279 0.999939 0 -1 -0 0
h  159  -650611 0.999939 0 -1 -0 0
h  160  -650606 0.999939 0 -1 -0 0
h  161  -650577 0.999939 0 -1 -0 0
h  162  -650569 0.999939 0 -1 -0 0
h  163  -758764 0.999939 0 -1 -0 0
h  164  -758792 0.999939 0 -1 -0 0
h  165  -758797 0.999939 0 -1 -0 0
h  166  -758795 0.999939 0 -1 -0 0
h  167  -641089 0.999939 0 -1 -0 0
h  168  -641000 0.999939 0 -1 -0 0
h  169  -641099 0.999939 0 -1 -0 0
h  170  -641080 0.999939 0 -1 -0 0
h  171  -637724 0.999939 0 -1 -0 0
h  172  -637642 0.999939 0 -1 -0 0
h  173  -637729 0.999939 0 -1 -0 0
h  174  -637753 0.999939 0 -1 -0 0
h  175  -750106 0.999939 0 -1 -0 0
h  176  -750107 0.999939 0 -1 -0 0
h  177  -752891 0.999939 0 -1 -0 0
h  178  -752887 0.999939 0 -1 -0 0
h  179  -752882 0.999939 0 -1 -0 0
h  180  -752773 0.999939 0 -1 -0 0
h  181  -632476 0.999939 0 -1 -0 0
h  182  -632467 0.999939 0 -1 -0 0
h  183  -632404 0.999939 0 -1 -0 0
h  184  -632542 0.999939 0 -1 -0 0
h  185  -749273 0.999939 0 -1 -0 0
h  186  -749278 0.999939 0 -1 -0 0
h  187  -760849 0.999939 0 -1 -0 0
h  188  -760884 0.999939 0 -1 -0 0
h  189  -760875 0.999939 0 -1 -0 0
h  190  -760889 0.999939 0 -1 -0 0
h  191  -749286 0.999939 0 -1 -0 0
h  192  -756673 0.999939 0 -1 -0 0
h  193  -756793 0.999939 0 -1 -0 0
h  194  -756796 0.999939 0 -1 -0 0
h  195  -756797 0.999939 0 -1 -0 0
h  196  -749067 0.999939 0 -1 -0 0
h  197  -757188 0.999939 0 -1 -0 0
h  198  -641837 0.999939 0 -1 -0 0
h  199  -641834 0.999939 0 -1 -0 0
h  200  -641836 0.999939 0 -1 -0 0
h  201  -641824 0.999939 0 -1 -0 0
h  202  -646735 0.999939 0 -1 -0 0
h  203  -646724 0.999939 0 -1 -0 0
h  204  -646724 0.999939 0 -1 -0 0
h  205  -646717 0.999939 0 -1 -0 0
h  206  -645059 0.999939 0 -1 -0 0
h  207  -645051 0.999939 0 -1 -0 0
h  208  -645068 0.999939 0 -1 -0 0
h  209  -645048 0.999939 0 -1 -0 0
h  210  -757407 0.999939 0 -1 -0 0
h  211  -757414 0.999939 0 -1 -0 0
h  212  -757426 0.999939 0 -1 -0 0
h  213  -751613 0.999939 0 -1 -0 0
h  214  -759369 0.999939 0 -1 -0 0
h  215  -752424 0.999939 0 -1 -0 0
h  216  -752430 0.999939 0 -1 -0 0
h  217  -752441 0.999939 0 -1 -0 0
h  218  -759460 0.999939 0 -1 -0 0
h  219  -759468 0.999939 0 -1 -0 0
h  220  -759474 0.999939 0 -1 -0 0
h  221  -749158 0.999939 0 -1 -0 0
h  222  -755214 0.999939 0 -1 -0 0
h  223  -763483 0.999939 0 -1 -0 0
h  224  -763483 0.999939 0 -1 -0 0
h  225  -645989 0.999939 0 -1 -0 0
h  226  -645981 0.999939 0 -1 -0 0
h  227  -645991 0.999939 0 -1 -0 0
h  228  -645986 0.999939 0 -1 -0 0
h  229  -762675 0.999939 0 -1 -0 0
h  230  -762680 0.999939 0 -1 -0 0
h  231  -751858 0.999939 0 -1 -0 0
h  232  -751857 0.999939 0 -1 -0 0
h  233  -750342 0.999939 0 -1 -0 0
h  234  -755851 0.999939 0 -1 -0 0
h  235  -755859 0.999939 0 -1 -0 0
h  236  -755872 0.999939 0 -1 -0 0
h  237  -763228 0.999939 0 -1 -0 0
h  238  -763227 0.999939 0 -1 -0 0
h  239  -759556 0.999939 0 -1 -0 0
h  240  -759545 0.999939 0 -1 -0 0
h  241  -759560 0.999939 0 -1 -0 0
h  242  -752155 0.999939 0 -1 -0 0
h  243  -753501 0.999939 0 -1 -0 0
h  244  -753447 0.999939 0 -1 -0 0
h  245  -759462 0.999939 0 -1 -0 0
h  246  -750814 0.999939 0 -1 -0 0
h  247  -756266 0.999939 0 -1 -0 0
h  248  -759339 0.999939 0 -1 -0 0
h  249  -759340 0.999939 0 -1 -0 0
h  250  -757174 0.999939 0 -1 -0 0
h  251  -757185 0.999939 0 -1 -0 0
h  252  -757190 0.999939 0 -1 -0 0
h  253  -762993 0.999939 0 -1 -0 0
h  254  -762993 0.999939 0 -1 -0 0
h  255  -763177 0.999939 0 -1 -0 0
h  256  -763177 0.999939 0 -1 -0 0
h  257  -759389 0.999939 0 -1 -0 0
h  258  -756597 0.999939 0 -1 -0 0
h  259  -756598 0.999939 0 -1 -0 0
h  260  -759399 0.999939 0 -1 -0 0
h  261  -645827 0.999939 0 -1 -0 0
h  262  -645823 0.999939 0 -1 -0 0
h  263  -645827 0.999939 0 -1 -0 0
h  264  -645822 0.999939 0 -1 -0 0
h  265  -645324 0.999939 0 -1 -0 0
h  266  -645321 0.999939 0 -1 -0 0
h  267  -645323 0.999939 0 -1 -0 0
h  268  -645317 0.999939 0 -1 -0 0
h  269  -752331 0.999939 0 -1 -0 0
h  270  -644576 0.999939 0 -1 -0 0
h  271  -644575 0.999939 0 -1 -0 0
h  272  -644579 0.999939 0 -1 -0 0
h  273  -644579 0.999939 0 -1 -0 0
h  274  -760794 0.999939 0 -1 -0 0
h  275  -760809 0.999939 0 -1 -0 0
h  276  -760809 0.999939 0 -1 -0 0
h  277  -760785 0.999939 0 -1 -0 0
h  278  -752316 0.999939 0 -1 -0 0
h  279  -760251 0.999939 0 -1 -0 0
h  280  -760265 0.999939 0 -1 -0 0
h  281  -760266 0.999939 0 -1 -0 0
h  282  -760241 0.999939 0 -1 -0 0
h  283  -758428 0.999939 0 -1 -0 0
h  284  -758442 0.999939 0 -1 -0 0
h  285  -758445 0.999939 0 -1 -0 0
h  286  -754254 0.999939 0 -1 -0 0
h  287  -754213 0.999939 0 -1 -0 0
h  288  -755842 0.999939 0 -1 -0 0
h  289  -755832 0.999939 0 -1 -0 0
h  290  -763004 0.999939 0 -1 -0 0
h  291  -763004 0.999939 0 -1 -0 0
h  292  -762932 0.999939 0 -1 -0 0
h  293  -762932 0.999939 0 -1 -0 0
h  294  -752720 0.999939 0 -1 -0 0
h  295  -758330 0.999939 0 -1 -0 0
h  296  -762605 0.999939 0 -1 -0 0
h  297  -762604 0.999939 0 -1 -0 0
h  298  -762880 0.999939 0 -1 -0 0
h  299  -762880 0.999939 0 -1 -0 0
h  300  -753460 0.999939 0 -1 -0 0
h  301  -753460 0.999939 0 -1 -0 0
h  302  -752843 0.999939 0 -1 -0 0
h  303  -752843 0.999939 0 -1 -0 0
h  304  -757594 0.999939 0 -1 -0 0
h  305  -755423 0.999939 0 -1 -0 0
h  306  -755891 0.999939 0 -1 -0 0
h  307  -755898 0.999939 0 -1 -0 0
h  308  -754735 0.999939 0 -1 -0 0
h  309  -755901 0.999939 0 -1 -0 0
h  310  -756690 0.999939 0 -1 -0 0
h  311  -756701 0.999939 0 -1 -0 0
h  312  -756704 0.999939 0 -1 -0 0
h  313  -762048 0.999939 0 -1 -0 0
h  314  -762048 0.999939 0 -1 -0 0
h  315  -761131 0.999939 0 -1 -0 0
h  316  -761131 0.999939 0 -1 -0 0
h  817  -662290 0.999939 0 -1 -0 0
h  818  -670463 0.999939 0 -1 -0 0
h  819  -652527 0.999939 0 -1 -0 0
h  820  -657098 0.999939 0 -1 -0 0
h  821  -700539 0.999939 0 -1 -0 0
h  822  -681293 0.999939 0 -1 -0 0
h  823  -679536 0.999939 0 -1 -0 0
h  824  -728655 0.999939 0 -1 -0 0
h  825  -710620 0.999939 0 -1 -0 0
h  826  -696266 0.999939 0 -1 -0 0
h  827  -732067 0.999939 0 -1 -0 0
h  828  -707993 0.999939 0 -1 -0 0
h  829  -662284 0.999939 0 -1 -0 0
h  830  -670457 0.999939 0 -1 -0 0
h  831  -652517 0.999939 0 -1 -0 0
h  832  -657091 0.999939 0 -1 -0 0
h  833  -700534 0.999939 0 -1 -0 0
h  834  -681287 0.999939 0 -1 -0 0
h  835  -679531 0.999939 0 -1 -0 0
h  836  -728652 0.999939 0 -1 -0 0
h  837  -710616 0.999939 0 -1 -0 0
h  838  -696263 0.999939 0 -1 -0 0
h  839  -732065 0.999939 0 -1 -0 0
h  840  -707991 0.999939 0 -1 -0 0
h  877  -686937 0.999939 0 -1 -0 0
h  878  -671134 0.999939 0 -1 -0 0
h  879  -663413 0.999939 0 -1 -0 0
h  880  -684948 0.999939 0 -1 -0 0
h  881  -657539 0.999939 0 -1 -0 0
h  882  -653412 0.999939 0 -1 -0 0
h  901  -686947 0.999939 0 -1 -0 0
h  902  -671138 0.999939 0 -1 -0 0
h  903  -663408 0.999939 0 -1 -0 0
h  904  -684990 0.999939 0 -1 -0 0
h  905  -657537 0.999939 0 -1 -0 0
h  906  -653403 0.999939 0 -1 -0 0
h  1026  -763382 0.999939 0 -1 -0 0
h  1029  -762267 0.999939 0 -1 -0 0
h  1030  -763153 0.999939 0 -1 -0 0
h  1031  -763639 0.999939 0 -1 -0 0
h  1032  -763223 0.999939 0 -1 -0 0
h  1033  -761268 0.999939 0 -1 -0 0
h  1034  -762214 0.999939 0 -1 -0 0
h  1038  -763382 0.999939 0 -1 -0 0
h  1042  -763639 0.999939 0 -1 -0 0
h  1043  -762261 0.999939 0 -1 -0 0
h  1044  -763152 0.999939 0 -1 -0 0
h  1045  -763223 0.999939 0 -1 -0 0
h  1046  -761253 0.999939 0 -1 -0 0
h  1047  -762211 0.999939 0 -1 -0 0
h  1052  -763383 0.999939 0 -1 -0 0
h  1055  -762269 0.999939 0 -1 -0 0
h  1056  -763153 0.999939 0 -1 -0 0
h  1057  -763639 0.999939 0 -1 -0 0
h  1058  -763223 0.999939 0 -1 -0 0
h  1059  -761269 0.999939 0 -1 -0 0
h  1060  -762215 0.999939 0 -1 -0 0
h  1064  -763381 0.999939 0 -1 -0 0
h  1068  -763639 0.999939 0 -1 -0 0
h  1069  -762255 0.999939 0 -1 -0 0
h  1070  -763151 0.999939 0 -1 -0 0
h  1071  -763223 0.999939 0 -1 -0 0
h  1072  -761245 0.999939 0 -1 -0 0
h  1073  -762205 0.999939 0 -1 -0 0
h  1074  -749771 0.999939 0 -1 -0 0
h  1077  -752190 0.999939 0 -1 -0 0
h  1078  -752771 0.999939 0 -1 -0 0
h  1079  -753046 0.999939 0 -1 -0 0
h  1080  -749915 0.999939 0 -1 -0 0
h  1090  -749956 0.999939 0 -1 -0 0
h  1093  -752259 0.999939 0 -1 -0 0
h  1094  -752860 0.999939 0 -1 -0 0
h  1095  -749986 0.999939 0 -1 -0 0
h  1096  -753135 0.999939 0 -1 -0 0
h  1106  -749961 0.999939 0 -1 -0 0
h  1109  -752263 0.999939 0 -1 -0 0
h  1110  -752864 0.999939 0 -1 -0 0
h  1111  -749993 0.999939 0 -1 -0 0
h  1112  -753141 0.999939 0 -1 -0 0
h  1113  -763486 0.999939 0 -1 -0 0
h  1116  -763024 0.999939 0 -1 -0 0
h  1117  -763465 0.999939 0 -1 -0 0
h  1118  -762870 0.999939 0 -1 -0 0
h  1119  -763486 0.999939 0 -1 -0 0
h  1122  -763024 0.999939 0 -1 -0 0
h  1123  -763465 0.999939 0 -1 -0 0
h  1124  -762870 0.999939 0 -1 -0 0
h  1125  -644534 0.999939 0 -1 -0 0
h  1126  -645081 0.999939 0 -1 -0 0
h  1127  -644893 0.999939 0 -1 -0 0
h  1128  -644410 0.999939 0 -1 -0 0
h  1129  -643784 0.999939 0 -1 -0 0
h  1130  -644530 0.999939 0 -1 -0 0
h  1131  -645079 0.999939 0 -1 -0 0
h  1132  -644893 0.999939 0 -1 -0 0
h  1133  -644412 0.999939 0 -1 -0 0
h  1134  -643784 0.999939 0 -1 -0 0
h  1135  -645073 0.999939 0 -1 -0 0
h  1136  -644521 0.999939 0 -1 -0 0
h  1137  -644888 0.999939 0 -1 -0 0
h  1138  -643773 0.999939 0 -1 -0 0
h  1139  -644406 0.999939 0 -1 -0 0
h  1140  -645082 0.999939 0 -1 -0 0
h  1141  -644536 0.999939 0 -1 -0 0
h  1142  -644894 0.999939 0 -1 -0 0
h  1143  -643786 0.999939 0 -1 -0 0
h  1144  -644413 0.999939 0 -1 -0 0
SolidID  29   16 
h  562  -645231 0.999939 0 -1 -0 0
h  563  -645003 0.999939 0 -1 -0 0
h  564  -645003 0.999939 0 -1 -0 0
h  565  -645005 0.999939 0 -1 -0 0
h  566  -645229 0.999939 0 -1 -0 0
h  567  -645161 0.999939 0 -1 -0 0
h  568  -645160 0.999939 0 -1 -0 0
h  569  -645231 0.999939 0 -1 -0 0
h  570  -645163 0.999939 0 -1 -0 0
h  571  -645066 0.999939 0 -1 -0 0
h  572  -645065 0.999939 0 -1 -0 0
h  573  -645004 0.999939 0 -1 -0 0
h  574  -645228 0.999939 0 -1 -0 0
h  575  -645162 0.999939 0 -1 -0 0
h  576  -645065 0.999939 0 -1 -0 0
h  577  -645063 0.999939 0 -1 -0 0
SolidID  35   16 
h  333  -756684 0.999939 0 -1 -0 0
h  334  -761245 0.999939 0 -1 -0 0
h  335  -760295 0.999939 0 -1 -0 0
h  336  -757318 0.999939 0 -1 -0 0
h  337  -758567 0.999939 0 -1 -0 0
h  338  -759604 0.999939 0 -1 -0 0
h  339  -760864 0.999939 0 -1 -0 0
h  340  -758019 0.999939 0 -1 -0 0
h  341  -757259 0.999939 0 -1 -0 0
h  342  -756571 0.999939 0 -1 -0 0
h  343  -756418 0.999939 0 -1 -0 0
h  344  -761353 0.999939 0 -1 -0 0
h  345  -760870 0.999939 0 -1 -0 0
h  346  -758833 0.999939 0 -1 -0 0
h  347  -759889 0.999939 0 -1 -0 0
h  348  -761439 0.999939 0 -1 -0 0
SolidID  6   311 
h  113  -705435 0.999939 0 -1 -0 0
h  114  -705426 0.999939 0 -1 -0 0
h  115  -757895 0.999939 0 -1 -0 0
h  116  -757896 0.999939 0 -1 -0 0
h  117  -757970 0.999939 0 -1 -0 0
h  118  -757974 0.999939 0 -1 -0 0
h  119  -724989 0.999939 0 -1 -0 0
h  120  -724981 0.999939 0 -1 -0 0
h  121  -741192 0.999939 0 -1 -0 0
h  122  -741188 0.999939 0 -1 -0 0
h  123  -762210 0.999939 0 -1 -0 0
h  124  -762217 0.999939 0 -1 -0 0
h  125  -741390 0.999939 0 -1 -0 0
h  126  -741387 0.999939 0 -1 -0 0
h  127  -640626 0.999939 0 -1 -0 0
h  128  -640668 0.999939 0 -1 -0 0
h  129  -640576 0.999939 0 -1 -0 0
h  130  -640594 0.999939 0 -1 -0 0
h  131  -762257 0.999939 0 -1 -0 0
h  132  -762257 0.999939 0 -1 -0 0
h  133  -753374 0.999939 0 -1 -0 0
h  134  -753370 0.999939 0 -1 -0 0
h  135  -753030 0.999939 0 -1 -0 0
h  136  -753032 0.999939 0 -1 -0 0
h  137  -760486 0.999939 0 -1 -0 0
h  138  -760535 0.999939 0 -1 -0 0
h  139  -760491 0.999939 0 -1 -0 0
h  140  -760538 0.999939 0 -1 -0 0
h  141  -756156 0.999939 0 -1 -0 0
h  142  -756163 0.999939 0 -1 -0 0
h  143  -727304 0.999939 0 -1 -0 0
h  144  -727303 0.999939 0 -1 -0 0
h  145  -756612 0.999939 0 -1 -0 0
h  146  -756614 0.999939 0 -1 -0 0
h  147  -762424 0.999939 0 -1 -0 0
h  148  -762427 0.999939 0 -1 -0 0
h  149  -762462 0.999939 0 -1 -0 0
h  150  -762463 0.999939 0 -1 -0 0
h  151  -702591 0.999939 0 -1 -0 0
h  152  -702556 0.999939 0 -1 -0 0
h  153  -749432 0.999939 0 -1 -0 0
h  154  -749415 0.999939 0 -1 -0 0
h  155  -760246 0.999939 0 -1 -0 0
h  156  -760262 0.999939 0 -1 -0 0
h  157  -760276 0.999939 0 -1 -0 0
h  158  -760279 0.999939 0 -1 -0 0
h  159  -650611 0.999939 0 -1 -0 0
h  160  -650606 0.999939 0 -1 -0 0
h  161  -650577 0.999939 0 -1 -0 0
h  162  -650569 0.999939 0 -1 -0 0
h  163  -758764 0.999939 0 -1 -0 0
h  164  -758792 0.999939 0 -1 -0 0
h  165  -758797 0.999939 0 -1 -0 0
h  166  -758795 0.999939 0 -1 -0 0
h  167  -641089 0.999939 0 -1 -0 0
h  168  -641000 0.999939 0 -1 -0 0
h  169  -641099 0.999939 0 -1 -0 0
h  170  -641080 0.999939 0 -1 -0 0
h  171  -637724 0.999939 0 -1 -0 0
h  172  -637642 0.999939 0 -1 -0 0
h  173  -637729 0.999939 0 -1 -0 0
h  174  -637753 0.999939 0 -1 -0 0
h  175  -750106 0.999939 0 -1 -0 0
h  176  -750107 0.999939 0 -1 -0 0
h  177  -752891 0.999939 0 -1 -0 0
h  178  -752887 0.999939 0 -1 -0 0
h  179  -752882 0.999939 0 -1 -0 0
h  180  -752773 0.999939 0 -1 -0 0
h  181  -632476 0.999939 0 -1 -0 0
h  182  -632467 0.999939 0 -1 -0 0
h  183  -632404 0.999939 0 -1 -0 0
h  184  -632542 0.999939 0 -1 -0 0
h  185  -749273 0.999939 0 -1 -0 0
h  186  -749278 0.999939 0 -1 -0 0
h  187  -760849 0.999939 0 -1 -0 0
h  188  -760884 0.999939 0 -1 -0 0
h  189  -760875 0.999939 0 -1 -0 0
h  190  -760889 0.999939 0 -1 -0 0
h  191  -749286 0.999939 0 -1 -0 0
h  192  -756673 0.999939 0 -1 -0 0
h  193  -756793 0.999939 0 -1 -0 0
h  194  -756796 0.999939 0 -1 -0 0
h  195  -756797 0.999939 0 -1 -0 0
h  196  -749067 0.999939 0 -1 -0 0
h  197  -757188 0.999939 0 -1 -0 0
h  198  -641837 0.999939 0 -1 -0 0
h  199  -641834 0.999939 0 -1 -0 0
h  200  -641836 0.999939 0 -1 -0 0
h  201  -641824 0.999939 0 -1 -0 0
h  202  -646735 0.999939 0 -1 -0 0
h  203  -646724 0.999939 0 -1 -0 0
h  204  -646724 0.999939 0 -1 -0 0
h  205  -646717 0.999939 0 -1 -0 0
h  206  -645059 0.999939 0 -1 -0 0
h  207  -645051 0.999939 0 -1 -0 0
h  208  -645068 0.999939 0 -1 -0 0
h  209  -645048 0.999939 0 -1 -0 0
h  210  -757407 0.999939 0 -1 -0 0
h  211  -757414 0.999939 0 -1 -0 0
h  212  -757426 0.999939 0 -1 -0 0
h  213  -751613 0.999939 0 -1 -0 0
h  214  -759369 0.999939 0 -1 -0 0
h  215  -752424 0.999939 0 -1 -0 0
h  216  -752430 0.999939 0 -1 -0 0
h  217  -752441 0.999939 0 -1 -0 0
h  218  -759460 0.999939 0 -1 -0 0
h  219  -759468 0.999939 0 -1 -0 0
h  220  -759474 0.999939 0 -1 -0 0
h  221  -749158 0.999939 0 -1 -0 0
h  222  -755214 0.999939 0 -1 -0 0
h  223  -763483 0.999939 0 -1 -0 0
h  224  -763483 0.999939 0 -1 -0 0
h  225  -645989 0.999939 0 -1 -0 0
h  226  -645981 0.999939 0 -1 -0 0
h  227  -645991 0.999939 0 -1 -0 0
h  228  -645986 0.999939 0 -1 -0 0
h  229  -762675 0.999939 0 -1 -0 0
h  230  -762680 0.999939 0 -1 -0 0
h  231  -751858 0.999939 0 -1 -0 0
h  232  -751857 0.999939 0 -1 -0 0
h  233  -750342 0.999939 0 -1 -0 0
h  234  -755851 0.999939 0 -1 -0 0
h  235  -755859 0.999939 0 -1 -0 0
h  236  -755872 0.999939 0 -1 -0 0
h  237  -763228 0.999939 0 -1 -0 0
h  238  -763227 0.999939 0 -1 -0 0
h  239  -759556 0.999939 0 -1 -0 0
h  240  -759545 0.999939 0 -1 -0 0
h  241  -759560 0.999939 0 -1 -0 0
h  242  -752155 0.999939 0 -1 -0 0
h  243  -753501 0.999939 0 -1 -0 0
h  244  -753447 0.999939 0 -1 -0 0
h  245  -759462 0.999939 0 -1 -0 0
h  246  -750814 0.999939 0 -1 -0 0
h  247  -756266 0.999939 0 -1 -0 0
h  248  -759339 0.999939 0 -1 -0 0
h  249  -759340 0.999939 0 -1 -0 0
h  250  -757174 0.999939 0 -1 -0 0
h  251  -757185 0.999939 0 -1 -0 0
h  252  -757190 0.999939 0 -1 -0 0
h  253  -762993 0.999939 0 -1 -0 0
h  254  -762993 0.999939 0 -1 -0 0
h  255  -763177 0.999939 0 -1 -0 0
h  256  -763177 0.999939 0 -1 -0 0
h  257  -759389 0.999939 0 -1 -0 0
h  258  -756597 0.999939 0 -1 -0 0
h  259  -756598 0.999939 0 -1 -0 0
h  260  -759399 0.999939 0 -1 -0 0
h  261  -645827 0.999939 0 -1 -0 0
h  262  -645823 0.999939 0 -1 -0 0
h  263  -645827 0.999939 0 -1 -0 0
h  264  -645822 0.999939 0 -1 -0 0
h  265  -645324 0.999939 0 -1 -0 0
h  266  -645321 0.999939 0 -1 -0 0
h  267  -645323 0.999939 0 -1 -0 0
h  268  -645317 0.999939 0 -1 -0 0
h  269  -752331 0.999939 0 -1 -0 0
h  270  -644576 0.999939 0 -1 -0 0
h  271  -644575 0.999939 0 -1 -0 0
h  272  -644579 0.999939 0 -1 -0 0
h  273  -644579 0.999939 0 -1 -0 0
h  274  -760794 0.999939 0 -1 -0 0
h  275  -760809 0.999939 0 -1 -0 0
h  276  -760809 0.999939 0 -1 -0 0
h  277  -760785 0.999939 0 -1 -0 0
h  278  -752316 0.999939 0 -1 -0 0
h  279  -760251 0.999939 0 -1 -0 0
h  280  -760265 0.999939 0 -1 -0 0
h  281  -760266 0.999939 0 -1 -0 0
h  282  -760241 0.999939 0 -1 -0 0
h  283  -758428 0.999939 0 -1 -0 0
h  284  -758442 0.999939 0 -1 -0 0
h  285  -758445 0.999939 0 -1 -0 0
h  286  -754254 0.999939 0 -1 -0 0
h  287  -754213 0.999939 0 -1 -0 0
h  288  -755842 0.999939 0 -1 -0 0
h  289  -755832 0.999939 0 -1 -0 0
h  290  -763004 0.999939 0 -1 -0 0
h  291  -763004 0.999939 0 -1 -0 0
h  292  -762932 0.999939 0 -1 -0 0
h  293  -762932 0.999939 0 -1 -0 0
h  294  -752720 0.999939 0 -1 -0 0
h  295  -758330 0.999939 0 -1 -0 0
h  296  -762605 0.999939 0 -1 -0 0
h  297  -762604 0.999939 0 -1 -0 0
h  298  -762880 0.999939 0 -1 -0 0
h  299  -762880 0.999939 0 -1 -0 0
h  300  -753460 0.999939 0 -1 -0 0
h  301  -753460 0.999939 0 -1 -0 0
h  302  -752843 0.999939 0 -1 -0 0
h  303  -752843 0.999939 0 -1 -0 0
h  304  -757594 0.999939 0 -1 -0 0
h  305  -755423 0.999939 0 -1 -0 0
h  306  -755891 0.999939 0 -1 -0 0
h  307  -755898 0.999939 0 -1 -0 0
h  308  -754735 0.999939 0 -1 -0 0
h  309  -755901 0.999939 0 -1 -0 0
h  310  -756690 0.999939 0 -1 -0 0
h  311  -756701 0.999939 0 -1 -0 0
h  312  -756704 0.999939 0 -1 -0 0
h  313  -762048 0.999939 0 -1 -0 0
h  314  -762048 0.999939 0 -1 -0 0
h  315  -761131 0.999939 0 -1 -0 0
h  316  -761131 0.999939 0 -1 -0 0
h  817  -662290 0.999939 0 -1 -0 0
h  818  -670463 0.999939 0 -1 -0 0
h  819  -652527 0.999939 0 -1 -0 0
h  820  -657098 0.999939 0 -1 -0 0
h  821  -700539 0.999939 0 -1 -0 0
h  822  -681293 0.999939 0 -1 -0 0
h  823  -679536 0.999939 0 -1 -0 0
h  824  -728655 0.999939 0 -1 -0 0
h  825  -710620 0.999939 0 -1 -0 0
h  826  -696266 0.999939 0 -1 -0 0
h  827  -732067 0.999939 0 -1 -0 0
h  828  -707993 0.999939 0 -1 -0 0
h  829  -662284 0.999939 0 -1 -0 0
h  830  -670457 0.999939 0 -1 -0 0
h  831  -652517 0.999939 0 -1 -0 0
h  832  -657091 0.999939 0 -1 -0 0
h  833  -700534 0.999939 0 -1 -0 0
h  834  -681287 0.999939 0 -1 -0 0
h  835  -679531 0.999939 0 -1 -0 0
h  836  -728652 0.999939 0 -1 -0 0
h  837  -710616 0.999939 0 -1 -0 0
h  838  -696263 0.999939 0 -1 -0 0
h  839  -732065 0.999939 0 -1 -0 0
h  840  -707991 0.999939 0 -1 -0 0
h  877  -686937 0.999939 0 -1 -0 0
h  878  -671134 0.999939 0 -1 -0 0
h  879  -663413 0.999939 0 -1 -0 0
h  880  -684948 0.999939 0 -1 -0 0
h  881  -657539 0.999939 0 -1 -0 0
h  882  -653412 0.999939 0 -1 -0 0
h  901  -686947 0.999939 0 -1 -0 0
h  902  -671138 0.999939 0 -1 -0 0
h  903  -663408 0.999939 0 -1 -0 0
h  904  -684990 0.999939 0 -1 -0 0
h  905  -657537 0.999939 0 -1 -0 0
h  906  -653403 0.999939 0 -1 -0 0
h  1026  -763382 0.999939 0 -1 -0 0
h  1029  -762267 0.999939 0 -1 -0 0
h  1030  -763153 0.999939 0 -1 -0 0
h  1031  -763639 0.999939 0 -1 -0 0
h  1032  -763223 0.999939 0 -1 -0 0
h  1033  -761268 0.999939 0 -1 -0 0
h  1034  -762214 0.999939 0 -1 -0 0
h  1038  -763382 0.999939 0 -1 -0 0
h  1042  -763639 0.999939 0 -1 -0 0
h  1043  -762261 0.999939 0 -1 -0 0
h  1044  -763152 0.999939 0 -1 -0 0
h  1045  -763223 0.999939 0 -1 -0 0
h  1046  -761253 0.999939 0 -1 -0 0
h  1047  -762211 0.999939 0 -1 -0 0
h  1052  -763383 0.999939 0 -1 -0 0
h  1055  -762269 0.999939 0 -1 -0 0
h  1056  -763153 0.999939 0 -1 -0 0
h  1057  -763639 0.999939 0 -1 -0 0
h  1058  -763223 0.999939 0 -1 -0 0
h  1059  -761269 0.999939 0 -1 -0 0
h  1060  -762215 0.999939 0 -1 -0 0
h  1064  -763381 0.999939 0 -1 -0 0
h  1068  -763639 0.999939 0 -1 -0 0
h  1069  -762255 0.999939 0 -1 -0 0
h  1070  -763151 0.999939 0 -1 -0 0
h  1071  -763223 0.999939 0 -1 -0 0
h  1072  -761245 0.999939 0 -1 -0 0
h  1073  -762205 0.999939 0 -1 -0 0
h  1074  -749771 0.999939 0 -1 -0 0
h  1077  -752190 0.999939 0 -1 -0 0
h  1078  -752771 0.999939 0 -1 -0 0
h  1079  -753046 0.999939 0 -1 -0 0
h  1080  -749915 0.999939 0 -1 -0 0
h  1090  -749956 0.999939 0 -1 -0 0
h  1093  -752259 0.999939 0 -1 -0 0
h  1094  -752860 0.999939 0 -1 -0 0
h  1095  -749986 0.999939 0 -1 -0 0
h  1096  -753135 0.999939 0 -1 -0 0
h  1106  -749961 0.999939 0 -1 -0 0
h  1109  -752263 0.999939 0 -1 -0 0
h  1110  -752864 0.999939 0 -1 -0 0
h  1111  -749993 0.999939 0 -1 -0 0
h  1112  -753141 0.999939 0 -1 -0 0
h  1113  -763486 0.999939 0 -1 -0 0
h  1116  -763024 0.999939 0 -1 -0 0
h  1117  -763465 0.999939 0 -1 -0 0
h  1118  -762870 0.999939 0 -1 -0 0
h  1119  -763486 0.999939 0 -1 -0 0
h  1122  -763024 0.999939 0 -1 -0 0
h  1123  -763465 0.999939 0 -1 -0 0
h  1124  -762870 0.999939 0 -1 -0 0
h  1125  -644534 0.999939 0 -1 -0 0
h  1126  -645081 0.999939 0 -1 -0 0
h  1127  -644893 0.999939 0 -1 -0 0
h  1128  -644410 0.999939 0 -1 -0 0
h  1129  -643784 0.999939 0 -1 -0 0
h  1130  -644530 0.999939 0 -1 -0 0
h  1131  -645079 0.999939 0 -1 -0 0
h  1132  -644893 0.999939 0 -1 -0 0
h  1133  -644412 0.999939 0 -1 -0 0
h  1134  -643784 0.999939 0 -1 -0 0
h  1135  -645073 0.999939 0 -1 -0 0
h  1136  -644521 0.999939 0 -1 -0 0
h  1137  -644888 0.999939 0 -1 -0 0
h  1138  -643773 0.999939 0 -1 -0 0
h  1139  -644406 0.999939 0 -1 -0 0
h  1140  -645082 0.999939 0 -1 -0 0
h  1141  -644536 0.999939 0 -1 -0 0
h  1142  -644894 0.999939 0 -1 -0 0
h  1143  -643786 0.999939 0 -1 -0 0
h  1144  -644413 0.999939 0 -1 -0 0
SolidID  29   16 
h  562  -645231 0.999939 0 -1 -0 0
h  563  -645003 0.999939 0 -1 -0 0
h  564  -645003 0.999939 0 -1 -0 0
h  565  -645005 0.999939 0 -1 -0 0
h  566  -645229 0.999939 0 -1 -0 0
h  567  -645161 0.999939 0 -1 -0 0
h  568  -645160 0.999939 0 -1 -0 0
h  569  -645231 0.999939 0 -1 -0 0
h  570  -645163 0.999939 0 -1 -0 0
h  571  -645066 0.999939 0 -1 -0 0
h  572  -645065 0.999939 0 -1 -0 0
h  573  -645004 0.999939 0 -1 -0 0
h  574  -645228 0.999939 0 -1 -0 0
h  575  -645162 0.999939 0 -1 -0 0
h  576  -645065 0.999939 0 -1 -0 0
h  577  -645063 0.999939 0 -1 -0 0
SolidID  35   16 
h  333  -756684 0.999939 0 -1 -0 0
h  334  -761245 0.999939 0 -1 -0 0
h  335  -760295 0.999939 0 -1 -0 0
h  336  -757318 0.999939 0 -1 -0 0
h  337  -758567 0.999939 0 -1 -0 0
h  338  -759604 0.999939 0 -1 -0 0
h  339  -760864 0.999939 0 -1 -0 0
h  340  -758019 0.999939 0 -1 -0 0
h  341  -757259 0.999939 0 -1 -0 0
h  342  -756571 0.999939 0 -1 -0 0
h  343  -756418 0.999939 0 -1 -0 0
h  344  -761353 0.999939 0 -1 -0 0
h  345  -760870 0.999939 0 -1 -0 0
h  346  -758833 0.999939 0 -1 -0 0
h  347  -759889 0.999939 0 -1 -0 0
h  348  -761439 0.999939 0 -1 -0 0
SolidID  41   16 
h  81  -759812 0.999939 0 -1 -0 0
h  82  -759577 0.999939 0 -1 -0 0
h  83  -760830 0.999939 0 -1 -0 0
h  84  -756612 0.999939 0 -1 -0 0
h  85  -756418 0.999939 0 -1 -0 0
h  86  -761206 0.999939 0 -1 -0 0
h  87  -757245 0.999939 0 -1 -0 0
h  88  -757999 0.999939 0 -1 -0 0
h  89  -760264 0.999939 0 -1 -0 0
h  90  -757353 0.999939 0 -1 -0 0
h  91  -758582 0.999939 0 -1 -0 0
h  92  -761222 0.999939 0 -1 -0 0
h  93  -760722 0.999939 0 -1 -0 0
h  94  -761358 0.999939 0 -1 -0 0
h  95  -758810 0.999939 0 -1 -0 0
h  96  -756677 0.999939 0 -1 -0 0
SolidID  6   311 
h  113  -705435 0.999939 0 -1 -0 0
h  114  -705426 0.999939 0 -1 -0 0
h  115  -757895 0.999939 0 -1 -0 0
h  116  -757896 0.999939 0 -1 -0 0
h  117  -757970 0.999939 0 -1 -0 0
h  118  -757974 0.999939 0 -1 -0 0
h  119  -724989 0.999939 0 -1 -0 0
h  120  -724981 0.999939 0 -1 -0 0
h  121  -741192 0.999939 0 -1 -0 0
h  122  -741188 0.999939 0 -1 -0 0
h  123  -762210 0.999939 0 -1 -0 0
h  124  -762217 0.999939 0 -1 -0 0
h  125  -741390 0.999939 0 -1 -0 0
h  126  -741387 0.999939 0 -1 -0 0
h  127  -640626 0.999939 0 -1 -0 0
h  128  -640668 0.999939 0 -1 -0 0
h  129  -640576 0.999939 0 -1 -0 0
h  130  -640594 0.999939 0 -1 -0 0
h  131  -762257 0.999939 0 -1 -0 0
h  132  -762257 0.999939 0 -1 -0 0
h  133  -753374 0.999939 0 -1 -0 0
h  134  -753370 0.999939 0 -1 -0 0
h  135  -753030 0.999939 0 -1 -0 0
h  136  -753032 0.999939 0 -1 -0 0
h  137  -760486 0.999939 0 -1 -0 0
h  138  -760535 0.999939 0 -1 -0 0
h  139  -760491 0.999939 0 -1 -0 0
h  140  -760538 0.999939 0 -1 -0 0
h  141  -756156 0.999939 0 -1 -0 0
h  142  -756163 0.999939 0 -1 -0 0
h  143  -727304 0.999939 0 -1 -0 0
h  144  -727303 0.999939 0 -1 -0 0
h  145  -756612 0.999939 0 -1 -0 0
h  146  -756614 0.999939 0 -1 -0 0
h  147  -762424 0.999939 0 -1 -0 0
h  148  -762427 0.999939 0 -1 -0 0
h  149  -762462 0.999939 0 -1 -0 0
h  150  -762463 0.999939 0 -1 -0 0
h  151  -702591 0.999939 0 -1 -0 0
h  152  -702556 0.999939 0 -1 -0 0
h  153  -749432 0.999939 0 -1 -0 0
h  154  -749415 0.999939 0 -1 -0 0
h  155  -760246 0.999939 0 -1 -0 0
h  156  -760262 0.999939 0 -1 -0 0
h  157  -760276 0.999939 0 -1 -0 0
h  158  -760279 0.999939 0 -1 -0 0
h  159  -650611 0.999939 0 -1 -0 0
h  160  -650606 0.999939 0 -1 -0 0
h  161  -650577 0.999939 0 -1 -0 0
h  162  -650569 0.999939 0 -1 -0 0
h  163  -758764 0.999939 0 -1 -0 0
h  164  -758792 0.999939 0 -1 -0 0
h  165  -758797 0.999939 0 -1 -0 0
h  166  -758795 0.999939 0 -1 -0 0
h  167  -641089 0.999939 0 -1 -0 0
h  168  -641000 0.999939 0 -1 -0 0
h  169  -641099 0.999939 0 -1 -0 0
h  170  -641080 0.999939 0 -1 -0 0
h  171  -637724 0.999939 0 -1 -0 0
h  172  -637642 0.999939 0 -1 -0 0
h  173  -637729 0.999939 0 -1 -0 0
h  174  -637753 0.999939 0 -1 -0 0
h  175  -750106 0.999939 0 -1 -0 0
h  176  -750107 0.999939 0 -1 -0 0
h  177  -752891 0.999939 0 -1 -0 0
h  178  -752887 0.999939 0 -1 -0 0
h  179  -752882 0.999939 0 -1 -0 0
h  180  -752773 0.999939 0 -1 -0 0
h  181  -632476 0.999939 0 -1 -0 0
h  182  -632467 0.999939 0 -1 -0 0
h  183  -632404 0.999939 0 -1 -0 0
h  184  -632542 0.999939 0 -1 -0 0
h  185  -749273 0.999939 0 -1 -0 0
h  186  -749278 0.999939 0 -1 -0 0
h  187  -760849 0.999939 0 -1 -0 0
h  188  -760884 0.999939 0 -1 -0 0
h  189  -760875 0.999939 0 -1 -0 0
h  190  -760889 0.999939 0 -1 -0 0
h  191  -749286 0.999939 0 -1 -0 0
h  192  -756673 0.999939 0 -1 -0 0
h  193  -756793 0.999939 0 -1 -0 0
h  194  -756796 0.999939 0 -1 -0 0
h  195  -756797 0.999939 0 -1 -0 0
h  196  -749067 0.999939 0 -1 -0 0
h  197  -757188 0.999939 0 -1 -0 0
h  198  -641837 0.999939 0 -1 -0 0
h  199  -641834 0.999939 0 -1 -0 0
h  200  -641836 0.999939 0 -1 -0 0
h  201  -641824 0.999939 0 -1 -0 0
h  202  -646735 0.999939 0 -1 -0 0
h  203  -646724 0.999939 0 -1 -0 0
h  204  -646724 0.999939 0 -1 -0 0
h  205  -646717 0.999939 0 -1 -0 0
h  206  -645059 0.999939 0 -1 -0 0
h  207  -645051 0.999939 0 -1 -0 0
h  208  -645068 0.999939 0 -1 -0 0
h  209  -645048 0.999939 0 -1 -0 0
h  210  -757407 0.999939 0 -1 -0 0
h  211  -757414 0.999939 0 -1 -0 0
h  212  -757426 0.999939 0 -1 -0 0
h  213  -751613 0.999939 0 -1 -0 0
h  214  -759369 0.999939 0 -1 -0 0
h  215  -752424 0.999939 0 -1 -0 0
h  216  -752430 0.999939 0 -1 -0 0
h  217  -752441 0.999939 0 -1 -0 0
h  218  -759460 0.999939 0 -1 -0 0
h  219  -759468 0.999939 0 -1 -0 0
h  220  -759474 0.999939 0 -1 -0 0
h  221  -749158 0.999939 0 -1 -0 0
h  222  -755214 0.999939 0 -1 -0 0
h  223  -763483 0.999939 0 -1 -0 0
h  224  -763483 0.999939 0 -1 -0 0
h  225  -645989 0.999939 0 -1 -0 0
h  226  -645981 0.999939 0 -1 -0 0
h  227  -645991 0.999939 0 -1 -0 0
h  228  -645986 0.999939 0 -1 -0 0
h  229  -762675 0.999939 0 -1 -0 0
h  230  -762680 0.999939 0 -1 -0 0
h  231  -751858 0.999939 0 -1 -0 0
h  232  -751857 0.999939 0 -1 -0 0
h  233  -750342 0.999939 0 -1 -0 0
h  234  -755851 0.999939 0 -1 -0 0
h  235  -755859 0.999939 0 -1 -0 0
h  236  -755872 0.999939 0 -1 -0 0
h  237  -763228 0.999939 0 -1 -0 0
h  238  -763227 0.999939 0 -1 -0 0
h  239  -759556 0.999939 0 -1 -0 0
h  240  -759545 0.999939 0 -1 -0 0
h  241  -759560 0.999939 0 -1 -0 0
h  242  -752155 0.999939 0 -1 -0 0
h  243  -753501 0.999939 0 -1 -0 0
h  244  -753447 0.999939 0 -1 -0 0
h  245  -759462 0.999939 0 -1 -0 0
h  246  -750814 0.999939 0 -1 -0 0
h  247  -756266 0.999939 0 -1 -0 0
h  248  -759339 0.999939 0 -1 -0 0
h  249  -759340 0.999939 0 -1 -0 0
h  250  -757174 0.999939 0 -1 -0 0
h  251  -757185 0.999939 0 -1 -0 0
h  252  -757190 0.999939 0 -1 -0 0
h  253  -762993 0.999939 0 -1 -0 0
h  254  -762993 0.999939 0 -1 -0 0
h  255  -763177 0.999939 0 -1 -0 0
h  256  -763177 0.999939 0 -1 -0 0
h  257  -759389 0.999939 0 -1 -0 0
h  258  -756597 0.999939 0 -1 -0 0
h  259  -756598 0.999939 0 -1 -0 0
h  260  -759399 0.999939 0 -1 -0 0
h  261  -645827 0.999939 0 -1 -0 0
h  262  -645823 0.999939 0 -1 -0 0
h  263  -645827 0.999939 0 -1 -0 0
h  264  -645822 0.999939 0 -1 -0 0
h  265  -645324 0.999939 0 -1 -0 0
h  266  -645321 0.999939 0 -1 -0 0
h  267  -645323 0.999939 0 -1 -0 0
h  268  -645317 0.999939 0 -1 -0 0
h  269  -752331 0.999939 0 -1 -0 0
h  270  -644576 0.999939 0 -1 -0 0
h  271  -644575 0.999939 0 -1 -0 0
h  272  -644579 0.999939 0 -1 -0 0
h  273  -644579 0.999939 0 -1 -0 0
h  274  -760794 0.999939 0 -1 -0 0
h  275  -760809 0.999939 0 -1 -0 0
h  276  -760809 0.999939 0 -1 -0 0
h  277  -760785 0.999939 0 -1 -0 0
h  278  -752316 0.999939 0 -1 -0 0
h  279  -760251 0.999939 0 -1 -0 0
h  280  -760265 0.999939 0 -1 -0 0
h  281  -760266 0.999939 0 -1 -0 0
h  282  -760241 0.999939 0 -1 -0 0
h  283  -758428 0.999939 0 -1 -0 0
h  284  -758442 0.999939 0 -1 -0 0
h  285  -758445 0.999939 0 -1 -0 0
h  286  -754254 0.999939 0 -1 -0 0
h  287  -754213 0.999939 0 -1 -0 0
h  288  -755842 0.999939 0 -1 -0 0
h  289  -755832 0.999939 0 -1 -0 0
h  290  -763004 0.999939 0 -1 -0 0
h  291  -763004 0.999939 0 -1 -0 0
h  292  -762932 0.999939 0 -1 -0 0
h  293  -762932 0.999939 0 -1 -0 0
h  294  -752720 0.999939 0 -1 -0 0
h  295  -758330 0.999939 0 -1 -0 0
h  296  -762605 0.999939 0 -1 -0 0
h  297  -762604 0.999939 0 -1 -0 0
h  298  -762880 0.999939 0 -1 -0 0
h  299  -762880 0.999939 0 -1 -0 0
h  300  -753460 0.999939 0 -1 -0 0
h  301  -753460 0.999939 0 -1 -0 0
h  302  -752843 0.999939 0 -1 -0 0
h  303  -752843 0.999939 0 -1 -0 0
h  304  -757594 0.999939 0 -1 -0 0
h  305  -755423 0.999939 0 -1 -0 0
h  306  -755891 0.999939 0 -1 -0 0
h  307  -755898 0.999939 0 -1 -0 0
h  308  -754735 0.999939 0 -1 -0 0
h  309  -755901 0.999939 0 -1 -0 0
h  310  -756690 0.999939 0 -1 -0 0
h  311  -756701 0.999939 0 -1 -0 0
h  312  -756704 0.999939 0 -1 -0 0
h  313  -762048 0.999939 0 -1 -0 0
h  314  -762048 0.999939 0 -1 -0 0
h  315  -761131 0.999939 0 -1 -0 0
h  316  -761131 0.999939 0 -1 -0 0
h  817  -662290 0.999939 0 -1 -0 0
h  818  -670463 0.999939 0 -1 -0 0
h  819  -652527 0.999939 0 -1 -0 0
h  820  -657098 0.999939 0 -1 -0 0
h  821  -700539 0.999939 0 -1 -0 0
h  822  -681293 0.999939 0 -1 -0 0
h  823  -679536 0.999939 0 -1 -0 0
h  824  -728655 0.999939 0 -1 -0 0
h  825  -710620 0.999939 0 -1 -0 0
h  826  -696266 0.999939 0 -1 -0 0
h  827  -732067 0.999939 0 -1 -0 0
h  828  -707993 0.999939 0 -1 -0 0
h  829  -662284 0.999939 0 -1 -0 0
h  830  -670457 0.999939 0 -1 -0 0
h  831  -652517 0.999939 0 -1 -0 0
h  832  -657091 0.999939 0 -1 -0 0
h  833  -700534 0.999939 0 -1 -0 0
h  834  -681287 0.999939 0 -1 -0 0
h  835  -679531 0.999939 0 -1 -0 0
h  836  -728652 0.999939 0 -1 -0 0
h  837  -710616 0.999939 0 -1 -0 0
h  838  -696263 0.999939 0 -1 -0 0
h  839  -732065 0.999939 0 -1 -0 0
h  840  -707991 0.999939 0 -1 -0 0
h  877  -686937 0.999939 0 -1 -0 0
h  878  -671134 0.999939 0 -1 -0 0
h  879  -663413 0.999939 0 -1 -0 0
h  880  -684948 0.999939 0 -1 -0 0
h  881  -657539 0.999939 0 -1 -0 0
h  882  -653412 0.999939 0 -1 -0 0
h  901  -686947 0.999939 0 -1 -0 0
h  902  -671138 0.999939 0 -1 -0 0
h  903  -663408 0.999939 0 -1 -0 0
h  904  -684990 0.999939 0 -1 -0 0
h  905  -657537 0.999939 0 -1 -0 0
h  906  -653403 0.999939 0 -1 -0 0
h  1026  -763382 0.999939 0 -1 -0 0
h  1029  -762267 0.999939 0 -1 -0 0
h  1030  -763153 0.999939 0 -1 -0 0
h  1031  -763639 0.999939 0 -1 -0 0
h  1032  -763223 0.999939 0 -1 -0 0
h  1033  -761268 0.999939 0 -1 -0 0
h  1034  -762214 0.999939 0 -1 -0 0
h  1038  -763382 0.999939 0 -1 -0 0
h  1042  -763639 0.999939 0 -1 -0 0
h  1043  -762261 0.999939 0 -1 -0 0
h  1044  -763152 0.999939 0 -1 -0 0
h  1045  -763223 0.999939 0 -1 -0 0
h  1046  -761253 0.999939 0 -1 -0 0
h  1047  -762211 0.999939 0 -1 -0 0
h  1052  -763383 0.999939 0 -1 -0 0
h  1055  -762269 0.999939 0 -1 -0 0
h  1056  -763153 0.999939 0 -1 -0 0
h  1057  -763639 0.999939 0 -1 -0 0
h  1058  -763223 0.999939 0 -1 -0 0
h  1059  -761269 0.999939 0 -1 -0 0
h  1060  -762215 0.999939 0 -1 -0 0
h  1064  -763381 0.999939 0 -1 -0 0
h  1068  -763639 0.999939 0 -1 -0 0
h  1069  -762255 0.999939 0 -1 -0 0
h  1070  -763151 0.999939 0 -1 -0 0
h  1071  -763223 0.999939 0 -1 -0 0
h  1072  -761245 0.999939 0 -1 -0 0
h  1073  -762205 0.999939 0 -1 -0 0
h  1074  -749771 0.999939 0 -1 -0 0
h  1077  -752190 0.999939 0 -1 -0 0
h  1078  -752771 0.999939 0 -1 -0 0
h  1079  -753046 0.999939 0 -1 -0 0
h  1080  -749915 0.999939 0 -1 -0 0
h  1090  -749956 0.999939 0 -1 -0 0
h  1093  -752259 0.999939 0 -1 -0 0
h  1094  -752860 0.999939 0 -1 -0 0
h  1095  -749986 0.999939 0 -1 -0 0
h  1096  -753135 0.999939 0 -1 -0 0
h  1106  -749961 0.999939 0 -1 -0 0
h  1109  -752263 0.999939 0 -1 -0 0
h  1110  -752864 0.999939 0 -1 -0 0
h  1111  -749993 0.999939 0 -1 -0 0
h  1112  -753141 0.999939 0 -1 -0 0
h  1113  -763486 0.999939 0 -1 -0 0
h  1116  -763024 0.999939 0 -1 -0 0
h  1117  -763465 0.999939 0 -1 -0 0
h  1118  -762870 0.999939 0 -1 -0 0
h  1119  -763486 0.999939 0 -1 -0 0
h  1122  -763024 0.999939 0 -1 -0 0
h  1123  -763465 0.999939 0 -1 -0 0
h  1124  -762870 0.999939 0 -1 -0 0
h  1125  -644534 0.999939 0 -1 -0 0
h  1126  -645081 0.999939 0 -1 -0 0
h  1127  -644893 0.999939 0 -1 -0 0
h  1128  -644410 0.999939 0 -1 -0 0
h  1129  -643784 0.999939 0 -1 -0 0
h  1130  -644530 0.999939 0 -1 -0 0
h  1131  -645079 0.999939 0 -1 -0 0
h  1132  -644893 0.999939 0 -1 -0 0
h  1133  -644412 0.999939 0 -1 -0 0
h  1134  -643784 0.999939 0 -1 -0 0
h  1135  -645073 0.999939 0 -1 -0 0
h  1136  -644521 0.999939 0 -1 -0 0
h  1137  -644888 0.999939 0 -1 -0 0
h  1138  -643773 0.999939 0 -1 -0 0
h  1139  -644406 0.999939 0 -1 -0 0
h  1140  -645082 0.999939 0 -1 -0 0
h  1141  -644536 0.999939 0 -1 -0 0
h  1142  -644894 0.999939 0 -1 -0 0
h  1143  -643786 0.999939 0 -1 -0 0
h  1144  -644413 0.999939 0 -1 -0 0
SolidID  29   16 
h  562  -645231 0.999939 0 -1 -0 0
h  563  -645003 0.999939 0 -1 -0 0
h  564  -645003 0.999939 0 -1 -0 0
h  565  -645005 0.999939 0 -1 -0 0
h  566  -645229 0.999939 0 -1 -0 0
h  567  -645161 0.999939 0 -1 -0 0
h  568  -645160 0.999939 0 -1 -0 0
h  569  -645231 0.999939 0 -1 -0 0
h  570  -645163 0.999939 0 -1 -0 0
h  571  -645066 0.999939 0 -1 -0 0
h  572  -645065 0.999939 0 -1 -0 0
h  573  -645004 0.999939 0 -1 -0 0
h  574  -645228 0.999939 0 -1 -0 0
h  575  -645162 0.999939 0 -1 -0 0
h  576  -645065 0.999939 0 -1 -0 0
h  577  -645063 0.999939 0 -1 -0 0
SolidID  35   16 
h  333  -756684 0.999939 0 -1 -0 0
h  334  -761245 0.999939 0 -1 -0 0
h  335  -760295 0.999939 0 -1 -0 0
h  336  -757318 0.999939 0 -1 -0 0
h  337  -758567 0.999939 0 -1 -0 0
h  338  -759604 0.999939 0 -1 -0 0
h  339  -760864 0.999939 0 -1 -0 0
h  340  -758019 0.999939 0 -1 -0 0
h  341  -757259 0.999939 0 -1 -0 0
h  342  -756571 0.999939 0 -1 -0 0
h  343  -756418 0.999939 0 -1 -0 0
h  344  -761353 0.999939 0 -1 -0 0
h  345  -760870 0.999939 0 -1 -0 0
h  346  -758833 0.999939 0 -1 -0 0
h  347  -759889 0.999939 0 -1 -0 0
h  348  -761439 0.999939 0 -1 -0 0
SolidID  41   16 
h  81  -759812 0.999939 0 -1 -0 0
h  82  -759577 0.999939 0 -1 -0 0
h  83  -760830 0.999939 0 -1 -0 0
h  84  -756612 0.999939 0 -1 -0 0
h  85  -756418 0.999939 0 -1 -0 0
h  86  -761206 0.999939 0 -1 -0 0
h  87  -757245 0.999939 0 -1 -0 0
h  88  -757999 0.999939 0 -1 -0 0
h  89  -760264 0.999939 0 -1 -0 0
h  90  -757353 0.999939 0 -1 -0 0
h  91  -758582 0.999939 0 -1 -0 0
h  92  -761222 0.999939 0 -1 -0 0
h  93  -760722 0.999939 0 -1 -0 0
h  94  -761358 0.999939 0 -1 -0 0
h  95  -758810 0.999939 0 -1 -0 0
h  96  -756677 0.999939 0 -1 -0 0
SolidID  47   16 
h  97  -758812 0.999939 0 -1 -0 0
h  98  -758557 0.999939 0 -1 -0 0
h  99  -760828 0.999939 0 -1 -0 0
h  100  -756601 0.999939 0 -1 -0 0
h  101  -756432 0.999939 0 -1 -0 0
h  102  -761204 0.999939 0 -1 -0 0
h  103  -757253 0.999939 0 -1 -0 0
h  104  -758007 0.999939 0 -1 -0 0
h  105  -760262 0.999939 0 -1 -0 0
h  106  -757286 0.999939 0 -1 -0 0
h  107  -759575 0.999939 0 -1 -0 0
h  108  -761218 0.999939 0 -1 -0 0
h  109  -760716 0.999939 0 -1 -0 0
h  110  -761355 0.999939 0 -1 -0 0
h  111  -759800 0.999939 0 -1 -0 0
h  112  -756680 0.999939 0 -1 -0 0
SolidID  6   311 
h  113  -705435 0.999939 0 -1 -0 0
h  114  -705426 0.999939 0 -1 -0 0
h  115  -757895 0.999939 0 -1 -0 0
h  116  -757896 0.999939 0 -1 -0 0
h  117  -757970 0.999939 0 -1 -0 0
h  118  -757974 0.999939 0 -1 -0 0
h  119  -724989 0.999939 0 -1 -0 0
h  120  -724981 0.999939 0 -1 -0 0
h  121  -741192 0.999939 0 -1 -0 0
h  122  -741188 0.999939 0 -1 -0 0
h  123  -762210 0.999939 0 -1 -0 0
h  124  -762217 0.999939 0 -1 -0 0
h  125  -741390 0.999939 0 -1 -0 0
h  126  -741387 0.999939 0 -1 -0 0
h  127  -640626 0.999939 0 -1 -0 0
h  128  -640668 0.999939 0 -1 -0 0
h  129  -640576 0.999939 0 -1 -0 0
h  130  -640594 0.999939 0 -1 -0 0
h  131  -762257 0.999939 0 -1 -0 0
h  132  -762257 0.999939 0 -1 -0 0
h  133  -753374 0.999939 0 -1 -0 0
h  134  -753370 0.999939 0 -1 -0 0
h  135  -753030 0.999939 0 -1 -0 0
h  136  -753032 0.999939 0 -1 -0 0
h  137  -760486 0.999939 0 -1 -0 0
h  138  -760535 0.999939 0 -1 -0 0
h  139  -760491 0.999939 0 -1 -0 0
h  140  -760538 0.999939 0 -1 -0 0
h  141  -756156 0.999939 0 -1 -0 0
h  142  -756163 0.999939 0 -1 -0 0
h  143  -727304 0.999939 0 -1 -0 0
h  144  -727303 0.999939 0 -1 -0 0
h  145  -756612 0.999939 0 -1 -0 0
h  146  -756614 0.999939 0 -1 -0 0
h  147  -762424 0.999939 0 -1 -0 0
h  148  -762427 0.999939 0 -1 -0 0
h  149  -762462 0.999939 0 -1 -0 0
h  150  -762463 0.999939 0 -1 -0 0
h  151  -702591 0.999939 0 -1 -0 0
h  152  -702556 0.999939 0 -1 -0 0
h  153  -749432 0.999939 0 -1 -0 0
h  154  -749415 0.999939 0 -1 -0 0
h  155  -760246 0.999939 0 -1 -0 0
h  156  -760262 0.999939 0 -1 -0 0
h  157  -760276 0.999939 0 -1 -0 0
h  158  -760279 0.999939 0 -1 -0 0
h  159  -650611 0.999939 0 -1 -0 0
h  160  -650606 0.999939 0 -1 -0 0
h  161  -650577 0.999939 0 -1 -0 0
h  162  -650569 0.999939 0 -1 -0 0
h  163  -758764 0.999939 0 -1 -0 0
h  164  -758792 0.999939 0 -1 -0 0
h  165  -758797 0.999939 0 -1 -0 0
h  166  -758795 0.999939 0 -1 -0 0
h  167  -641089 0.999939 0 -1 -0 0
h  168  -641000 0.999939 0 -1 -0 0
h  169  -641099 0.999939 0 -1 -0 0
h  170  -641080 0.999939 0 -1 -0 0
h  171  -637724 0.999939 0 -1 -0 0
h  172  -637642 0.999939 0 -1 -0 0
h  173  -637729 0.999939 0 -1 -0 0
h  174  -637753 0.999939 0 -1 -0 0
h  175  -750106 0.999939 0 -1 -0 0
h  176  -750107 0.999939 0 -1 -0 0
h  177  -752891 0.999939 0 -1 -0 0
h  178  -752887 0.999939 0 -1 -0 0
h  179  -752882 0.999939 0 -1 -0 0
h  180  -752773 0.999939 0 -1 -0 0
h  181  -632476 0.999939 0 -1 -0 0
h  182  -632467 0.999939 0 -1 -0 0
h  183  -632404 0.999939 0 -1 -0 0
h  184  -632542 0.999939 0 -1 -0 0
h  185  -749273 0.999939 0 -1 -0 0
h  186  -749278 0.999939 0 -1 -0 0
h  187  -760849 0.999939 0 -1 -0 0
h  188  -760884 0.999939 0 -1 -0 0
h  189  -760875 0.999939 0 -1 -0 0
h  190  -760889 0.999939 0 -1 -0 0
h  191  -749286 0.999939 0 -1 -0 0
h  192  -756673 0.999939 0 -1 -0 0
h  193  -756793 0.999939 0 -1 -0 0
h  194  -756796 0.999939 0 -1 -0 0
h  195  -756797 0.999939 0 -1 -0 0
h  196  -749067 0.999939 0 -1 -0 0
h  197  -757188 0.999939 0 -1 -0 0
h  198  -641837 0.999939 0 -1 -0 0
h  199  -641834 0.999939 0 -1 -0 0
h  200  -641836 0.999939 0 -1 -0 0
h  201  -641824 0.999939 0 -1 -0 0
h  202  -646735 0.999939 0 -1 -0 0
h  203  -646724 0.999939 0 -1 -0 0
h  204  -646724 0.999939 0 -1 -0 0
h  205  -646717 0.999939 0 -1 -0 0
h  206  -645059 0.999939 0 -1 -0 0
h  207  -645051 0.999939 0 -1 -0 0
h  208  -645068 0.999939 0 -1 -0 0
h  209  -645048 0.999939 0 -1 -0 0
h  210  -757407 0.999939 0 -1 -0 0
h  211  -757414 0.999939 0 -1 -0 0
h  212  -757426 0.999939 0 -1 -0 0
h  213  -751613 0.999939 0 -1 -0 0
h  214  -759369 0.999939 0 -1 -0 0
h  215  -752424 0.999939 0 -1 -0 0
h  216  -752430 0.999939 0 -1 -0 0
h  217  -752441 0.999939 0 -1 -0 0
h  218  -759460 0.999939 0 -1 -0 0
h  219  -759468 0.999939 0 -1 -0 0
h  220  -759474 0.999939 0 -1 -0 0
h  221  -749158 0.999939 0 -1 -0 0
h  222  -755214 0.999939 0 -1 -0 0
h  223  -763483 0.999939 0 -1 -0 0
h  224  -763483 0.999939 0 -1 -0 0
h  225  -645989 0.999939 0 -1 -0 0
h  226  -645981 0.999939 0 -1 -0 0
h  227  -645991 0.999939 0 -1 -0 0
h  228  -645986 0.999939 0 -1 -0 0
h  229  -762675 0.999939 0 -1 -0 0
h  230  -762680 0.999939 0 -1 -0 0
h  231  -751858 0.999939 0 -1 -0 0
h  232  -751857 0.999939 0 -1 -0 0
h  233  -750342 0.999939 0 -1 -0 0
h  234  -755851 0.999939 0 -1 -0 0
h  235  -755859 0.999939 0 -1 -0 0
h  236  -755872 0.999939 0 -1 -0 0
h  237  -763228 0.999939 0 -1 -0 0
h  238  -763227 0.999939 0 -1 -0 0
h  239  -759556 0.999939 0 -1 -0 0
h  240  -759545 0.999939 0 -1 -0 0
h  241  -759560 0.999939 0 -1 -0 0
h  242  -752155 0.999939 0 -1 -0 0
h  243  -753501 0.999939 0 -1 -0 0
h  244  -753447 0.999939 0 -1 -0 0
h  245  -759462 0.999939 0 -1 -0 0
h  246  -750814 0.999939 0 -1 -0 0
h  247  -756266 0.999939 0 -1 -0 0
h  248  -759339 0.999939 0 -1 -0 0
h  249  -759340 0.999939 0 -1 -0 0
h  250  -757174 0.999939 0 -1 -0 0
h  251  -757185 0.999939 0 -1 -0 0
h  252  -757190 0.999939 0 -1 -0 0
h  253  -762993 0.999939 0 -1 -0 0
h  254  -762993 0.999939 0 -1 -0 0
h  255  -763177 0.999939 0 -1 -0 0
h  256  -763177 0.999939 0 -1 -0 0
h  257  -759389 0.999939 0 -1 -0 0
h  258  -756597 0.999939 0 -1 -0 0
h  259  -756598 0.999939 0 -1 -0 0
h  260  -759399 0.999939 0 -1 -0 0
h  261  -645827 0.999939 0 -1 -0 0
h  262  -645823 0.999939 0 -1 -0 0
h  263  -645827 0.999939 0 -1 -0 0
h  264  -645822 0.999939 0 -1 -0 0
h  265  -645324 0.999939 0 -1 -0 0
h  266  -645321 0.999939 0 -1 -0 0
h  267  -645323 0.999939 0 -1 -0 0
h  268  -645317 0.999939 0 -1 -0 0
h  269  -752331 0.999939 0 -1 -0 0
h  270  -644576 0.999939 0 -1 -0 0
h  271  -644575 0.999939 0 -1 -0 0
h  272  -644579 0.999939 0 -1 -0 0
h  273  -644579 0.999939 0 -1 -0 0
h  274  -760794 0.999939 0 -1 -0 0
h  275  -760809 0.999939 0 -1 -0 0
h  276  -760809 0.999939 0 -1 -0 0
h  277  -760785 0.999939 0 -1 -0 0
h  278  -752316 0.999939 0 -1 -0 0
h  279  -760251 0.999939 0 -1 -0 0
h  280  -760265 0.999939 0 -1 -0 0
h  281  -760266 0.999939 0 -1 -0 0
h  282  -760241 0.999939 0 -1 -0 0
h  283  -758428 0.999939 0 -1 -0 0
h  284  -758442 0.999939 0 -1 -0 0
h  285  -758445 0.999939 0 -1 -0 0
h  286  -754254 0.999939 0 -1 -0 0
h  287  -754213 0.999939 0 -1 -0 0
h  288  -755842 0.999939 0 -1 -0 0
h  289  -755832 0.999939 0 -1 -0 0
h  290  -763004 0.999939 0 -1 -0 0
h  291  -763004 0.999939 0 -1 -0 0
h  292  -762932 0.999939 0 -1 -0 0
h  293  -762932 0.999939 0 -1 -0 0
h  294  -752720 0.999939 0 -1 -0 0
h  295  -758330 0.999939 0 -1 -0 0
h  296  -762605 0.999939 0 -1 -0 0
h  297  -762604 0.999939 0 -1 -0 0
h  298  -762880 0.999939 0 -1 -0 0
h  299  -762880 0.999939 0 -1 -0 0
h  300  -753460 0.999939 0 -1 -0 0
h  301  -753460 0.999939 0 -1 -0 0
h  302  -752843 0.999939 0 -1 -0 0
h  303  -752843 0.999939 0 -1 -0 0
h  304  -757594 0.999939 0 -1 -0 0
h  305  -755423 0.999939 0 -1 -0 0
h  306  -755891 0.999939 0 -1 -0 0
h  307  -755898 0.999939 0 -1 -0 0
h  308  -754735 0.999939 0 -1 -0 0
h  309  -755901 0.999939 0 -1 -0 0
h  310  -756690 0.999939 0 -1 -0 0
h  311  -756701 0.999939 0 -1 -0 0
h  312  -756704 0.999939 0 -1 -0 0
h  313  -762048 0.999939 0 -1 -0 0
h  314  -762048 0.999939 0 -1 -0 0
h  315  -761131 0.999939 0 -1 -0 0
h  316  -761131 0.999939 0 -1 -0 0
h  817  -662290 0.999939 0 -1 -0 0
h  818  -670463 0.999939 0 -1 -0 0
h  819  -652527 0.999939 0 -1 -0 0
h  820  -657098 0.999939 0 -1 -0 0
h  821  -700539 0.999939 0 -1 -0 0
h  822  -681293 0.999939 0 -1 -0 0
h  823  -679536 0.999939 0 -1 -0 0
h  824  -728655 0.999939 0 -1 -0 0
h  825  -710620 0.999939 0 -1 -0 0
h  826  -696266 0.999939 0 -1 -0 0
h  827  -732067 0.999939 0 -1 -0 0
h  828  -707993 0.999939 0 -1 -0 0
h  829  -662284 0.999939 0 -1 -0 0
h  830  -670457 0.999939 0 -1 -0 0
h  831  -652517 0.999939 0 -1 -0 0
h  832  -657091 0.999939 0 -1 -0 0
h  833  -700534 0.999939 0 -1 -0 0
h  834  -681287 0.999939 0 -1 -0 0
h  835  -679531 0.999939 0 -1 -0 0
h  836  -728652 0.999939 0 -1 -0 0
h  837  -710616 0.999939 0 -1 -0 0
h  838  -696263 0.999939 0 -1 -0 0
h  839  -732065 0.999939 0 -1 -0 0
h  840  -707991 0.999939 0 -1 -0 0
h  877  -686937 0.999939 0 -1 -0 0
h  878  -671134 0.999939 0 -1 -0 0
h  879  -663413 0.999939 0 -1 -0 0
h  880  -684948 0.999939 0 -1 -0 0
h  881  -657539 0.999939 0 -1 -0 0
h  882  -653412 0.999939 0 -1 -0 0
h  901  -686947 0.999939 0 -1 -0 0
h  902  -671138 0.999939 0 -1 -0 0
h  903  -663408 0.999939 0 -1 -0 0
h  904  -684990 0.999939 0 -1 -0 0
h  905  -657537 0.999939 0 -1 -0 0
h  906  -653403 0.999939 0 -1 -0 0
h  1026  -763382 0.999939 0 -1 -0 0
h  1029  -762267 0.999939 0 -1 -0 0
h  1030  -763153 0.999939 0 -1 -0 0
h  1031  -763639 0.999939 0 -1 -0 0
h  1032  -763223 0.999939 0 -1 -0 0
h  1033  -761268 0.999939 0 -1 -0 0
h  1034  -762214 0.999939 0 -1 -0 0
h  1038  -763382 0.999939 0 -1 -0 0
h  1042  -763639 0.999939 0 -1 -0 0
h  1043  -762261 0.999939 0 -1 -0 0
h  1044  -763152 0.999939 0 -1 -0 0
h  1045  -763223 0.999939 0 -1 -0 0
h  1046  -761253 0.999939 0 -1 -0 0
h  1047  -762211 0.999939 0 -1 -0 0
h  1052  -763383 0.999939 0 -1 -0 0
h  1055  -762269 0.999939 0 -1 -0 0
h  1056  -763153 0.999939 0 -1 -0 0
h  1057  -763639 0.999939 0 -1 -0 0
h  1058  -763223 0.999939 0 -1 -0 0
h  1059  -761269 0.999939 0 -1 -0 0
h  1060  -762215 0.999939 0 -1 -0 0
h  1064  -763381 0.999939 0 -1 -0 0
h  1068  -763639 0.999939 0 -1 -0 0
h  1069  -762255 0.999939 0 -1 -0 0
h  1070  -763151 0.999939 0 -1 -0 0
h  1071  -763223 0.999939 0 -1 -0 0
h  1072  -761245 0.999939 0 -1 -0 0
h  1073  -762205 0.999939 0 -1 -0 0
h  1074  -749771 0.999939 0 -1 -0 0
h  1077  -752190 0.999939 0 -1 -0 0
h  1078  -752771 0.999939 0 -1 -0 0
h  1079  -753046 0.999939 0 -1 -0 0
h  1080  -749915 0.999939 0 -1 -0 0
h  1090  -749956 0.999939 0 -1 -0 0
h  1093  -752259 0.999939 0 -1 -0 0
h  1094  -752860 0.999939 0 -1 -0 0
h  1095  -749986 0.999939 0 -1 -0 0
h  1096  -753135 0.999939 0 -1 -0 0
h  1106  -749961 0.999939 0 -1 -0 0
h  1109  -752263 0.999939 0 -1 -0 0
h  1110  -752864 0.999939 0 -1 -0 0
h  1111  -749993 0.999939 0 -1 -0 0
h  1112  -753141 0.999939 0 -1 -0 0
h  1113  -763486 0.999939 0 -1 -0 0
h  1116  -763024 0.999939 0 -1 -0 0
h  1117  -763465 0.999939 0 -1 -0 0
h  1118  -762870 0.999939 0 -1 -0 0
h  1119  -763486 0.999939 0 -1 -0 0
h  1122  -763024 0.999939 0 -1 -0 0
h  1123  -763465 0.999939 0 -1 -0 0
h  1124  -762870 0.999939 0 -1 -0 0
h  1125  -644534 0.999939 0 -1 -0 0
h  1126  -645081 0.999939 0 -1 -0 0
h  1127  -644893 0.999939 0 -1 -0 0
h  1128  -644410 0.999939 0 -1 -0 0
h  1129  -643784 0.999939 0 -1 -0 0
h  1130  -644530 0.999939 0 -1 -0 0
h  1131  -645079 0.999939 0 -1 -0 0
h  1132  -644893 0.999939 0 -1 -0 0
h  1133  -644412 0.999939 0 -1 -0 0
h  1134  -643784 0.999939 0 -1 -0 0
h  1135  -645073 0.999939 0 -1 -0 0
h  1136  -644521 0.999939 0 -1 -0 0
h  1137  -644888 0.999939 0 -1 -0 0
h  1138  -643773 0.999939 0 -1 -0 0
h  1139  -644406 0.999939 0 -1 -0 0
h  1140  -645082 0.999939 0 -1 -0 0
h  1141  -644536 0.999939 0 -1 -0 0
h  1142  -644894 0.999939 0 -1 -0 0
h  1143  -643786 0.999939 0 -1 -0 0
h  1144  -644413 0.999939 0 -1 -0 0
SolidID  29   16 
h  562  -645231 0.999939 0 -1 -0 0
h  563  -645003 0.999939 0 -1 -0 0
h  564  -645003 0.999939 0 -1 -0 0
h  565  -645005 0.999939 0 -1 -0 0
h  566  -645229 0.999939 0 -1 -0 0
h  567  -645161 0.999939 0 -1 -0 0
h  568  -645160 0.999939 0 -1 -0 0
h  569  -645231 0.999939 0 -1 -0 0
h  570  -645163 0.999939 0 -1 -0 0
h  571  -645066 0.999939 0 -1 -0 0
h  572  -645065 0.999939 0 -1 -0 0
h  573  -645004 0.999939 0 -1 -0 0
h  574  -645228 0.999939 0 -1 -0 0
h  575  -645162 0.999939 0 -1 -0 0
h  576  -645065 0.999939 0 -1 -0 0
h  577  -645063 0.999939 0 -1 -0 0
SolidID  35   16 
h  333  -756684 0.999939 0 -1 -0 0
h  334  -761245 0.999939 0 -1 -0 0
h  335  -760295 0.999939 0 -1 -0 0
h  336  -757318 0.999939 0 -1 -0 0
h  337  -758567 0.999939 0 -1 -0 0
h  338  -759604 0.999939 0 -1 -0 0
h  339  -760864 0.999939 0 -1 -0 0
h  340  -758019 0.999939 0 -1 -0 0
h  341  -757259 0.999939 0 -1 -0 0
h  342  -756571 0.999939 0 -1 -0 0
h  343  -756418 0.999939 0 -1 -0 0
h  344  -761353 0.999939 0 -1 -0 0
h  345  -760870 0.999939 0 -1 -0 0
h  346  -758833 0.999939 0 -1 -0 0
h  347  -759889 0.999939 0 -1 -0 0
h  348  -761439 0.999939 0 -1 -0 0
SolidID  41   16 
h  81  -759812 0.999939 0 -1 -0 0
h  82  -759577 0.999939 0 -1 -0 0
h  83  -760830 0.999939 0 -1 -0 0
h  84  -756612 0.999939 0 -1 -0 0
h  85  -756418 0.999939 0 -1 -0 0
h  86  -761206 0.999939 0 -1 -0 0
h  87  -757245 0.999939 0 -1 -0 0
h  88  -757999 0.999939 0 -1 -0 0
h  89  -760264 0.999939 0 -1 -0 0
h  90  -757353 0.999939 0 -1 -0 0
h  91  -758582 0.999939 0 -1 -0 0
h  92  -761222 0.999939 0 -1 -0 0
h  93  -760722 0.999939 0 -1 -0 0
h  94  -761358 0.999939 0 -1 -0 0
h  95  -758810 0.999939 0 -1 -0 0
h  96  -756677 0.999939 0 -1 -0 0
SolidID  47   16 
h  97  -758812 0.999939 0 -1 -0 0
h  98  -758557 0.999939 0 -1 -0 0
h  99  -760828 0.999939 0 -1 -0 0
h  100  -756601 0.999939 0 -1 -0 0
h  101  -756432 0.999939 0 -1 -0 0
h  102  -761204 0.999939 0 -1 -0 0
h  103  -757253 0.999939 0 -1 -0 0
h  104  -758007 0.999939 0 -1 -0 0
h  105  -760262 0.999939 0 -1 -0 0
h  106  -757286 0.999939 0 -1 -0 0
h  107  -759575 0.999939 0 -1 -0 0
h  108  -761218 0.999939 0 -1 -0 0
h  109  -760716 0.999939 0 -1 -0 0
h  110  -761355 0.999939 0 -1 -0 0
h  111  -759800 0.999939 0 -1 -0 0
h  112  -756680 0.999939 0 -1 -0 0
SolidID  53   16 
h  317  -761439 0.999939 0 -1 -0 0
h  318  -756418 0.999939 0 -1 -0 0
h  319  -757318 0.999939 0 -1 -0 0
h  320  -760294 0.999939 0 -1 -0 0
h  321  -758567 0.999939 0 -1 -0 0
h  322  -759604 0.999939 0 -1 -0 0
h  323  -756571 0.999939 0 -1 -0 0
h  324  -760864 0.999939 0 -1 -0 0
h  325  -757259 0.999939 0 -1 -0 0
h  326  -758019 0.999939 0 -1 -0 0
h  327  -761245 0.999939 0 -1 -0 0
h  328  -760869 0.999939 0 -1 -0 0
h  329  -761353 0.999939 0 -1 -0 0
h  330  -756684 0.999939 0 -1 -0 0
h  331  -758833 0.999939 0 -1 -0 0
h  332  -759889 0.999939 0 -1 -0 0
E_DATA
B_MESH_DATA
Dim 2 
NumPts 226 
NumElems 391 
1   0.00046194   -0.000191342    0
2   0   0    0
3   0.0005   0    0
4   0   -0.0005    0
5   -0.000191342   -0.00046194    0
6   0.000191342   -0.00046194    0
7   0   0.0005    0
8   0.000191342   0.00046194    0
9   -0.00046194   0.000191342    0
10   -0.0005   0    0
11   -0.000353553   0.000353553    0
12   -0.000353553   -0.000353553    0
13   -0.00046194   -0.000191342    0
14   0.00046194   0.000191342    0
15   0.000353553   0.000353553    0
16   -0.000191342   0.00046194    0
17   0.000353553   -0.000353553    0
18   -0.0191913   0.00253806    0
19   -0.0193536   0.00264645    0
20   -0.019   0.003    0
21   -0.0185381   0.00319134    0
22   -0.0186464   0.00335355    0
23   -0.0185381   0.00280866    0
24   -0.0185   0.003    0
25   -0.0195   0.003    0
26   -0.0194619   0.00319134    0
27   -0.0193536   0.00335355    0
28   -0.0186464   0.00264645    0
29   -0.019   0.0025    0
30   -0.0188087   0.00253806    0
31   -0.0194619   0.00280866    0
32   -0.0188087   0.00346194    0
33   -0.019   0.0035    0
34   -0.0191913   0.00346194    0
35   0.0188087   -0.00346194    0
36   0.0186464   -0.00335355    0
37   0.019   -0.003    0
38   0.0194619   -0.00280866    0
39   0.0193536   -0.00264645    0
40   0.0195   -0.003    0
41   0.0194619   -0.00319134    0
42   0.0185381   -0.00280866    0
43   0.0185   -0.003    0
44   0.0193536   -0.00335355    0
45   0.0186464   -0.00264645    0
46   0.0185381   -0.00319134    0
47   0.0191913   -0.00253806    0
48   0.019   -0.0025    0
49   0.0188087   -0.00253806    0
50   0.0191913   -0.00346194    0
51   0.019   -0.0035    0
52   0.00625879   -0.000314318    0
53   0.00809979   0.00227818    0
54   0.00932781   -0.000361583    0
55   -0.00625878   0.000314308    0
56   -0.00809977   -0.0022782    0
57   -0.0093277   0.000361471    0
58   0.0122872   -9.9324e-05    0
59   0.0136695   0.00209724    0
60   0.0156146   -1.77949e-05    0
61   -0.0122866   9.84594e-05    0
62   -0.0136685   -0.00209833    0
63   -0.0156109   1.22478e-05    0
64   -0.0136654   0.00216612    0
65   0.0136661   -0.00216702    0
66   0.0108434   0.00204768    0
67   -0.0108432   -0.00204787    0
68   0.0152937   0.004    0
69   0.0118537   0.004    0
70   -0.0152937   -0.004    0
71   -0.0118537   -0.004    0
72   0.0108137   -0.00242839    0
73   -0.0108135   0.00242822    0
74   0.00213698   0.00167564    0
75   0.00172475   0.004    0
76   0.00445878   0.004    0
77   -0.00213698   -0.00167564    0
78   -0.00172475   -0.004    0
79   -0.00445878   -0.004    0
80   -0.00213698   0.00168472    0
81   -0.00445878   0.004    0
82   -0.00172475   0.004    0
83   0.00213698   -0.00168472    0
84   0.00445878   -0.004    0
85   0.00172475   -0.004    0
86   -0.0118537   0.004    0
87   -0.0152937   0.004    0
88   0.0118537   -0.004    0
89   0.0152937   -0.004    0
90   0.0162659   0.00236746    0
91   -0.0162618   0.00237855    0
92   -0.0162621   -0.00237057    0
93   0.0162628   -0.00238025    0
94   0.01   0.004    0
95   -0.01   -0.004    0
96   0.00787303   0.004    0
97   -0.00787303   -0.004    0
98   0.0175053   0.00136899    0
99   -0.0174857   -0.00138262    0
100   -0.0174857   0.00138499    0
101   0.0174884   -0.00139223    0
102   0.00346513   -4.13823e-05    0
103   0.00139798   -3.72798e-06    0
104   -0.00346513   4.13817e-05    0
105   -0.00139798   3.72795e-06    0
106   0.0180153   -2.701e-05    0
107   -0.0180056   9.89457e-07    0
108   0.000774773   0.00154661    0
109   -0.000774773   -0.00154661    0
110   0.000774773   -0.00154726    0
111   -0.000774773   0.00154726    0
112   0   0.00267957    0
113   0   -0.00267957    0
114   -0.01   0.004    0
115   0.01   -0.004    0
116   -0.0188095   -0.00120225    0
117   -0.02   0    0
118   -0.0188095   0.00120247    0
119   0.02   -5.58436e-05    0
120   0.0188118   -0.00121841    0
121   0.0188534   0.00113319    0
122   0   0.004    0
123   0   -0.004    0
124   -0.02   0.0016728    0
125   -0.02   -0.0016728    0
126   0.0179395   0.00261664    0
127   -0.0179285   0.00261737    0
128   -0.0179285   -0.00261682    0
129   0.0179291   -0.00261862    0
130   0.02   -0.001681    0
131   0.02   0.00134084    0
132   0.0185377   0.00211314    0
133   0   0.00117155    0
134   0   -0.00117155    0
135   0.00102345   0.000725765    0
136   -0.00102345   -0.000725765    0
137   0.00102345   -0.000727271    0
138   -0.00102345   0.000727271    0
139   -0.0184405   -0.002078    0
140   -0.0184405   0.00207815    0
141   0.0184415   -0.00208189    0
142   0.0192478   0.00208059    0
143   -0.0190348   -0.00208625    0
144   -0.0190348   0.00208626    0
145   0.0190354   -0.00209027    0
146   0.02   0.00234087    0
147   -0.0186464   0.004    0
148   -0.017684   0.004    0
149   0.0186464   -0.004    0
150   0.017684   -0.004    0
151   -0.0191913   -0.00346194    0
152   -0.019   -0.004    0
153   -0.02   -0.004    0
154   0.0191913   0.00346194    0
155   0.019   0.004    0
156   0.02   0.004    0
157   -0.02   0.003    0
158   -0.02   0.004    0
159   0.02   -0.003    0
160   0.02   -0.004    0
161   0.0195   0.003    0
162   0.02   0.00340176    0
163   -0.0192442   0.00366996    0
164   0.0192442   -0.00366996    0
165   -0.0186464   -0.00264645    0
166   0.0193536   0.00264645    0
167   0.0193536   0.00335355    0
168   -0.02   -0.00340903    0
169   -0.0193536   -0.00335355    0
170   0.0186464   0.00264645    0
171   -0.02   -0.00280866    0
172   -0.0195   -0.003    0
173   0.019   0.0025    0
174   -0.0188087   -0.00253806    0
175   0.0194619   0.00280866    0
176   -0.0185381   -0.00280866    0
177   -0.0185   -0.003    0
178   0.0185381   0.00280866    0
179   0.0185   0.003    0
180   -0.0194619   -0.00319134    0
181   0.0194619   0.00319134    0
182   -0.0194619   -0.00280866    0
183   0.0188087   0.00253806    0
184   -0.019   -0.0035    0
185   0.019   0.0035    0
186   0.0188087   0.00346194    0
187   -0.0188087   -0.00346194    0
188   0.0191913   0.00253806    0
189   -0.0191913   -0.00253806    0
190   -0.019   -0.0025    0
191   0.00535878   -0.00215716    0
192   0.00787303   -0.004    0
193   0.00706591   -0.00215716    0
194   0.00893978   -0.00229278    0
195   -0.00535878   0.00215715    0
196   -0.00787303   0.004    0
197   -0.0070659   0.00215715    0
198   -0.00893971   0.00229269    0
199   -0.00535878   -0.00184285    0
200   0.00535878   0.00184284    0
201   -0.0164888   0.004    0
202   -0.0172087   0.00330868    0
203   -0.0164888   -0.004    0
204   -0.0172087   -0.00330841    0
205   -0.017684   -0.004    0
206   -0.0185381   -0.00319134    0
207   0.0164888   -0.004    0
208   0.017209   -0.00330931    0
209   0.0164889   0.004    0
210   0.0172142   0.00330832    0
211   0.0176841   0.004    0
212   0.0185381   0.00319134    0
213   -0.02   -0.00224073    0
214   -0.0193536   -0.00264645    0
215   -0.02   0.0023364    0
216   0.02   -0.0023405    0
217   -0.018342   -0.004    0
218   -0.0186464   -0.00335355    0
219   0.0183421   0.004    0
220   0.0186464   0.00335355    0
221   0.000564163   -0.000950405    0
222   -0.000564163   0.000950405    0
223   -0.000564163   -0.000950081    0
224   0.000564163   0.000950081    0
225   -0.019   -0.003    0
226   0.019   0.003    0
562  29  1  2  3 
563  29  4  5  2 
564  29  4  2  6 
565  29  7  8  2 
566  29  9  2  10 
567  29  9  11  2 
568  29  12  13  2 
569  29  14  3  2 
570  29  15  14  2 
571  29  15  2  8 
572  29  11  16  2 
573  29  7  2  16 
574  29  13  10  2 
575  29  1  17  2 
576  29  17  6  2 
577  29  12  2  5 
333  35  18  19  20 
334  35  21  20  22 
335  35  23  20  24 
336  35  25  26  20 
337  35  26  27  20 
338  35  23  28  20 
339  35  21  24  20 
340  35  29  20  30 
341  35  18  20  29 
342  35  31  25  20 
343  35  31  20  19 
344  35  32  20  33 
345  35  34  33  20 
346  35  28  30  20 
347  35  34  20  27 
348  35  32  22  20 
317  53  35  36  37 
318  53  38  37  39 
319  53  40  41  37 
320  53  42  37  43 
321  53  41  44  37 
322  53  42  45  37 
323  53  38  40  37 
324  53  46  43  37 
325  53  47  37  48 
326  53  48  37  49 
327  53  46  37  36 
328  53  50  51  37 
329  53  35  37  51 
330  53  47  39  37 
331  53  45  49  37 
332  53  50  37  44 
113  6  52  53  54 
114  6  55  56  57 
115  6  58  59  60 
116  6  61  62  63 
117  6  61  63  64 
118  6  58  60  65 
119  6  66  54  53 
120  6  67  57  56 
121  6  58  54  66 
122  6  61  57  67 
123  6  68  59  69 
124  6  70  62  71 
125  6  58  72  54 
126  6  61  73  57 
127  6  74  75  76 
128  6  77  78  79 
129  6  80  81  82 
130  6  83  84  85 
131  6  86  64  87 
132  6  88  65  89 
133  6  58  65  72 
134  6  61  64  73 
135  6  58  66  59 
136  6  61  67  62 
137  6  60  59  90 
138  6  64  63  91 
139  6  63  62  92 
140  6  65  60  93 
141  6  59  66  69 
142  6  62  67  71 
143  6  94  66  53 
144  6  95  67  56 
145  6  86  73  64 
146  6  88  72  65 
147  6  68  90  59 
148  6  70  92  62 
149  6  87  64  91 
150  6  89  65  93 
151  6  96  94  53 
152  6  97  95  56 
153  6  94  69  66 
154  6  95  71  67 
155  6  98  60  90 
156  6  99  63  92 
157  6  100  91  63 
158  6  101  93  60 
159  6  102  103  74 
160  6  104  105  77 
161  6  102  83  103 
162  6  104  80  105 
163  6  106  60  98 
164  6  107  63  99 
165  6  100  63  107 
166  6  101  60  106 
167  6  75  74  108 
168  6  78  77  109 
169  6  85  110  83 
170  6  82  111  80 
171  6  75  108  112 
172  6  78  109  113 
173  6  82  112  111 
174  6  85  113  110 
175  6  86  114  73 
176  6  88  115  72 
177  6  107  116  117 
178  6  107  117  118 
179  6  106  119  120 
180  6  106  121  119 
181  6  122  112  82 
182  6  122  75  112 
183  6  123  78  113 
184  6  123  113  85 
185  6  118  117  124 
186  6  117  116  125 
187  6  90  126  98 
188  6  91  100  127 
189  6  92  128  99 
190  6  93  101  129 
191  6  120  119  130 
192  6  106  98  121 
193  6  107  99  116 
194  6  107  118  100 
195  6  106  120  101 
196  6  119  121  131 
197  6  121  98  132 
198  6  133  112  108 
199  6  134  110  113 
200  6  133  111  112 
201  6  134  113  109 
202  6  135  74  103 
203  6  136  77  105 
204  6  137  103  83 
205  6  138  105  80 
206  6  137  83  110 
207  6  138  80  111 
208  6  135  108  74 
209  6  136  109  77 
210  6  116  99  139 
211  6  140  100  118 
212  6  141  101  120 
213  6  142  131  121 
214  6  132  98  126 
215  6  143  125  116 
216  6  144  118  124 
217  6  145  120  130 
218  6  139  99  128 
219  6  100  140  127 
220  6  101  141  129 
221  6  146  131  142 
222  6  121  132  142 
223  6  22  147  148 
224  6  36  149  150 
225  6  14  135  103 
226  6  13  136  105 
227  6  1  103  137 
228  6  9  105  138 
229  6  151  152  153 
230  6  154  155  156 
231  6  26  157  158 
232  6  41  159  160 
233  6  146  161  162 
234  6  116  139  143 
235  6  118  144  140 
236  6  120  145  141 
237  6  158  147  163 
238  6  160  149  164 
239  6  28  127  140 
240  6  165  139  128 
241  6  45  129  141 
242  6  166  146  142 
243  6  156  162  167 
244  6  153  168  169 
245  6  170  132  126 
246  6  171  172  168 
247  6  173  142  132 
248  6  160  164  44 
249  6  158  163  27 
250  6  174  143  139 
251  6  144  30  140 
252  6  145  49  141 
253  6  21  22  148 
254  6  46  36  150 
255  6  51  164  149 
256  6  33  163  147 
257  6  153  169  151 
258  6  160  44  41 
259  6  158  27  26 
260  6  156  167  154 
261  6  1  3  103 
262  6  9  10  105 
263  6  14  103  3 
264  6  13  105  10 
265  6  1  137  17 
266  6  9  138  11 
267  6  15  135  14 
268  6  12  136  13 
269  6  175  146  166 
270  6  4  6  134 
271  6  4  134  5 
272  6  7  133  8 
273  6  7  16  133 
274  6  176  128  177 
275  6  23  24  127 
276  6  42  43  129 
277  6  178  126  179 
278  6  146  175  161 
279  6  165  128  176 
280  6  23  127  28 
281  6  42  129  45 
282  6  170  126  178 
283  6  165  174  139 
284  6  28  140  30 
285  6  45  141  49 
286  6  172  180  168 
287  6  161  181  162 
288  6  180  169  168 
289  6  167  162  181 
290  6  35  51  149 
291  6  32  33  147 
292  6  35  149  36 
293  6  32  147  22 
294  6  171  182  172 
295  6  170  183  132 
296  6  151  184  152 
297  6  154  185  155 
298  6  186  155  185 
299  6  187  152  184 
300  6  41  40  159 
301  6  26  25  157 
302  6  157  25  31 
303  6  159  40  38 
304  6  173  132  183 
305  6  173  188  142 
306  6  189  143  190 
307  6  18  29  144 
308  6  166  142  188 
309  6  47  48  145 
310  6  190  143  174 
311  6  29  30  144 
312  6  48  49  145 
313  6  50  164  51 
314  6  34  163  33 
315  6  50  44  164 
316  6  34  27  163 
817  6  84  191  192 
818  6  52  191  102 
819  6  191  84  83 
820  6  83  102  191 
821  6  193  52  54 
822  6  52  193  191 
823  6  193  192  191 
824  6  72  194  54 
825  6  194  193  54 
826  6  193  194  192 
827  6  194  72  115 
828  6  115  192  194 
829  6  81  195  196 
830  6  55  195  104 
831  6  195  81  80 
832  6  80  104  195 
833  6  197  55  57 
834  6  55  197  195 
835  6  197  196  195 
836  6  73  198  57 
837  6  198  197  57 
838  6  197  198  196 
839  6  198  73  114 
840  6  114  196  198 
877  6  55  199  56 
878  6  199  55  104 
879  6  199  79  97 
880  6  97  56  199 
881  6  199  104  77 
882  6  77  79  199 
901  6  52  200  53 
902  6  200  52  102 
903  6  200  76  96 
904  6  96  53  200 
905  6  200  102  74 
906  6  74  76  200 
1026  6  201  87  91 
1029  6  127  202  91 
1030  6  202  201  91 
1031  6  201  202  148 
1032  6  21  148  202 
1033  6  127  24  21 
1034  6  21  202  127 
1038  6  70  203  92 
1042  6  204  203  205 
1043  6  204  128  92 
1044  6  203  204  92 
1045  6  204  205  206 
1046  6  206  177  128 
1047  6  128  204  206 
1052  6  207  89  93 
1055  6  129  208  93 
1056  6  208  207  93 
1057  6  207  208  150 
1058  6  46  150  208 
1059  6  129  43  46 
1060  6  46  208  129 
1064  6  68  209  90 
1068  6  210  209  211 
1069  6  210  126  90 
1070  6  209  210  90 
1071  6  210  211  212 
1072  6  212  179  126 
1073  6  126  210  212 
1074  6  171  213  182 
1077  6  214  182  213 
1078  6  189  214  213 
1079  6  143  189  213 
1080  6  213  125  143 
1090  6  215  157  31 
1093  6  215  31  19 
1094  6  215  19  18 
1095  6  144  124  215 
1096  6  215  18  144 
1106  6  216  159  38 
1109  6  216  38  39 
1110  6  216  39  47 
1111  6  145  130  216 
1112  6  216  47  145 
1113  6  217  152  187 
1116  6  217  187  218 
1117  6  206  205  217 
1118  6  217  218  206 
1119  6  219  155  186 
1122  6  219  186  220 
1123  6  212  211  219 
1124  6  219  220  212 
1125  6  110  221  137 
1126  6  221  17  137 
1127  6  17  221  6 
1128  6  134  6  221 
1129  6  221  110  134 
1130  6  111  222  138 
1131  6  222  11  138 
1132  6  11  222  16 
1133  6  133  16  222 
1134  6  222  111  133 
1135  6  12  223  136 
1136  6  223  109  136 
1137  6  223  12  5 
1138  6  134  109  223 
1139  6  223  5  134 
1140  6  15  224  135 
1141  6  224  108  135 
1142  6  224  15  8 
1143  6  133  108  224 
1144  6  224  8  133 
81  41  151  169  225 
82  41  165  176  225 
83  41  206  225  177 
84  41  182  225  172 
85  41  182  214  225 
86  41  206  218  225 
87  41  189  190  225 
88  41  190  174  225 
89  41  176  177  225 
90  41  172  225  180 
91  41  180  225  169 
92  41  187  184  225 
93  41  151  225  184 
94  41  218  187  225 
95  41  165  225  174 
96  41  189  225  214 
97  47  170  226  183 
98  47  167  181  226 
99  47  212  226  179 
100  47  175  226  161 
101  47  175  166  226 
102  47  212  220  226 
103  47  173  226  188 
104  47  173  183  226 
105  47  178  179  226 
106  47  161  226  181 
107  47  170  178  226 
108  47  186  185  226 
109  47  154  226  185 
110  47  220  186  226 
111  47  154  167  226 
112  47  166  188  226 
E_MESH_DATA
