415
16 99   0.0138571 0.000660041 1.40015
16 100   -0.0138553 -0.000662542 1.40004
16 101   -0.0138543 0.000758943 1.39801
16 102   0.013856 -0.000761381 1.39801
16 103   0.00942367 0.00132142 1.11739
16 104   -0.00942356 -0.00132153 1.11737
16 105   0.0108195 0.000528924 1.19377
16 106   -0.0108192 -0.000529314 1.19372
16 107   0.0108096 -0.000963099 1.18704
16 108   -0.0108093 0.000962716 1.18703
16 109   0.0027735 0.00322521 1.05804
16 110   -0.0027735 -0.00322521 1.05805
16 111   -0.0027735 0.00322824 1.05803
16 112   0.0027735 -0.00322824 1.05804
16 113   0.0151834 0.0014823 1.40843
16 114   -0.0151794 0.00151897 1.40715
16 115   -0.0151805 -0.00148555 1.40831
16 116   0.0151812 -0.00152169 1.40707
16 117   0.00964773 0.00277529 1.10047
16 118   -0.00964766 -0.00277536 1.10046
16 119   0.0150764 0.00282157 1.35629
16 120   -0.0150748 -0.00282297 1.35622
16 121   -0.0150736 0.00284822 1.35514
16 122   0.0150742 -0.00284909 1.35511
16 123   0.0164619 0.00123955 1.41164
16 124   -0.0164529 -0.00124698 1.41157
16 125   -0.0164528 0.0012586 1.41135
16 126   0.0164553 -0.00126343 1.41124
16 127   0.00233337 0.00054351 1.06069
16 128   -0.00233337 -0.000543511 1.06068
16 129   0.00233337 -0.000576611 1.06067
16 130   -0.00233337 0.000576611 1.06067
16 131   0.0170451 0.000441395 1.41716
16 132   -0.0170341 -0.00045646 1.41714
16 133   -0.0170341 0.000466077 1.41709
16 134   0.0170394 -0.000479013 1.41697
16 135   0.0015455 0.00240742 1.05828
16 136   -0.0015455 -0.00240742 1.05826
16 137   0.0015455 -0.00241066 1.05828
16 138   -0.0015455 0.00241066 1.05828
16 139   0.000833174 0.00274206 1.05752
16 140   -0.000833174 -0.00274206 1.0575
16 141   -0.000833174 0.00274228 1.05752
16 142   0.000833174 -0.00274228 1.05753
16 143   -0.0189384 -0.00040042 1.41559
16 144   -0.0189384 0.000401153 1.41562
16 145   0.0189424 -0.000433754 1.41554
16 146   0.0189562 0.000350112 1.41591
16 147   -0.000574916 0.00355986 1.05639
16 148   0.000574916 0.00355986 1.05639
16 149   -0.000574916 -0.00355986 1.05638
16 150   0.000574916 -0.00355986 1.0564
16 151   -0.0196032 0.000958423 1.41855
16 152   -0.0196032 -0.00095835 1.41854
16 153   0.0172369 0.0021177 1.38926
16 154   -0.0172253 0.00212697 1.38904
16 155   -0.0172254 -0.00212334 1.38914
16 156   0.0172267 -0.00213037 1.38896
16 157   0.0196039 -0.000985083 1.41836
16 158   0.0181246 0.000825056 1.40935
16 159   -0.0181003 -0.000861292 1.40901
16 160   -0.0181003 0.000862817 1.409
16 161   0.0181052 -0.000879217 1.40888
16 162   0.0196178 0.000806063 1.41996
16 163   0.0182988 0.00153844 1.40146
16 164   0.000258258 0.00179924 1.05848
16 165   0.000258258 -0.00179946 1.05847
16 166   -0.000258258 0.00179946 1.05847
16 167   -0.000258258 -0.00179924 1.05847
16 168   0.00151947 0.000799226 1.05967
16 169   -0.00151947 -0.000799226 1.05967
16 170   0.00151947 -0.000805241 1.05967
16 171   -0.00151947 0.000805241 1.05967
16 172   0.00131173 -0.00131975 1.05925
16 173   -0.00131173 0.00131975 1.05925
16 174   0.00131173 0.001316 1.05925
16 175   -0.00131173 -0.001316 1.05925
16 176   -0.0182453 -0.00155429 1.40105
16 177   -0.0182452 0.0015552 1.40102
16 178   0.0182472 -0.00156418 1.40088
16 179   0.019367 0.00151821 1.40947
16 180   0.0179942 0.00203292 1.39055
16 181   -0.0192814 -0.00165377 1.40645
16 182   -0.0192814 0.00165384 1.40642
16 183   0.0192824 -0.00166323 1.40628
16 184   -0.0179516 -0.00202581 1.39064
16 185   -0.0179516 0.00202684 1.3906
16 186   0.017953 -0.00203091 1.39051
16 187   0.0197493 0.00192077 1.40719
16 188   0.0188796 0.00177564 1.40026
16 189   -0.0183256 0.00378452 1.32664
16 190   0.0183256 -0.00378452 1.32664
16 191   0.000961123 0.00030446 1.05949
16 192   -0.000961123 -0.00030446 1.05948
16 193   0.000961123 -0.000307447 1.05949
16 194   -0.000961123 0.000307447 1.05949
16 195   -0.0193971 -0.00382065 1.29374
16 196   0.0193971 0.00382065 1.29368
16 197   -0.0198206 0.00339711 1.34452
16 198   0.0198206 -0.00339711 1.34453
16 199   0.0198333 0.00291421 1.37573
16 200   -0.0187616 -0.00178883 1.39922
16 201   -0.0187616 0.00178896 1.39917
16 202   0.0187629 -0.00179686 1.39904
16 203   -0.0192969 0.00388999 1.2894
16 204   0.0192969 -0.00388999 1.28941
16 205   -0.0183385 0.00244732 1.38097
16 206   -0.0183385 -0.00244709 1.38103
16 207   0.018339 -0.00244899 1.38093
16 208   0.0195338 0.00235597 1.39318
16 209   0.0197845 0.0035851 1.32442
16 210   -0.0197845 -0.00358753 1.3244
16 211   0.0183745 0.00245874 1.38089
16 212   -0.0198333 -0.00307256 1.36761
16 213   0.0189285 0.00223124 1.39042
16 214   0.0195326 -0.0036745 1.31125
16 215   -0.0195326 0.0036745 1.31125
16 216   -0.0187613 -0.0022341 1.38903
16 217   -0.0187613 0.00223416 1.38897
16 218   0.0187618 -0.00223674 1.38892
16 219   -0.0182895 0.00351497 1.33996
16 220   0.0182895 -0.00351497 1.33996
16 221   0.0189635 -0.00372332 1.31859
16 222   -0.0189635 0.00372332 1.31858
16 223   -0.019515 -0.00360516 1.31588
16 224   0.0196052 -0.00351497 1.32967
16 225   -0.0196052 0.00351497 1.32966
16 226   0.019515 0.00360516 1.31579
16 227   0.000786641 -6.50232e-05 1.05945
16 228   -0.000786641 6.50232e-05 1.05944
16 229   0.000786641 6.25379e-05 1.05945
16 230   -0.000786641 -6.25379e-05 1.05944
16 231   0.00061298 -0.000424055 1.05932
16 232   -0.00061298 0.000424055 1.05932
16 233   0.00061298 0.000423554 1.05932
16 234   -0.00061298 -0.000423554 1.05932
16 235   0.0196052 0.00259866 1.38579
16 236   6.37806e-05 -0.000711163 1.05914
16 237   -6.37806e-05 -0.000711163 1.05914
16 238   6.37806e-05 0.000711163 1.05914
16 239   -6.37806e-05 0.000711163 1.05914
16 240   -0.0183222 -0.00280849 1.36937
16 241   -0.0183222 0.00280868 1.36928
16 242   0.0183224 -0.00280909 1.36927
16 243   0.0183259 0.00280843 1.36939
16 244   0.019654 0.00271651 1.38153
16 245   -0.018371 -0.00269064 1.37361
16 246   -0.018371 0.00269082 1.37352
16 247   0.0183712 -0.00269124 1.37351
16 248   0.0183747 0.00269058 1.37363
16 249   -0.0186319 -0.00242084 1.38284
16 250   -0.0186319 0.00242088 1.38276
16 251   0.0186322 -0.00242213 1.38273
16 252   -0.019654 -0.00320013 1.35642
16 253   0.019654 0.0031977 1.35625
16 254   -0.0196052 -0.00331798 1.34727
16 255   0.0196052 0.00331555 1.34721
16 256   0.0188184 -0.00365398 1.32716
16 257   -0.0188184 0.00365398 1.32715
16 258   0.0187005 -0.00360516 1.33184
16 259   -0.0187005 0.00360516 1.33184
16 260   -0.019654 -0.00287244 1.37531
16 261   0.0186643 0.00243255 1.3827
16 262   -0.0190638 -0.00365398 1.32281
16 263   0.0190638 0.00365398 1.32281
16 264   0.0189362 0.00365398 1.32417
16 265   -0.0189362 -0.00365398 1.32417
16 266   0.019654 -0.00306378 1.36572
16 267   -0.019654 0.00306378 1.36571
16 268   -0.019654 0.00293622 1.37262
16 269   0.019654 -0.00293622 1.37263
16 270   0.0187821 0.00238373 1.38491
16 271   0.0191464 0.00237288 1.38821
16 272   -0.0190754 -0.00237477 1.38754
16 273   -0.0190754 0.00237477 1.38749
16 274   0.0192642 0.0024217 1.38785
16 275   0.0190756 -0.00237611 1.38746
16 276   -0.0189478 -0.00237477 1.3864
16 277   -0.0189478 0.00237477 1.38633
16 278   0.018948 -0.00237611 1.3863
16 279   0.0191452 -0.00354397 1.32696
16 280   -0.0191452 0.00354397 1.32695
16 281   0.019263 -0.00349515 1.32942
16 282   -0.019263 0.00349515 1.32942
16 733   0.00589686 -0.00338572 1.06259
16 734   0.00502757 -0.00083762 1.06716
16 735   0.00398485 -0.00261396 1.06093
16 736   0.00365363 -0.00129442 1.06247
16 737   0.00755083 -0.000944353 1.08535
16 738   0.00622783 -0.00154288 1.07151
16 739   0.00676591 -0.00277144 1.06881
16 740   -0.00589686 0.00338572 1.06258
16 741   -0.00502756 0.000837614 1.06716
16 742   -0.00398485 0.00261396 1.06093
16 743   -0.00365363 0.00129442 1.06247
16 744   -0.00755079 0.000944311 1.08535
16 745   -0.00622782 0.00154287 1.07151
16 746   -0.0067659 0.00277144 1.06881
16 784   0.00969375 -0.00169425 1.1201
16 785   0.0084445 -0.00160384 1.09372
16 786   0.00795958 -0.00281664 1.07597
16 787   0.00991781 -0.00290706 1.10357
16 788   0.00893761 -0.00343093 1.0758
16 789   -0.00969364 0.00169413 1.1201
16 790   -0.00844444 0.00160377 1.09372
16 791   -0.00795955 0.00281661 1.07596
16 792   -0.00991774 0.00290697 1.10357
16 793   -0.00893758 0.0034309 1.0758
16 794   -0.00502756 -0.000495719 1.06752
16 795   -0.00589686 -0.00328095 1.06303
16 796   -0.00711053 -0.00270702 1.07108
16 797   -0.00365363 -0.00115904 1.06264
16 798   -0.00398485 -0.00250616 1.06119
16 799   0.00502757 0.000495714 1.06752
16 800   0.00589686 0.00328095 1.06303
16 801   0.00711054 0.00270701 1.07108
16 802   0.00365363 0.00115903 1.06264
16 803   0.00398485 0.00250616 1.06119
16 804   0.0117957 0.00134027 1.25375
16 805   0.0127378 0.00135679 1.32454
16 806   0.0107307 0.00302384 1.12628
16 807   0.0110674 0.00367461 1.12008
16 808   0.0114828 0.00238133 1.19157
16 809   0.0118196 0.0030321 1.18695
16 810   -0.0117952 -0.00134084 1.25366
16 811   -0.012737 -0.00135766 1.32446
16 812   -0.0107306 -0.00302394 1.12625
16 813   -0.0110674 -0.00367465 1.11996
16 814   -0.0114825 -0.00238164 1.19145
16 815   -0.0118194 -0.00303235 1.18676
16 820   -0.0127305 0.00152058 1.31899
16 821   -0.0117798 0.00160795 1.24371
16 822   -0.0116356 0.00290846 1.17977
16 823   -0.011198 0.00347607 1.13384
16 824   -0.0105801 0.00347607 1.10713
16 828   0.0127311 -0.00152135 1.31899
16 829   0.0117803 -0.00160847 1.24372
16 830   0.0116358 -0.0029087 1.17977
16 831   0.0111981 -0.00347613 1.13384
16 832   0.0105802 -0.00347613 1.10713
16 850   0.00830311 0.00342606 1.07112
16 851   0.0090121 0.00342606 1.07568
16 863   -0.00830311 -0.00342607 1.07111
16 864   -0.00901209 -0.00342607 1.07567
16 884   -0.00820225 -0.000966226 1.09365
16 885   -0.00758858 -0.000102056 1.08745
16 886   -0.00687927 -0.001701 1.07549
16 887   -0.00626561 -0.000836828 1.07359
16 888   0.0082023 0.000966175 1.09366
16 889   0.00758863 0.00010201 1.08746
16 890   0.00687929 0.00170098 1.0755
16 891   0.00626562 0.000836818 1.07359
16 943   -0.0141786 -0.00336611 1.30972
16 945   -0.013166 -0.00272381 1.2963
16 946   -0.0125611 -0.0033577 1.22442
16 949   0.014179 0.00336575 1.30973
16 951   0.0131666 0.00272323 1.29637
16 952   0.0125613 0.00335749 1.22456
16 988   -0.0141776 0.00338871 1.30858
16 990   -0.0125556 0.00343239 1.21959
16 991   -0.0131595 0.0028211 1.29114
16 994   0.0141778 -0.00338901 1.30857
16 996   0.0125558 -0.00343257 1.21958
16 997   0.0131599 -0.00282158 1.29113
16 1016   -0.0160148 0.00345952 1.34114
16 1019   -0.017133 0.0027682 1.37056
16 1020   -0.0166531 0.00322908 1.35341
16 1021   -0.0171272 0.00376956 1.33252
16 1022   -0.0178103 0.00350001 1.34256
16 1023   -0.0183222 0.00293624 1.3644
16 1024   -0.0178917 0.00303913 1.36077
16 1028   -0.0160149 -0.00345686 1.34123
16 1032   -0.0171272 -0.00376947 1.33242
16 1033   -0.0171331 -0.00276527 1.37061
16 1034   -0.0166532 -0.00322633 1.35345
16 1035   -0.0178103 -0.00349992 1.34249
16 1036   -0.0183222 -0.00293606 1.3645
16 1037   -0.0178917 -0.00303886 1.36077
16 1042   0.0160151 -0.00346008 1.34113
16 1045   0.0171336 -0.00276939 1.37052
16 1046   0.0166535 -0.00322985 1.35338
16 1047   0.0171273 -0.00376977 1.33252
16 1048   0.0178103 -0.00350022 1.34256
16 1049   0.0183224 -0.00293665 1.36439
16 1050   0.017892 -0.00303976 1.36075
16 1054   0.0160162 0.00345582 1.34126
16 1058   0.0171291 0.00376944 1.3324
16 1059   0.0171399 0.00276414 1.37065
16 1060   0.0166564 0.00322526 1.35349
16 1061   0.0178121 0.00349989 1.34248
16 1062   0.0183259 0.00293599 1.36451
16 1063   0.0178973 0.00303877 1.36077
16 1064   -0.0198206 -0.00261935 1.38857
16 1067   -0.0196052 -0.00256528 1.38728
16 1068   -0.019515 -0.00247508 1.38929
16 1069   -0.0194087 -0.00228835 1.39384
16 1070   -0.0196783 -0.00199993 1.4048
16 1080   -0.0198206 0.00271502 1.38513
16 1083   -0.0196052 0.00259717 1.38623
16 1084   -0.019515 0.00250697 1.38826
16 1085   -0.0196783 0.00203182 1.40396
16 1086   -0.0194087 0.00232024 1.39289
16 1096   0.0198206 -0.00271639 1.38507
16 1099   0.0196052 -0.00259853 1.38618
16 1100   0.019515 -0.00250834 1.38821
16 1101   0.0196785 -0.00203726 1.40384
16 1102   0.0194089 -0.00232294 1.39282
16 1103   -0.0187169 -0.00382065 1.31784
16 1106   -0.018599 -0.00360516 1.33238
16 1107   -0.018188 -0.00373045 1.3299
16 1108   -0.0185088 -0.00351497 1.33774
16 1109   0.0187169 0.00382065 1.31784
16 1112   0.0185991 0.00360516 1.33239
16 1113   0.0181881 0.00373045 1.3299
16 1114   0.0185089 0.00351497 1.33775
16 1115   0.000787461 -0.00107498 1.05912
16 1116   0.000647054 -0.000677076 1.05926
16 1117   0.000369686 -0.000588633 1.05921
16 1118   0.000251835 -0.000861298 1.05909
16 1119   0.000446312 -0.00122307 1.05894
16 1120   -0.000787461 0.00107498 1.05912
16 1121   -0.000647054 0.000677076 1.05926
16 1122   -0.000369686 0.000588633 1.05921
16 1123   -0.000251835 0.000861298 1.0591
16 1124   -0.000446312 0.00122307 1.05894
16 1125   -0.000647054 -0.000676466 1.05926
16 1126   -0.000787461 -0.00107415 1.05912
16 1127   -0.000369686 -0.000588525 1.05921
16 1128   -0.000446312 -0.00122275 1.05894
16 1129   -0.000251835 -0.00086119 1.05909
16 1130   0.000647054 0.000676466 1.05926
16 1131   0.000787461 0.00107415 1.05912
16 1132   0.000369686 0.000588525 1.05921
16 1133   0.000446312 0.00122275 1.05894
16 1134   0.000251835 0.00086119 1.0591
33 534   0.000320647 -6.37806e-05 1.0593
33 535   -6.37806e-05 -0.000320647 1.05924
33 536   6.37806e-05 -0.000320647 1.05924
33 537   6.37806e-05 0.000320647 1.05924
33 538   -0.000320647 6.37806e-05 1.0593
33 539   -0.000271831 0.000181632 1.05928
33 540   -0.000271831 -0.000181632 1.05928
33 541   0.000320647 6.37806e-05 1.0593
33 542   0.000271831 0.000181632 1.05928
33 543   0.000181632 0.000271831 1.05926
33 544   -0.000181632 0.000271831 1.05926
33 545   -6.37806e-05 0.000320647 1.05924
33 546   -0.000320647 -6.37806e-05 1.0593
33 547   0.000271831 -0.000181632 1.05928
33 548   0.000181632 -0.000271831 1.05926
33 549   -0.000181632 -0.000271831 1.05926
39 299   -0.0191816 0.00272817 1.37585
39 300   -0.0187282 0.00318163 1.35346
39 301   -0.0186794 0.00293622 1.36471
39 302   -0.0193206 0.00306378 1.36117
39 303   -0.0192718 0.00318163 1.35339
39 304   -0.0187282 0.00281837 1.36958
39 305   -0.0186794 0.00306378 1.35905
39 306   -0.0189362 0.00267935 1.37585
39 307   -0.0190638 0.00267935 1.37679
39 308   -0.0193206 0.00293622 1.36801
39 309   -0.0192718 0.00281837 1.37294
39 310   -0.0189362 0.00332065 1.34489
39 311   -0.0190638 0.00332065 1.34403
39 312   -0.0188184 0.00272817 1.37332
39 313   -0.0191816 0.00327183 1.34706
39 314   -0.0188184 0.00327183 1.34838
45 67   -0.0191816 -0.00327183 1.34817
45 68   -0.0187282 -0.00281837 1.36976
45 69   -0.0186794 -0.00306378 1.35929
45 70   -0.0193206 -0.00293622 1.36803
45 71   -0.0192718 -0.00281837 1.37303
45 72   -0.0187282 -0.00318163 1.35373
45 73   -0.0190638 -0.00267935 1.37692
45 74   -0.0189362 -0.00267935 1.376
45 75   -0.0186794 -0.00293622 1.36493
45 76   -0.0193206 -0.00306378 1.36137
45 77   -0.0192718 -0.00318163 1.35385
45 78   -0.0189362 -0.00332065 1.34593
45 79   -0.0190638 -0.00332065 1.34552
45 80   -0.0188184 -0.00327183 1.34896
45 81   -0.0188184 -0.00272817 1.37348
45 82   -0.0191816 -0.00272817 1.37597
51 83   0.0188184 0.00272817 1.37348
51 84   0.0192718 0.00318163 1.35396
51 85   0.0186794 0.00306378 1.35932
51 86   0.0193206 0.00293622 1.36826
51 87   0.0192718 0.00281837 1.37307
51 88   0.0187282 0.00318163 1.35376
51 89   0.0190638 0.00267935 1.37693
51 90   0.0189362 0.00267935 1.37597
51 91   0.0186794 0.00293622 1.36495
51 92   0.0193206 0.00306378 1.36177
51 93   0.0187282 0.00281837 1.36978
51 94   0.0189362 0.00332065 1.34597
51 95   0.0190638 0.00332065 1.34557
51 96   0.0188184 0.00327183 1.34899
51 97   0.0191816 0.00327183 1.34823
51 98   0.0191816 0.00272817 1.37601
57 283   0.0188184 -0.00327183 1.34839
57 284   0.0192718 -0.00281837 1.37294
57 285   0.0193206 -0.00306378 1.36117
57 286   0.0186794 -0.00293622 1.36472
57 287   0.0192718 -0.00318163 1.35339
57 288   0.0187282 -0.00281837 1.36958
57 289   0.0193206 -0.00293622 1.36801
57 290   0.0186794 -0.00306378 1.35905
57 291   0.0190638 -0.00267935 1.37679
57 292   0.0189362 -0.00267935 1.37586
57 293   0.0187282 -0.00318163 1.35347
57 294   0.0190638 -0.00332065 1.34403
57 295   0.0189362 -0.00332065 1.34489
57 296   0.0191816 -0.00272817 1.37585
57 297   0.0188184 -0.00272817 1.37333
57 298   0.0191816 -0.00327183 1.34706
end
