SolidID  6   335 
h  99  -653154 0.999939 0 -1 -0 0
h  100  -653115 0.999939 0 -1 -0 0
h  101  -653971 0.999939 0 -1 -0 0
h  102  -654055 0.999939 0 -1 -0 0
h  103  -163167 0.999939 0 -1 -0 0
h  104  -163095 0.999939 0 -1 -0 0
h  105  -368495 0.999939 0 -1 -0 0
h  106  -368423 0.999939 0 -1 -0 0
h  107  -369583 0.999939 0 -1 -0 0
h  108  -369524 0.999939 0 -1 -0 0
h  109  -0 0.999939 0 -1 -0 0
h  110  -0 0.999939 0 -1 -0 0
h  111  -0 0.999939 0 -1 -0 0
h  112  -0 0.999939 0 -1 -0 0
h  113  -699461 0.999939 0 -1 -0 0
h  114  -699795 0.999939 0 -1 -0 0
h  115  -699459 0.999939 0 -1 -0 0
h  116  -699841 0.999939 0 -1 -0 0
h  117  -182812 0.999939 0 -1 -0 0
h  118  -182774 0.999939 0 -1 -0 0
h  119  -715135 0.999939 0 -1 -0 0
h  120  -715150 0.999939 0 -1 -0 0
h  121  -715543 0.999939 0 -1 -0 0
h  122  -715561 0.999939 0 -1 -0 0
h  123  -713167 0.999939 0 -1 -0 0
h  124  -713157 0.999939 0 -1 -0 0
h  125  -713237 0.999939 0 -1 -0 0
h  126  -713283 0.999939 0 -1 -0 0
h  127  -0 0.999939 0 -1 -0 0
h  128  -0 0.999939 0 -1 -0 0
h  129  -0 0.999939 0 -1 -0 0
h  130  -0 0.999939 0 -1 -0 0
h  131  -712506 0.999939 0 -1 -0 0
h  132  -712505 0.999939 0 -1 -0 0
h  133  -712527 0.999939 0 -1 -0 0
h  134  -712581 0.999939 0 -1 -0 0
h  135  -0 0.999939 0 -1 -0 0
h  136  -0 0.999939 0 -1 -0 0
h  137  -0 0.999939 0 -1 -0 0
h  138  -0 0.999939 0 -1 -0 0
h  139  -0 0.999939 0 -1 -0 0
h  140  -0 0.999939 0 -1 -0 0
h  141  -0 0.999939 0 -1 -0 0
h  142  -0 0.999939 0 -1 -0 0
h  143  -713357 0.999939 0 -1 -0 0
h  144  -713343 0.999939 0 -1 -0 0
h  145  -713372 0.999939 0 -1 -0 0
h  146  -713214 0.999939 0 -1 -0 0
h  147  -0 0.999939 0 -1 -0 0
h  148  -0 0.999939 0 -1 -0 0
h  149  -0 0.999939 0 -1 -0 0
h  150  -0 0.999939 0 -1 -0 0
h  151  -711025 0.999939 0 -1 -0 0
h  152  -711049 0.999939 0 -1 -0 0
h  153  -724226 0.999939 0 -1 -0 0
h  154  -724295 0.999939 0 -1 -0 0
h  155  -724250 0.999939 0 -1 -0 0
h  156  -724331 0.999939 0 -1 -0 0
h  157  -711073 0.999939 0 -1 -0 0
h  158  -716372 0.999939 0 -1 -0 0
h  159  -716526 0.999939 0 -1 -0 0
h  160  -716530 0.999939 0 -1 -0 0
h  161  -716584 0.999939 0 -1 -0 0
h  162  -710606 0.999939 0 -1 -0 0
h  163  -719851 0.999939 0 -1 -0 0
h  164  -0 0.999939 0 -1 -0 0
h  165  -0 0.999939 0 -1 -0 0
h  166  -0 0.999939 0 -1 -0 0
h  167  -0 0.999939 0 -1 -0 0
h  168  -0 0.999939 0 -1 -0 0
h  169  -0 0.999939 0 -1 -0 0
h  170  -0 0.999939 0 -1 -0 0
h  171  -0 0.999939 0 -1 -0 0
h  172  -0 0.999939 0 -1 -0 0
h  173  -0 0.999939 0 -1 -0 0
h  174  -0 0.999939 0 -1 -0 0
h  175  -0 0.999939 0 -1 -0 0
h  176  -720062 0.999939 0 -1 -0 0
h  177  -720076 0.999939 0 -1 -0 0
h  178  -720132 0.999939 0 -1 -0 0
h  179  -714653 0.999939 0 -1 -0 0
h  180  -724611 0.999939 0 -1 -0 0
h  181  -715912 0.999939 0 -1 -0 0
h  182  -715912 0.999939 0 -1 -0 0
h  183  -715952 0.999939 0 -1 -0 0
h  184  -724584 0.999939 0 -1 -0 0
h  185  -724603 0.999939 0 -1 -0 0
h  186  -724638 0.999939 0 -1 -0 0
h  187  -712952 0.999939 0 -1 -0 0
h  188  -719466 0.999939 0 -1 -0 0
h  189  -746497 0.999939 0 -1 -0 0
h  190  -746496 0.999939 0 -1 -0 0
h  191  -0 0.999939 0 -1 -0 0
h  192  -0 0.999939 0 -1 -0 0
h  193  -0 0.999939 0 -1 -0 0
h  194  -0 0.999939 0 -1 -0 0
h  195  -745399 0.999939 0 -1 -0 0
h  196  -745416 0.999939 0 -1 -0 0
h  197  -721366 0.999939 0 -1 -0 0
h  198  -721362 0.999939 0 -1 -0 0
h  199  -717557 0.999939 0 -1 -0 0
h  200  -720170 0.999939 0 -1 -0 0
h  201  -720180 0.999939 0 -1 -0 0
h  202  -720230 0.999939 0 -1 -0 0
h  203  -747824 0.999939 0 -1 -0 0
h  204  -747823 0.999939 0 -1 -0 0
h  205  -728168 0.999939 0 -1 -0 0
h  206  -728147 0.999939 0 -1 -0 0
h  207  -728184 0.999939 0 -1 -0 0
h  208  -718090 0.999939 0 -1 -0 0
h  209  -724690 0.999939 0 -1 -0 0
h  210  -724601 0.999939 0 -1 -0 0
h  211  -728141 0.999939 0 -1 -0 0
h  212  -718762 0.999939 0 -1 -0 0
h  213  -722922 0.999939 0 -1 -0 0
h  214  -735883 0.999939 0 -1 -0 0
h  215  -735885 0.999939 0 -1 -0 0
h  216  -724059 0.999939 0 -1 -0 0
h  217  -724074 0.999939 0 -1 -0 0
h  218  -724093 0.999939 0 -1 -0 0
h  219  -742583 0.999939 0 -1 -0 0
h  220  -742582 0.999939 0 -1 -0 0
h  221  -746274 0.999939 0 -1 -0 0
h  222  -746275 0.999939 0 -1 -0 0
h  223  -735792 0.999939 0 -1 -0 0
h  224  -729768 0.999939 0 -1 -0 0
h  225  -729770 0.999939 0 -1 -0 0
h  226  -735814 0.999939 0 -1 -0 0
h  227  -0 0.999939 0 -1 -0 0
h  228  -0 0.999939 0 -1 -0 0
h  229  -0 0.999939 0 -1 -0 0
h  230  -0 0.999939 0 -1 -0 0
h  231  -0 0.999939 0 -1 -0 0
h  232  -0 0.999939 0 -1 -0 0
h  233  -0 0.999939 0 -1 -0 0
h  234  -0 0.999939 0 -1 -0 0
h  235  -719308 0.999939 0 -1 -0 0
h  236  -0 0.999939 0 -1 -0 0
h  237  -0 0.999939 0 -1 -0 0
h  238  -0 0.999939 0 -1 -0 0
h  239  -0 0.999939 0 -1 -0 0
h  240  -732560 0.999939 0 -1 -0 0
h  241  -732593 0.999939 0 -1 -0 0
h  242  -732597 0.999939 0 -1 -0 0
h  243  -732549 0.999939 0 -1 -0 0
h  244  -719790 0.999939 0 -1 -0 0
h  245  -730893 0.999939 0 -1 -0 0
h  246  -730924 0.999939 0 -1 -0 0
h  247  -730928 0.999939 0 -1 -0 0
h  248  -730881 0.999939 0 -1 -0 0
h  249  -726776 0.999939 0 -1 -0 0
h  250  -726800 0.999939 0 -1 -0 0
h  251  -726810 0.999939 0 -1 -0 0
h  252  -724574 0.999939 0 -1 -0 0
h  253  -724484 0.999939 0 -1 -0 0
h  254  -727768 0.999939 0 -1 -0 0
h  255  -727739 0.999939 0 -1 -0 0
h  256  -744771 0.999939 0 -1 -0 0
h  257  -744772 0.999939 0 -1 -0 0
h  258  -743929 0.999939 0 -1 -0 0
h  259  -743930 0.999939 0 -1 -0 0
h  260  -720892 0.999939 0 -1 -0 0
h  261  -726734 0.999939 0 -1 -0 0
h  262  -743787 0.999939 0 -1 -0 0
h  263  -743783 0.999939 0 -1 -0 0
h  264  -744558 0.999939 0 -1 -0 0
h  265  -744562 0.999939 0 -1 -0 0
h  266  -722716 0.999939 0 -1 -0 0
h  267  -722717 0.999939 0 -1 -0 0
h  268  -721251 0.999939 0 -1 -0 0
h  269  -721252 0.999939 0 -1 -0 0
h  270  -725482 0.999939 0 -1 -0 0
h  271  -722582 0.999939 0 -1 -0 0
h  272  -723204 0.999939 0 -1 -0 0
h  273  -723205 0.999939 0 -1 -0 0
h  274  -721877 0.999939 0 -1 -0 0
h  275  -723215 0.999939 0 -1 -0 0
h  276  -724280 0.999939 0 -1 -0 0
h  277  -724292 0.999939 0 -1 -0 0
h  278  -724302 0.999939 0 -1 -0 0
h  279  -741726 0.999939 0 -1 -0 0
h  280  -741727 0.999939 0 -1 -0 0
h  281  -739169 0.999939 0 -1 -0 0
h  282  -739170 0.999939 0 -1 -0 0
h  733  -0 0.999939 0 -1 -0 0
h  734  -0 0.999939 0 -1 -0 0
h  735  -0 0.999939 0 -1 -0 0
h  736  -0 0.999939 0 -1 -0 0
h  737  -0 0.999939 0 -1 -0 0
h  738  -0 0.999939 0 -1 -0 0
h  739  -0 0.999939 0 -1 -0 0
h  740  -0 0.999939 0 -1 -0 0
h  741  -0 0.999939 0 -1 -0 0
h  742  -0 0.999939 0 -1 -0 0
h  743  -0 0.999939 0 -1 -0 0
h  744  -0 0.999939 0 -1 -0 0
h  745  -0 0.999939 0 -1 -0 0
h  746  -0 0.999939 0 -1 -0 0
h  784  -203547 0.999939 0 -1 -0 0
h  785  -11325.2 0.999939 0 -1 -0 0
h  786  -0 0.999939 0 -1 -0 0
h  787  -239342 0.999939 0 -1 -0 0
h  788  -0 0.999939 0 -1 -0 0
h  789  -203515 0.999939 0 -1 -0 0
h  790  -11299.5 0.999939 0 -1 -0 0
h  791  -0 0.999939 0 -1 -0 0
h  792  -239319 0.999939 0 -1 -0 0
h  793  -0 0.999939 0 -1 -0 0
h  794  -0 0.999939 0 -1 -0 0
h  795  -0 0.999939 0 -1 -0 0
h  796  -0 0.999939 0 -1 -0 0
h  797  -0 0.999939 0 -1 -0 0
h  798  -0 0.999939 0 -1 -0 0
h  799  -0 0.999939 0 -1 -0 0
h  800  -0 0.999939 0 -1 -0 0
h  801  -0 0.999939 0 -1 -0 0
h  802  -0 0.999939 0 -1 -0 0
h  803  -0 0.999939 0 -1 -0 0
h  804  -503029 0.999939 0 -1 -0 0
h  805  -595634 0.999939 0 -1 -0 0
h  806  -408745 0.999939 0 -1 -0 0
h  807  -527842 0.999939 0 -1 -0 0
h  808  -501916 0.999939 0 -1 -0 0
h  809  -585304 0.999939 0 -1 -0 0
h  810  -502974 0.999939 0 -1 -0 0
h  811  -595625 0.999939 0 -1 -0 0
h  812  -408535 0.999939 0 -1 -0 0
h  813  -527256 0.999939 0 -1 -0 0
h  814  -501813 0.999939 0 -1 -0 0
h  815  -585320 0.999939 0 -1 -0 0
h  820  -599134 0.999939 0 -1 -0 0
h  821  -508409 0.999939 0 -1 -0 0
h  822  -554187 0.999939 0 -1 -0 0
h  823  -539215 0.999939 0 -1 -0 0
h  824  -411382 0.999939 0 -1 -0 0
h  828  -599194 0.999939 0 -1 -0 0
h  829  -508472 0.999939 0 -1 -0 0
h  830  -554223 0.999939 0 -1 -0 0
h  831  -539228 0.999939 0 -1 -0 0
h  832  -411398 0.999939 0 -1 -0 0
h  850  -0 0.999939 0 -1 -0 0
h  851  -782.786 0.999939 0 -1 -0 0
h  863  -0 0.999939 0 -1 -0 0
h  864  -710.5 0.999939 0 -1 -0 0
h  884  -0 0.999939 0 -1 -0 0
h  885  -0 0.999939 0 -1 -0 0
h  886  -0 0.999939 0 -1 -0 0
h  887  -0 0.999939 0 -1 -0 0
h  888  -0 0.999939 0 -1 -0 0
h  889  -0 0.999939 0 -1 -0 0
h  890  -0 0.999939 0 -1 -0 0
h  891  -0 0.999939 0 -1 -0 0
h  943  -711843 0.999939 0 -1 -0 0
h  945  -667235 0.999939 0 -1 -0 0
h  946  -664764 0.999939 0 -1 -0 0
h  949  -711803 0.999939 0 -1 -0 0
h  951  -667168 0.999939 0 -1 -0 0
h  952  -664612 0.999939 0 -1 -0 0
h  988  -712292 0.999939 0 -1 -0 0
h  990  -667515 0.999939 0 -1 -0 0
h  991  -670270 0.999939 0 -1 -0 0
h  994  -712301 0.999939 0 -1 -0 0
h  996  -667529 0.999939 0 -1 -0 0
h  997  -670299 0.999939 0 -1 -0 0
h  1016  -733969 0.999939 0 -1 -0 0
h  1019  -731104 0.999939 0 -1 -0 0
h  1020  -734897 0.999939 0 -1 -0 0
h  1021  -743578 0.999939 0 -1 -0 0
h  1022  -742001 0.999939 0 -1 -0 0
h  1023  -734362 0.999939 0 -1 -0 0
h  1024  -735977 0.999939 0 -1 -0 0
h  1028  -733929 0.999939 0 -1 -0 0
h  1032  -743599 0.999939 0 -1 -0 0
h  1033  -731074 0.999939 0 -1 -0 0
h  1034  -734867 0.999939 0 -1 -0 0
h  1035  -742021 0.999939 0 -1 -0 0
h  1036  -734324 0.999939 0 -1 -0 0
h  1037  -735976 0.999939 0 -1 -0 0
h  1042  -733976 0.999939 0 -1 -0 0
h  1045  -731119 0.999939 0 -1 -0 0
h  1046  -734907 0.999939 0 -1 -0 0
h  1047  -743580 0.999939 0 -1 -0 0
h  1048  -742002 0.999939 0 -1 -0 0
h  1049  -734366 0.999939 0 -1 -0 0
h  1050  -735984 0.999939 0 -1 -0 0
h  1054  -733921 0.999939 0 -1 -0 0
h  1058  -743608 0.999939 0 -1 -0 0
h  1059  -731083 0.999939 0 -1 -0 0
h  1060  -734869 0.999939 0 -1 -0 0
h  1061  -742025 0.999939 0 -1 -0 0
h  1062  -734315 0.999939 0 -1 -0 0
h  1063  -735978 0.999939 0 -1 -0 0
h  1064  -715786 0.999939 0 -1 -0 0
h  1067  -718972 0.999939 0 -1 -0 0
h  1068  -719415 0.999939 0 -1 -0 0
h  1069  -718990 0.999939 0 -1 -0 0
h  1070  -714042 0.999939 0 -1 -0 0
h  1080  -716318 0.999939 0 -1 -0 0
h  1083  -719159 0.999939 0 -1 -0 0
h  1084  -719640 0.999939 0 -1 -0 0
h  1085  -714215 0.999939 0 -1 -0 0
h  1086  -719214 0.999939 0 -1 -0 0
h  1096  -716329 0.999939 0 -1 -0 0
h  1099  -719168 0.999939 0 -1 -0 0
h  1100  -719650 0.999939 0 -1 -0 0
h  1101  -714237 0.999939 0 -1 -0 0
h  1102  -719231 0.999939 0 -1 -0 0
h  1103  -747797 0.999939 0 -1 -0 0
h  1106  -744070 0.999939 0 -1 -0 0
h  1107  -745782 0.999939 0 -1 -0 0
h  1108  -742771 0.999939 0 -1 -0 0
h  1109  -747796 0.999939 0 -1 -0 0
h  1112  -744067 0.999939 0 -1 -0 0
h  1113  -745782 0.999939 0 -1 -0 0
h  1114  -742768 0.999939 0 -1 -0 0
h  1115  -0 0.999939 0 -1 -0 0
h  1116  -0 0.999939 0 -1 -0 0
h  1117  -0 0.999939 0 -1 -0 0
h  1118  -0 0.999939 0 -1 -0 0
h  1119  -0 0.999939 0 -1 -0 0
h  1120  -0 0.999939 0 -1 -0 0
h  1121  -0 0.999939 0 -1 -0 0
h  1122  -0 0.999939 0 -1 -0 0
h  1123  -0 0.999939 0 -1 -0 0
h  1124  -0 0.999939 0 -1 -0 0
h  1125  -0 0.999939 0 -1 -0 0
h  1126  -0 0.999939 0 -1 -0 0
h  1127  -0 0.999939 0 -1 -0 0
h  1128  -0 0.999939 0 -1 -0 0
h  1129  -0 0.999939 0 -1 -0 0
h  1130  -0 0.999939 0 -1 -0 0
h  1131  -0 0.999939 0 -1 -0 0
h  1132  -0 0.999939 0 -1 -0 0
h  1133  -0 0.999939 0 -1 -0 0
h  1134  -0 0.999939 0 -1 -0 0
SolidID  6   335 
h  99  -653154 0.999939 0 -1 -0 0
h  100  -653115 0.999939 0 -1 -0 0
h  101  -653971 0.999939 0 -1 -0 0
h  102  -654055 0.999939 0 -1 -0 0
h  103  -163167 0.999939 0 -1 -0 0
h  104  -163095 0.999939 0 -1 -0 0
h  105  -368495 0.999939 0 -1 -0 0
h  106  -368423 0.999939 0 -1 -0 0
h  107  -369583 0.999939 0 -1 -0 0
h  108  -369524 0.999939 0 -1 -0 0
h  109  -0 0.999939 0 -1 -0 0
h  110  -0 0.999939 0 -1 -0 0
h  111  -0 0.999939 0 -1 -0 0
h  112  -0 0.999939 0 -1 -0 0
h  113  -699461 0.999939 0 -1 -0 0
h  114  -699795 0.999939 0 -1 -0 0
h  115  -699459 0.999939 0 -1 -0 0
h  116  -699841 0.999939 0 -1 -0 0
h  117  -182812 0.999939 0 -1 -0 0
h  118  -182774 0.999939 0 -1 -0 0
h  119  -715135 0.999939 0 -1 -0 0
h  120  -715150 0.999939 0 -1 -0 0
h  121  -715543 0.999939 0 -1 -0 0
h  122  -715561 0.999939 0 -1 -0 0
h  123  -713167 0.999939 0 -1 -0 0
h  124  -713157 0.999939 0 -1 -0 0
h  125  -713237 0.999939 0 -1 -0 0
h  126  -713283 0.999939 0 -1 -0 0
h  127  -0 0.999939 0 -1 -0 0
h  128  -0 0.999939 0 -1 -0 0
h  129  -0 0.999939 0 -1 -0 0
h  130  -0 0.999939 0 -1 -0 0
h  131  -712506 0.999939 0 -1 -0 0
h  132  -712505 0.999939 0 -1 -0 0
h  133  -712527 0.999939 0 -1 -0 0
h  134  -712581 0.999939 0 -1 -0 0
h  135  -0 0.999939 0 -1 -0 0
h  136  -0 0.999939 0 -1 -0 0
h  137  -0 0.999939 0 -1 -0 0
h  138  -0 0.999939 0 -1 -0 0
h  139  -0 0.999939 0 -1 -0 0
h  140  -0 0.999939 0 -1 -0 0
h  141  -0 0.999939 0 -1 -0 0
h  142  -0 0.999939 0 -1 -0 0
h  143  -713357 0.999939 0 -1 -0 0
h  144  -713343 0.999939 0 -1 -0 0
h  145  -713372 0.999939 0 -1 -0 0
h  146  -713214 0.999939 0 -1 -0 0
h  147  -0 0.999939 0 -1 -0 0
h  148  -0 0.999939 0 -1 -0 0
h  149  -0 0.999939 0 -1 -0 0
h  150  -0 0.999939 0 -1 -0 0
h  151  -711025 0.999939 0 -1 -0 0
h  152  -711049 0.999939 0 -1 -0 0
h  153  -724226 0.999939 0 -1 -0 0
h  154  -724295 0.999939 0 -1 -0 0
h  155  -724250 0.999939 0 -1 -0 0
h  156  -724331 0.999939 0 -1 -0 0
h  157  -711073 0.999939 0 -1 -0 0
h  158  -716372 0.999939 0 -1 -0 0
h  159  -716526 0.999939 0 -1 -0 0
h  160  -716530 0.999939 0 -1 -0 0
h  161  -716584 0.999939 0 -1 -0 0
h  162  -710606 0.999939 0 -1 -0 0
h  163  -719851 0.999939 0 -1 -0 0
h  164  -0 0.999939 0 -1 -0 0
h  165  -0 0.999939 0 -1 -0 0
h  166  -0 0.999939 0 -1 -0 0
h  167  -0 0.999939 0 -1 -0 0
h  168  -0 0.999939 0 -1 -0 0
h  169  -0 0.999939 0 -1 -0 0
h  170  -0 0.999939 0 -1 -0 0
h  171  -0 0.999939 0 -1 -0 0
h  172  -0 0.999939 0 -1 -0 0
h  173  -0 0.999939 0 -1 -0 0
h  174  -0 0.999939 0 -1 -0 0
h  175  -0 0.999939 0 -1 -0 0
h  176  -720062 0.999939 0 -1 -0 0
h  177  -720076 0.999939 0 -1 -0 0
h  178  -720132 0.999939 0 -1 -0 0
h  179  -714653 0.999939 0 -1 -0 0
h  180  -724611 0.999939 0 -1 -0 0
h  181  -715912 0.999939 0 -1 -0 0
h  182  -715912 0.999939 0 -1 -0 0
h  183  -715952 0.999939 0 -1 -0 0
h  184  -724584 0.999939 0 -1 -0 0
h  185  -724603 0.999939 0 -1 -0 0
h  186  -724638 0.999939 0 -1 -0 0
h  187  -712952 0.999939 0 -1 -0 0
h  188  -719466 0.999939 0 -1 -0 0
h  189  -746497 0.999939 0 -1 -0 0
h  190  -746496 0.999939 0 -1 -0 0
h  191  -0 0.999939 0 -1 -0 0
h  192  -0 0.999939 0 -1 -0 0
h  193  -0 0.999939 0 -1 -0 0
h  194  -0 0.999939 0 -1 -0 0
h  195  -745399 0.999939 0 -1 -0 0
h  196  -745416 0.999939 0 -1 -0 0
h  197  -721366 0.999939 0 -1 -0 0
h  198  -721362 0.999939 0 -1 -0 0
h  199  -717557 0.999939 0 -1 -0 0
h  200  -720170 0.999939 0 -1 -0 0
h  201  -720180 0.999939 0 -1 -0 0
h  202  -720230 0.999939 0 -1 -0 0
h  203  -747824 0.999939 0 -1 -0 0
h  204  -747823 0.999939 0 -1 -0 0
h  205  -728168 0.999939 0 -1 -0 0
h  206  -728147 0.999939 0 -1 -0 0
h  207  -728184 0.999939 0 -1 -0 0
h  208  -718090 0.999939 0 -1 -0 0
h  209  -724690 0.999939 0 -1 -0 0
h  210  -724601 0.999939 0 -1 -0 0
h  211  -728141 0.999939 0 -1 -0 0
h  212  -718762 0.999939 0 -1 -0 0
h  213  -722922 0.999939 0 -1 -0 0
h  214  -735883 0.999939 0 -1 -0 0
h  215  -735885 0.999939 0 -1 -0 0
h  216  -724059 0.999939 0 -1 -0 0
h  217  -724074 0.999939 0 -1 -0 0
h  218  -724093 0.999939 0 -1 -0 0
h  219  -742583 0.999939 0 -1 -0 0
h  220  -742582 0.999939 0 -1 -0 0
h  221  -746274 0.999939 0 -1 -0 0
h  222  -746275 0.999939 0 -1 -0 0
h  223  -735792 0.999939 0 -1 -0 0
h  224  -729768 0.999939 0 -1 -0 0
h  225  -729770 0.999939 0 -1 -0 0
h  226  -735814 0.999939 0 -1 -0 0
h  227  -0 0.999939 0 -1 -0 0
h  228  -0 0.999939 0 -1 -0 0
h  229  -0 0.999939 0 -1 -0 0
h  230  -0 0.999939 0 -1 -0 0
h  231  -0 0.999939 0 -1 -0 0
h  232  -0 0.999939 0 -1 -0 0
h  233  -0 0.999939 0 -1 -0 0
h  234  -0 0.999939 0 -1 -0 0
h  235  -719308 0.999939 0 -1 -0 0
h  236  -0 0.999939 0 -1 -0 0
h  237  -0 0.999939 0 -1 -0 0
h  238  -0 0.999939 0 -1 -0 0
h  239  -0 0.999939 0 -1 -0 0
h  240  -732560 0.999939 0 -1 -0 0
h  241  -732593 0.999939 0 -1 -0 0
h  242  -732597 0.999939 0 -1 -0 0
h  243  -732549 0.999939 0 -1 -0 0
h  244  -719790 0.999939 0 -1 -0 0
h  245  -730893 0.999939 0 -1 -0 0
h  246  -730924 0.999939 0 -1 -0 0
h  247  -730928 0.999939 0 -1 -0 0
h  248  -730881 0.999939 0 -1 -0 0
h  249  -726776 0.999939 0 -1 -0 0
h  250  -726800 0.999939 0 -1 -0 0
h  251  -726810 0.999939 0 -1 -0 0
h  252  -724574 0.999939 0 -1 -0 0
h  253  -724484 0.999939 0 -1 -0 0
h  254  -727768 0.999939 0 -1 -0 0
h  255  -727739 0.999939 0 -1 -0 0
h  256  -744771 0.999939 0 -1 -0 0
h  257  -744772 0.999939 0 -1 -0 0
h  258  -743929 0.999939 0 -1 -0 0
h  259  -743930 0.999939 0 -1 -0 0
h  260  -720892 0.999939 0 -1 -0 0
h  261  -726734 0.999939 0 -1 -0 0
h  262  -743787 0.999939 0 -1 -0 0
h  263  -743783 0.999939 0 -1 -0 0
h  264  -744558 0.999939 0 -1 -0 0
h  265  -744562 0.999939 0 -1 -0 0
h  266  -722716 0.999939 0 -1 -0 0
h  267  -722717 0.999939 0 -1 -0 0
h  268  -721251 0.999939 0 -1 -0 0
h  269  -721252 0.999939 0 -1 -0 0
h  270  -725482 0.999939 0 -1 -0 0
h  271  -722582 0.999939 0 -1 -0 0
h  272  -723204 0.999939 0 -1 -0 0
h  273  -723205 0.999939 0 -1 -0 0
h  274  -721877 0.999939 0 -1 -0 0
h  275  -723215 0.999939 0 -1 -0 0
h  276  -724280 0.999939 0 -1 -0 0
h  277  -724292 0.999939 0 -1 -0 0
h  278  -724302 0.999939 0 -1 -0 0
h  279  -741726 0.999939 0 -1 -0 0
h  280  -741727 0.999939 0 -1 -0 0
h  281  -739169 0.999939 0 -1 -0 0
h  282  -739170 0.999939 0 -1 -0 0
h  733  -0 0.999939 0 -1 -0 0
h  734  -0 0.999939 0 -1 -0 0
h  735  -0 0.999939 0 -1 -0 0
h  736  -0 0.999939 0 -1 -0 0
h  737  -0 0.999939 0 -1 -0 0
h  738  -0 0.999939 0 -1 -0 0
h  739  -0 0.999939 0 -1 -0 0
h  740  -0 0.999939 0 -1 -0 0
h  741  -0 0.999939 0 -1 -0 0
h  742  -0 0.999939 0 -1 -0 0
h  743  -0 0.999939 0 -1 -0 0
h  744  -0 0.999939 0 -1 -0 0
h  745  -0 0.999939 0 -1 -0 0
h  746  -0 0.999939 0 -1 -0 0
h  784  -203547 0.999939 0 -1 -0 0
h  785  -11325.2 0.999939 0 -1 -0 0
h  786  -0 0.999939 0 -1 -0 0
h  787  -239342 0.999939 0 -1 -0 0
h  788  -0 0.999939 0 -1 -0 0
h  789  -203515 0.999939 0 -1 -0 0
h  790  -11299.5 0.999939 0 -1 -0 0
h  791  -0 0.999939 0 -1 -0 0
h  792  -239319 0.999939 0 -1 -0 0
h  793  -0 0.999939 0 -1 -0 0
h  794  -0 0.999939 0 -1 -0 0
h  795  -0 0.999939 0 -1 -0 0
h  796  -0 0.999939 0 -1 -0 0
h  797  -0 0.999939 0 -1 -0 0
h  798  -0 0.999939 0 -1 -0 0
h  799  -0 0.999939 0 -1 -0 0
h  800  -0 0.999939 0 -1 -0 0
h  801  -0 0.999939 0 -1 -0 0
h  802  -0 0.999939 0 -1 -0 0
h  803  -0 0.999939 0 -1 -0 0
h  804  -503029 0.999939 0 -1 -0 0
h  805  -595634 0.999939 0 -1 -0 0
h  806  -408745 0.999939 0 -1 -0 0
h  807  -527842 0.999939 0 -1 -0 0
h  808  -501916 0.999939 0 -1 -0 0
h  809  -585304 0.999939 0 -1 -0 0
h  810  -502974 0.999939 0 -1 -0 0
h  811  -595625 0.999939 0 -1 -0 0
h  812  -408535 0.999939 0 -1 -0 0
h  813  -527256 0.999939 0 -1 -0 0
h  814  -501813 0.999939 0 -1 -0 0
h  815  -585320 0.999939 0 -1 -0 0
h  820  -599134 0.999939 0 -1 -0 0
h  821  -508409 0.999939 0 -1 -0 0
h  822  -554187 0.999939 0 -1 -0 0
h  823  -539215 0.999939 0 -1 -0 0
h  824  -411382 0.999939 0 -1 -0 0
h  828  -599194 0.999939 0 -1 -0 0
h  829  -508472 0.999939 0 -1 -0 0
h  830  -554223 0.999939 0 -1 -0 0
h  831  -539228 0.999939 0 -1 -0 0
h  832  -411398 0.999939 0 -1 -0 0
h  850  -0 0.999939 0 -1 -0 0
h  851  -782.786 0.999939 0 -1 -0 0
h  863  -0 0.999939 0 -1 -0 0
h  864  -710.5 0.999939 0 -1 -0 0
h  884  -0 0.999939 0 -1 -0 0
h  885  -0 0.999939 0 -1 -0 0
h  886  -0 0.999939 0 -1 -0 0
h  887  -0 0.999939 0 -1 -0 0
h  888  -0 0.999939 0 -1 -0 0
h  889  -0 0.999939 0 -1 -0 0
h  890  -0 0.999939 0 -1 -0 0
h  891  -0 0.999939 0 -1 -0 0
h  943  -711843 0.999939 0 -1 -0 0
h  945  -667235 0.999939 0 -1 -0 0
h  946  -664764 0.999939 0 -1 -0 0
h  949  -711803 0.999939 0 -1 -0 0
h  951  -667168 0.999939 0 -1 -0 0
h  952  -664612 0.999939 0 -1 -0 0
h  988  -712292 0.999939 0 -1 -0 0
h  990  -667515 0.999939 0 -1 -0 0
h  991  -670270 0.999939 0 -1 -0 0
h  994  -712301 0.999939 0 -1 -0 0
h  996  -667529 0.999939 0 -1 -0 0
h  997  -670299 0.999939 0 -1 -0 0
h  1016  -733969 0.999939 0 -1 -0 0
h  1019  -731104 0.999939 0 -1 -0 0
h  1020  -734897 0.999939 0 -1 -0 0
h  1021  -743578 0.999939 0 -1 -0 0
h  1022  -742001 0.999939 0 -1 -0 0
h  1023  -734362 0.999939 0 -1 -0 0
h  1024  -735977 0.999939 0 -1 -0 0
h  1028  -733929 0.999939 0 -1 -0 0
h  1032  -743599 0.999939 0 -1 -0 0
h  1033  -731074 0.999939 0 -1 -0 0
h  1034  -734867 0.999939 0 -1 -0 0
h  1035  -742021 0.999939 0 -1 -0 0
h  1036  -734324 0.999939 0 -1 -0 0
h  1037  -735976 0.999939 0 -1 -0 0
h  1042  -733976 0.999939 0 -1 -0 0
h  1045  -731119 0.999939 0 -1 -0 0
h  1046  -734907 0.999939 0 -1 -0 0
h  1047  -743580 0.999939 0 -1 -0 0
h  1048  -742002 0.999939 0 -1 -0 0
h  1049  -734366 0.999939 0 -1 -0 0
h  1050  -735984 0.999939 0 -1 -0 0
h  1054  -733921 0.999939 0 -1 -0 0
h  1058  -743608 0.999939 0 -1 -0 0
h  1059  -731083 0.999939 0 -1 -0 0
h  1060  -734869 0.999939 0 -1 -0 0
h  1061  -742025 0.999939 0 -1 -0 0
h  1062  -734315 0.999939 0 -1 -0 0
h  1063  -735978 0.999939 0 -1 -0 0
h  1064  -715786 0.999939 0 -1 -0 0
h  1067  -718972 0.999939 0 -1 -0 0
h  1068  -719415 0.999939 0 -1 -0 0
h  1069  -718990 0.999939 0 -1 -0 0
h  1070  -714042 0.999939 0 -1 -0 0
h  1080  -716318 0.999939 0 -1 -0 0
h  1083  -719159 0.999939 0 -1 -0 0
h  1084  -719640 0.999939 0 -1 -0 0
h  1085  -714215 0.999939 0 -1 -0 0
h  1086  -719214 0.999939 0 -1 -0 0
h  1096  -716329 0.999939 0 -1 -0 0
h  1099  -719168 0.999939 0 -1 -0 0
h  1100  -719650 0.999939 0 -1 -0 0
h  1101  -714237 0.999939 0 -1 -0 0
h  1102  -719231 0.999939 0 -1 -0 0
h  1103  -747797 0.999939 0 -1 -0 0
h  1106  -744070 0.999939 0 -1 -0 0
h  1107  -745782 0.999939 0 -1 -0 0
h  1108  -742771 0.999939 0 -1 -0 0
h  1109  -747796 0.999939 0 -1 -0 0
h  1112  -744067 0.999939 0 -1 -0 0
h  1113  -745782 0.999939 0 -1 -0 0
h  1114  -742768 0.999939 0 -1 -0 0
h  1115  -0 0.999939 0 -1 -0 0
h  1116  -0 0.999939 0 -1 -0 0
h  1117  -0 0.999939 0 -1 -0 0
h  1118  -0 0.999939 0 -1 -0 0
h  1119  -0 0.999939 0 -1 -0 0
h  1120  -0 0.999939 0 -1 -0 0
h  1121  -0 0.999939 0 -1 -0 0
h  1122  -0 0.999939 0 -1 -0 0
h  1123  -0 0.999939 0 -1 -0 0
h  1124  -0 0.999939 0 -1 -0 0
h  1125  -0 0.999939 0 -1 -0 0
h  1126  -0 0.999939 0 -1 -0 0
h  1127  -0 0.999939 0 -1 -0 0
h  1128  -0 0.999939 0 -1 -0 0
h  1129  -0 0.999939 0 -1 -0 0
h  1130  -0 0.999939 0 -1 -0 0
h  1131  -0 0.999939 0 -1 -0 0
h  1132  -0 0.999939 0 -1 -0 0
h  1133  -0 0.999939 0 -1 -0 0
h  1134  -0 0.999939 0 -1 -0 0
SolidID  29   16 
h  534  -0 0.999939 0 -1 -0 0
h  535  -0 0.999939 0 -1 -0 0
h  536  -0 0.999939 0 -1 -0 0
h  537  -0 0.999939 0 -1 -0 0
h  538  -0 0.999939 0 -1 -0 0
h  539  -0 0.999939 0 -1 -0 0
h  540  -0 0.999939 0 -1 -0 0
h  541  -0 0.999939 0 -1 -0 0
h  542  -0 0.999939 0 -1 -0 0
h  543  -0 0.999939 0 -1 -0 0
h  544  -0 0.999939 0 -1 -0 0
h  545  -0 0.999939 0 -1 -0 0
h  546  -0 0.999939 0 -1 -0 0
h  547  -0 0.999939 0 -1 -0 0
h  548  -0 0.999939 0 -1 -0 0
h  549  -0 0.999939 0 -1 -0 0
SolidID  6   335 
h  99  -653154 0.999939 0 -1 -0 0
h  100  -653115 0.999939 0 -1 -0 0
h  101  -653971 0.999939 0 -1 -0 0
h  102  -654055 0.999939 0 -1 -0 0
h  103  -163167 0.999939 0 -1 -0 0
h  104  -163095 0.999939 0 -1 -0 0
h  105  -368495 0.999939 0 -1 -0 0
h  106  -368423 0.999939 0 -1 -0 0
h  107  -369583 0.999939 0 -1 -0 0
h  108  -369524 0.999939 0 -1 -0 0
h  109  -0 0.999939 0 -1 -0 0
h  110  -0 0.999939 0 -1 -0 0
h  111  -0 0.999939 0 -1 -0 0
h  112  -0 0.999939 0 -1 -0 0
h  113  -699461 0.999939 0 -1 -0 0
h  114  -699795 0.999939 0 -1 -0 0
h  115  -699459 0.999939 0 -1 -0 0
h  116  -699841 0.999939 0 -1 -0 0
h  117  -182812 0.999939 0 -1 -0 0
h  118  -182774 0.999939 0 -1 -0 0
h  119  -715135 0.999939 0 -1 -0 0
h  120  -715150 0.999939 0 -1 -0 0
h  121  -715543 0.999939 0 -1 -0 0
h  122  -715561 0.999939 0 -1 -0 0
h  123  -713167 0.999939 0 -1 -0 0
h  124  -713157 0.999939 0 -1 -0 0
h  125  -713237 0.999939 0 -1 -0 0
h  126  -713283 0.999939 0 -1 -0 0
h  127  -0 0.999939 0 -1 -0 0
h  128  -0 0.999939 0 -1 -0 0
h  129  -0 0.999939 0 -1 -0 0
h  130  -0 0.999939 0 -1 -0 0
h  131  -712506 0.999939 0 -1 -0 0
h  132  -712505 0.999939 0 -1 -0 0
h  133  -712527 0.999939 0 -1 -0 0
h  134  -712581 0.999939 0 -1 -0 0
h  135  -0 0.999939 0 -1 -0 0
h  136  -0 0.999939 0 -1 -0 0
h  137  -0 0.999939 0 -1 -0 0
h  138  -0 0.999939 0 -1 -0 0
h  139  -0 0.999939 0 -1 -0 0
h  140  -0 0.999939 0 -1 -0 0
h  141  -0 0.999939 0 -1 -0 0
h  142  -0 0.999939 0 -1 -0 0
h  143  -713357 0.999939 0 -1 -0 0
h  144  -713343 0.999939 0 -1 -0 0
h  145  -713372 0.999939 0 -1 -0 0
h  146  -713214 0.999939 0 -1 -0 0
h  147  -0 0.999939 0 -1 -0 0
h  148  -0 0.999939 0 -1 -0 0
h  149  -0 0.999939 0 -1 -0 0
h  150  -0 0.999939 0 -1 -0 0
h  151  -711025 0.999939 0 -1 -0 0
h  152  -711049 0.999939 0 -1 -0 0
h  153  -724226 0.999939 0 -1 -0 0
h  154  -724295 0.999939 0 -1 -0 0
h  155  -724250 0.999939 0 -1 -0 0
h  156  -724331 0.999939 0 -1 -0 0
h  157  -711073 0.999939 0 -1 -0 0
h  158  -716372 0.999939 0 -1 -0 0
h  159  -716526 0.999939 0 -1 -0 0
h  160  -716530 0.999939 0 -1 -0 0
h  161  -716584 0.999939 0 -1 -0 0
h  162  -710606 0.999939 0 -1 -0 0
h  163  -719851 0.999939 0 -1 -0 0
h  164  -0 0.999939 0 -1 -0 0
h  165  -0 0.999939 0 -1 -0 0
h  166  -0 0.999939 0 -1 -0 0
h  167  -0 0.999939 0 -1 -0 0
h  168  -0 0.999939 0 -1 -0 0
h  169  -0 0.999939 0 -1 -0 0
h  170  -0 0.999939 0 -1 -0 0
h  171  -0 0.999939 0 -1 -0 0
h  172  -0 0.999939 0 -1 -0 0
h  173  -0 0.999939 0 -1 -0 0
h  174  -0 0.999939 0 -1 -0 0
h  175  -0 0.999939 0 -1 -0 0
h  176  -720062 0.999939 0 -1 -0 0
h  177  -720076 0.999939 0 -1 -0 0
h  178  -720132 0.999939 0 -1 -0 0
h  179  -714653 0.999939 0 -1 -0 0
h  180  -724611 0.999939 0 -1 -0 0
h  181  -715912 0.999939 0 -1 -0 0
h  182  -715912 0.999939 0 -1 -0 0
h  183  -715952 0.999939 0 -1 -0 0
h  184  -724584 0.999939 0 -1 -0 0
h  185  -724603 0.999939 0 -1 -0 0
h  186  -724638 0.999939 0 -1 -0 0
h  187  -712952 0.999939 0 -1 -0 0
h  188  -719466 0.999939 0 -1 -0 0
h  189  -746497 0.999939 0 -1 -0 0
h  190  -746496 0.999939 0 -1 -0 0
h  191  -0 0.999939 0 -1 -0 0
h  192  -0 0.999939 0 -1 -0 0
h  193  -0 0.999939 0 -1 -0 0
h  194  -0 0.999939 0 -1 -0 0
h  195  -745399 0.999939 0 -1 -0 0
h  196  -745416 0.999939 0 -1 -0 0
h  197  -721366 0.999939 0 -1 -0 0
h  198  -721362 0.999939 0 -1 -0 0
h  199  -717557 0.999939 0 -1 -0 0
h  200  -720170 0.999939 0 -1 -0 0
h  201  -720180 0.999939 0 -1 -0 0
h  202  -720230 0.999939 0 -1 -0 0
h  203  -747824 0.999939 0 -1 -0 0
h  204  -747823 0.999939 0 -1 -0 0
h  205  -728168 0.999939 0 -1 -0 0
h  206  -728147 0.999939 0 -1 -0 0
h  207  -728184 0.999939 0 -1 -0 0
h  208  -718090 0.999939 0 -1 -0 0
h  209  -724690 0.999939 0 -1 -0 0
h  210  -724601 0.999939 0 -1 -0 0
h  211  -728141 0.999939 0 -1 -0 0
h  212  -718762 0.999939 0 -1 -0 0
h  213  -722922 0.999939 0 -1 -0 0
h  214  -735883 0.999939 0 -1 -0 0
h  215  -735885 0.999939 0 -1 -0 0
h  216  -724059 0.999939 0 -1 -0 0
h  217  -724074 0.999939 0 -1 -0 0
h  218  -724093 0.999939 0 -1 -0 0
h  219  -742583 0.999939 0 -1 -0 0
h  220  -742582 0.999939 0 -1 -0 0
h  221  -746274 0.999939 0 -1 -0 0
h  222  -746275 0.999939 0 -1 -0 0
h  223  -735792 0.999939 0 -1 -0 0
h  224  -729768 0.999939 0 -1 -0 0
h  225  -729770 0.999939 0 -1 -0 0
h  226  -735814 0.999939 0 -1 -0 0
h  227  -0 0.999939 0 -1 -0 0
h  228  -0 0.999939 0 -1 -0 0
h  229  -0 0.999939 0 -1 -0 0
h  230  -0 0.999939 0 -1 -0 0
h  231  -0 0.999939 0 -1 -0 0
h  232  -0 0.999939 0 -1 -0 0
h  233  -0 0.999939 0 -1 -0 0
h  234  -0 0.999939 0 -1 -0 0
h  235  -719308 0.999939 0 -1 -0 0
h  236  -0 0.999939 0 -1 -0 0
h  237  -0 0.999939 0 -1 -0 0
h  238  -0 0.999939 0 -1 -0 0
h  239  -0 0.999939 0 -1 -0 0
h  240  -732560 0.999939 0 -1 -0 0
h  241  -732593 0.999939 0 -1 -0 0
h  242  -732597 0.999939 0 -1 -0 0
h  243  -732549 0.999939 0 -1 -0 0
h  244  -719790 0.999939 0 -1 -0 0
h  245  -730893 0.999939 0 -1 -0 0
h  246  -730924 0.999939 0 -1 -0 0
h  247  -730928 0.999939 0 -1 -0 0
h  248  -730881 0.999939 0 -1 -0 0
h  249  -726776 0.999939 0 -1 -0 0
h  250  -726800 0.999939 0 -1 -0 0
h  251  -726810 0.999939 0 -1 -0 0
h  252  -724574 0.999939 0 -1 -0 0
h  253  -724484 0.999939 0 -1 -0 0
h  254  -727768 0.999939 0 -1 -0 0
h  255  -727739 0.999939 0 -1 -0 0
h  256  -744771 0.999939 0 -1 -0 0
h  257  -744772 0.999939 0 -1 -0 0
h  258  -743929 0.999939 0 -1 -0 0
h  259  -743930 0.999939 0 -1 -0 0
h  260  -720892 0.999939 0 -1 -0 0
h  261  -726734 0.999939 0 -1 -0 0
h  262  -743787 0.999939 0 -1 -0 0
h  263  -743783 0.999939 0 -1 -0 0
h  264  -744558 0.999939 0 -1 -0 0
h  265  -744562 0.999939 0 -1 -0 0
h  266  -722716 0.999939 0 -1 -0 0
h  267  -722717 0.999939 0 -1 -0 0
h  268  -721251 0.999939 0 -1 -0 0
h  269  -721252 0.999939 0 -1 -0 0
h  270  -725482 0.999939 0 -1 -0 0
h  271  -722582 0.999939 0 -1 -0 0
h  272  -723204 0.999939 0 -1 -0 0
h  273  -723205 0.999939 0 -1 -0 0
h  274  -721877 0.999939 0 -1 -0 0
h  275  -723215 0.999939 0 -1 -0 0
h  276  -724280 0.999939 0 -1 -0 0
h  277  -724292 0.999939 0 -1 -0 0
h  278  -724302 0.999939 0 -1 -0 0
h  279  -741726 0.999939 0 -1 -0 0
h  280  -741727 0.999939 0 -1 -0 0
h  281  -739169 0.999939 0 -1 -0 0
h  282  -739170 0.999939 0 -1 -0 0
h  733  -0 0.999939 0 -1 -0 0
h  734  -0 0.999939 0 -1 -0 0
h  735  -0 0.999939 0 -1 -0 0
h  736  -0 0.999939 0 -1 -0 0
h  737  -0 0.999939 0 -1 -0 0
h  738  -0 0.999939 0 -1 -0 0
h  739  -0 0.999939 0 -1 -0 0
h  740  -0 0.999939 0 -1 -0 0
h  741  -0 0.999939 0 -1 -0 0
h  742  -0 0.999939 0 -1 -0 0
h  743  -0 0.999939 0 -1 -0 0
h  744  -0 0.999939 0 -1 -0 0
h  745  -0 0.999939 0 -1 -0 0
h  746  -0 0.999939 0 -1 -0 0
h  784  -203547 0.999939 0 -1 -0 0
h  785  -11325.2 0.999939 0 -1 -0 0
h  786  -0 0.999939 0 -1 -0 0
h  787  -239342 0.999939 0 -1 -0 0
h  788  -0 0.999939 0 -1 -0 0
h  789  -203515 0.999939 0 -1 -0 0
h  790  -11299.5 0.999939 0 -1 -0 0
h  791  -0 0.999939 0 -1 -0 0
h  792  -239319 0.999939 0 -1 -0 0
h  793  -0 0.999939 0 -1 -0 0
h  794  -0 0.999939 0 -1 -0 0
h  795  -0 0.999939 0 -1 -0 0
h  796  -0 0.999939 0 -1 -0 0
h  797  -0 0.999939 0 -1 -0 0
h  798  -0 0.999939 0 -1 -0 0
h  799  -0 0.999939 0 -1 -0 0
h  800  -0 0.999939 0 -1 -0 0
h  801  -0 0.999939 0 -1 -0 0
h  802  -0 0.999939 0 -1 -0 0
h  803  -0 0.999939 0 -1 -0 0
h  804  -503029 0.999939 0 -1 -0 0
h  805  -595634 0.999939 0 -1 -0 0
h  806  -408745 0.999939 0 -1 -0 0
h  807  -527842 0.999939 0 -1 -0 0
h  808  -501916 0.999939 0 -1 -0 0
h  809  -585304 0.999939 0 -1 -0 0
h  810  -502974 0.999939 0 -1 -0 0
h  811  -595625 0.999939 0 -1 -0 0
h  812  -408535 0.999939 0 -1 -0 0
h  813  -527256 0.999939 0 -1 -0 0
h  814  -501813 0.999939 0 -1 -0 0
h  815  -585320 0.999939 0 -1 -0 0
h  820  -599134 0.999939 0 -1 -0 0
h  821  -508409 0.999939 0 -1 -0 0
h  822  -554187 0.999939 0 -1 -0 0
h  823  -539215 0.999939 0 -1 -0 0
h  824  -411382 0.999939 0 -1 -0 0
h  828  -599194 0.999939 0 -1 -0 0
h  829  -508472 0.999939 0 -1 -0 0
h  830  -554223 0.999939 0 -1 -0 0
h  831  -539228 0.999939 0 -1 -0 0
h  832  -411398 0.999939 0 -1 -0 0
h  850  -0 0.999939 0 -1 -0 0
h  851  -782.786 0.999939 0 -1 -0 0
h  863  -0 0.999939 0 -1 -0 0
h  864  -710.5 0.999939 0 -1 -0 0
h  884  -0 0.999939 0 -1 -0 0
h  885  -0 0.999939 0 -1 -0 0
h  886  -0 0.999939 0 -1 -0 0
h  887  -0 0.999939 0 -1 -0 0
h  888  -0 0.999939 0 -1 -0 0
h  889  -0 0.999939 0 -1 -0 0
h  890  -0 0.999939 0 -1 -0 0
h  891  -0 0.999939 0 -1 -0 0
h  943  -711843 0.999939 0 -1 -0 0
h  945  -667235 0.999939 0 -1 -0 0
h  946  -664764 0.999939 0 -1 -0 0
h  949  -711803 0.999939 0 -1 -0 0
h  951  -667168 0.999939 0 -1 -0 0
h  952  -664612 0.999939 0 -1 -0 0
h  988  -712292 0.999939 0 -1 -0 0
h  990  -667515 0.999939 0 -1 -0 0
h  991  -670270 0.999939 0 -1 -0 0
h  994  -712301 0.999939 0 -1 -0 0
h  996  -667529 0.999939 0 -1 -0 0
h  997  -670299 0.999939 0 -1 -0 0
h  1016  -733969 0.999939 0 -1 -0 0
h  1019  -731104 0.999939 0 -1 -0 0
h  1020  -734897 0.999939 0 -1 -0 0
h  1021  -743578 0.999939 0 -1 -0 0
h  1022  -742001 0.999939 0 -1 -0 0
h  1023  -734362 0.999939 0 -1 -0 0
h  1024  -735977 0.999939 0 -1 -0 0
h  1028  -733929 0.999939 0 -1 -0 0
h  1032  -743599 0.999939 0 -1 -0 0
h  1033  -731074 0.999939 0 -1 -0 0
h  1034  -734867 0.999939 0 -1 -0 0
h  1035  -742021 0.999939 0 -1 -0 0
h  1036  -734324 0.999939 0 -1 -0 0
h  1037  -735976 0.999939 0 -1 -0 0
h  1042  -733976 0.999939 0 -1 -0 0
h  1045  -731119 0.999939 0 -1 -0 0
h  1046  -734907 0.999939 0 -1 -0 0
h  1047  -743580 0.999939 0 -1 -0 0
h  1048  -742002 0.999939 0 -1 -0 0
h  1049  -734366 0.999939 0 -1 -0 0
h  1050  -735984 0.999939 0 -1 -0 0
h  1054  -733921 0.999939 0 -1 -0 0
h  1058  -743608 0.999939 0 -1 -0 0
h  1059  -731083 0.999939 0 -1 -0 0
h  1060  -734869 0.999939 0 -1 -0 0
h  1061  -742025 0.999939 0 -1 -0 0
h  1062  -734315 0.999939 0 -1 -0 0
h  1063  -735978 0.999939 0 -1 -0 0
h  1064  -715786 0.999939 0 -1 -0 0
h  1067  -718972 0.999939 0 -1 -0 0
h  1068  -719415 0.999939 0 -1 -0 0
h  1069  -718990 0.999939 0 -1 -0 0
h  1070  -714042 0.999939 0 -1 -0 0
h  1080  -716318 0.999939 0 -1 -0 0
h  1083  -719159 0.999939 0 -1 -0 0
h  1084  -719640 0.999939 0 -1 -0 0
h  1085  -714215 0.999939 0 -1 -0 0
h  1086  -719214 0.999939 0 -1 -0 0
h  1096  -716329 0.999939 0 -1 -0 0
h  1099  -719168 0.999939 0 -1 -0 0
h  1100  -719650 0.999939 0 -1 -0 0
h  1101  -714237 0.999939 0 -1 -0 0
h  1102  -719231 0.999939 0 -1 -0 0
h  1103  -747797 0.999939 0 -1 -0 0
h  1106  -744070 0.999939 0 -1 -0 0
h  1107  -745782 0.999939 0 -1 -0 0
h  1108  -742771 0.999939 0 -1 -0 0
h  1109  -747796 0.999939 0 -1 -0 0
h  1112  -744067 0.999939 0 -1 -0 0
h  1113  -745782 0.999939 0 -1 -0 0
h  1114  -742768 0.999939 0 -1 -0 0
h  1115  -0 0.999939 0 -1 -0 0
h  1116  -0 0.999939 0 -1 -0 0
h  1117  -0 0.999939 0 -1 -0 0
h  1118  -0 0.999939 0 -1 -0 0
h  1119  -0 0.999939 0 -1 -0 0
h  1120  -0 0.999939 0 -1 -0 0
h  1121  -0 0.999939 0 -1 -0 0
h  1122  -0 0.999939 0 -1 -0 0
h  1123  -0 0.999939 0 -1 -0 0
h  1124  -0 0.999939 0 -1 -0 0
h  1125  -0 0.999939 0 -1 -0 0
h  1126  -0 0.999939 0 -1 -0 0
h  1127  -0 0.999939 0 -1 -0 0
h  1128  -0 0.999939 0 -1 -0 0
h  1129  -0 0.999939 0 -1 -0 0
h  1130  -0 0.999939 0 -1 -0 0
h  1131  -0 0.999939 0 -1 -0 0
h  1132  -0 0.999939 0 -1 -0 0
h  1133  -0 0.999939 0 -1 -0 0
h  1134  -0 0.999939 0 -1 -0 0
SolidID  29   16 
h  534  -0 0.999939 0 -1 -0 0
h  535  -0 0.999939 0 -1 -0 0
h  536  -0 0.999939 0 -1 -0 0
h  537  -0 0.999939 0 -1 -0 0
h  538  -0 0.999939 0 -1 -0 0
h  539  -0 0.999939 0 -1 -0 0
h  540  -0 0.999939 0 -1 -0 0
h  541  -0 0.999939 0 -1 -0 0
h  542  -0 0.999939 0 -1 -0 0
h  543  -0 0.999939 0 -1 -0 0
h  544  -0 0.999939 0 -1 -0 0
h  545  -0 0.999939 0 -1 -0 0
h  546  -0 0.999939 0 -1 -0 0
h  547  -0 0.999939 0 -1 -0 0
h  548  -0 0.999939 0 -1 -0 0
h  549  -0 0.999939 0 -1 -0 0
SolidID  35   16 
h  299  -726226 0.999939 0 -1 -0 0
h  300  -736738 0.999939 0 -1 -0 0
h  301  -733118 0.999939 0 -1 -0 0
h  302  -729020 0.999939 0 -1 -0 0
h  303  -731909 0.999939 0 -1 -0 0
h  304  -731185 0.999939 0 -1 -0 0
h  305  -735084 0.999939 0 -1 -0 0
h  306  -727933 0.999939 0 -1 -0 0
h  307  -726811 0.999939 0 -1 -0 0
h  308  -727109 0.999939 0 -1 -0 0
h  309  -726289 0.999939 0 -1 -0 0
h  310  -738233 0.999939 0 -1 -0 0
h  311  -737289 0.999939 0 -1 -0 0
h  312  -729438 0.999939 0 -1 -0 0
h  313  -734986 0.999939 0 -1 -0 0
h  314  -737929 0.999939 0 -1 -0 0
SolidID  6   335 
h  99  -653154 0.999939 0 -1 -0 0
h  100  -653115 0.999939 0 -1 -0 0
h  101  -653971 0.999939 0 -1 -0 0
h  102  -654055 0.999939 0 -1 -0 0
h  103  -163167 0.999939 0 -1 -0 0
h  104  -163095 0.999939 0 -1 -0 0
h  105  -368495 0.999939 0 -1 -0 0
h  106  -368423 0.999939 0 -1 -0 0
h  107  -369583 0.999939 0 -1 -0 0
h  108  -369524 0.999939 0 -1 -0 0
h  109  -0 0.999939 0 -1 -0 0
h  110  -0 0.999939 0 -1 -0 0
h  111  -0 0.999939 0 -1 -0 0
h  112  -0 0.999939 0 -1 -0 0
h  113  -699461 0.999939 0 -1 -0 0
h  114  -699795 0.999939 0 -1 -0 0
h  115  -699459 0.999939 0 -1 -0 0
h  116  -699841 0.999939 0 -1 -0 0
h  117  -182812 0.999939 0 -1 -0 0
h  118  -182774 0.999939 0 -1 -0 0
h  119  -715135 0.999939 0 -1 -0 0
h  120  -715150 0.999939 0 -1 -0 0
h  121  -715543 0.999939 0 -1 -0 0
h  122  -715561 0.999939 0 -1 -0 0
h  123  -713167 0.999939 0 -1 -0 0
h  124  -713157 0.999939 0 -1 -0 0
h  125  -713237 0.999939 0 -1 -0 0
h  126  -713283 0.999939 0 -1 -0 0
h  127  -0 0.999939 0 -1 -0 0
h  128  -0 0.999939 0 -1 -0 0
h  129  -0 0.999939 0 -1 -0 0
h  130  -0 0.999939 0 -1 -0 0
h  131  -712506 0.999939 0 -1 -0 0
h  132  -712505 0.999939 0 -1 -0 0
h  133  -712527 0.999939 0 -1 -0 0
h  134  -712581 0.999939 0 -1 -0 0
h  135  -0 0.999939 0 -1 -0 0
h  136  -0 0.999939 0 -1 -0 0
h  137  -0 0.999939 0 -1 -0 0
h  138  -0 0.999939 0 -1 -0 0
h  139  -0 0.999939 0 -1 -0 0
h  140  -0 0.999939 0 -1 -0 0
h  141  -0 0.999939 0 -1 -0 0
h  142  -0 0.999939 0 -1 -0 0
h  143  -713357 0.999939 0 -1 -0 0
h  144  -713343 0.999939 0 -1 -0 0
h  145  -713372 0.999939 0 -1 -0 0
h  146  -713214 0.999939 0 -1 -0 0
h  147  -0 0.999939 0 -1 -0 0
h  148  -0 0.999939 0 -1 -0 0
h  149  -0 0.999939 0 -1 -0 0
h  150  -0 0.999939 0 -1 -0 0
h  151  -711025 0.999939 0 -1 -0 0
h  152  -711049 0.999939 0 -1 -0 0
h  153  -724226 0.999939 0 -1 -0 0
h  154  -724295 0.999939 0 -1 -0 0
h  155  -724250 0.999939 0 -1 -0 0
h  156  -724331 0.999939 0 -1 -0 0
h  157  -711073 0.999939 0 -1 -0 0
h  158  -716372 0.999939 0 -1 -0 0
h  159  -716526 0.999939 0 -1 -0 0
h  160  -716530 0.999939 0 -1 -0 0
h  161  -716584 0.999939 0 -1 -0 0
h  162  -710606 0.999939 0 -1 -0 0
h  163  -719851 0.999939 0 -1 -0 0
h  164  -0 0.999939 0 -1 -0 0
h  165  -0 0.999939 0 -1 -0 0
h  166  -0 0.999939 0 -1 -0 0
h  167  -0 0.999939 0 -1 -0 0
h  168  -0 0.999939 0 -1 -0 0
h  169  -0 0.999939 0 -1 -0 0
h  170  -0 0.999939 0 -1 -0 0
h  171  -0 0.999939 0 -1 -0 0
h  172  -0 0.999939 0 -1 -0 0
h  173  -0 0.999939 0 -1 -0 0
h  174  -0 0.999939 0 -1 -0 0
h  175  -0 0.999939 0 -1 -0 0
h  176  -720062 0.999939 0 -1 -0 0
h  177  -720076 0.999939 0 -1 -0 0
h  178  -720132 0.999939 0 -1 -0 0
h  179  -714653 0.999939 0 -1 -0 0
h  180  -724611 0.999939 0 -1 -0 0
h  181  -715912 0.999939 0 -1 -0 0
h  182  -715912 0.999939 0 -1 -0 0
h  183  -715952 0.999939 0 -1 -0 0
h  184  -724584 0.999939 0 -1 -0 0
h  185  -724603 0.999939 0 -1 -0 0
h  186  -724638 0.999939 0 -1 -0 0
h  187  -712952 0.999939 0 -1 -0 0
h  188  -719466 0.999939 0 -1 -0 0
h  189  -746497 0.999939 0 -1 -0 0
h  190  -746496 0.999939 0 -1 -0 0
h  191  -0 0.999939 0 -1 -0 0
h  192  -0 0.999939 0 -1 -0 0
h  193  -0 0.999939 0 -1 -0 0
h  194  -0 0.999939 0 -1 -0 0
h  195  -745399 0.999939 0 -1 -0 0
h  196  -745416 0.999939 0 -1 -0 0
h  197  -721366 0.999939 0 -1 -0 0
h  198  -721362 0.999939 0 -1 -0 0
h  199  -717557 0.999939 0 -1 -0 0
h  200  -720170 0.999939 0 -1 -0 0
h  201  -720180 0.999939 0 -1 -0 0
h  202  -720230 0.999939 0 -1 -0 0
h  203  -747824 0.999939 0 -1 -0 0
h  204  -747823 0.999939 0 -1 -0 0
h  205  -728168 0.999939 0 -1 -0 0
h  206  -728147 0.999939 0 -1 -0 0
h  207  -728184 0.999939 0 -1 -0 0
h  208  -718090 0.999939 0 -1 -0 0
h  209  -724690 0.999939 0 -1 -0 0
h  210  -724601 0.999939 0 -1 -0 0
h  211  -728141 0.999939 0 -1 -0 0
h  212  -718762 0.999939 0 -1 -0 0
h  213  -722922 0.999939 0 -1 -0 0
h  214  -735883 0.999939 0 -1 -0 0
h  215  -735885 0.999939 0 -1 -0 0
h  216  -724059 0.999939 0 -1 -0 0
h  217  -724074 0.999939 0 -1 -0 0
h  218  -724093 0.999939 0 -1 -0 0
h  219  -742583 0.999939 0 -1 -0 0
h  220  -742582 0.999939 0 -1 -0 0
h  221  -746274 0.999939 0 -1 -0 0
h  222  -746275 0.999939 0 -1 -0 0
h  223  -735792 0.999939 0 -1 -0 0
h  224  -729768 0.999939 0 -1 -0 0
h  225  -729770 0.999939 0 -1 -0 0
h  226  -735814 0.999939 0 -1 -0 0
h  227  -0 0.999939 0 -1 -0 0
h  228  -0 0.999939 0 -1 -0 0
h  229  -0 0.999939 0 -1 -0 0
h  230  -0 0.999939 0 -1 -0 0
h  231  -0 0.999939 0 -1 -0 0
h  232  -0 0.999939 0 -1 -0 0
h  233  -0 0.999939 0 -1 -0 0
h  234  -0 0.999939 0 -1 -0 0
h  235  -719308 0.999939 0 -1 -0 0
h  236  -0 0.999939 0 -1 -0 0
h  237  -0 0.999939 0 -1 -0 0
h  238  -0 0.999939 0 -1 -0 0
h  239  -0 0.999939 0 -1 -0 0
h  240  -732560 0.999939 0 -1 -0 0
h  241  -732593 0.999939 0 -1 -0 0
h  242  -732597 0.999939 0 -1 -0 0
h  243  -732549 0.999939 0 -1 -0 0
h  244  -719790 0.999939 0 -1 -0 0
h  245  -730893 0.999939 0 -1 -0 0
h  246  -730924 0.999939 0 -1 -0 0
h  247  -730928 0.999939 0 -1 -0 0
h  248  -730881 0.999939 0 -1 -0 0
h  249  -726776 0.999939 0 -1 -0 0
h  250  -726800 0.999939 0 -1 -0 0
h  251  -726810 0.999939 0 -1 -0 0
h  252  -724574 0.999939 0 -1 -0 0
h  253  -724484 0.999939 0 -1 -0 0
h  254  -727768 0.999939 0 -1 -0 0
h  255  -727739 0.999939 0 -1 -0 0
h  256  -744771 0.999939 0 -1 -0 0
h  257  -744772 0.999939 0 -1 -0 0
h  258  -743929 0.999939 0 -1 -0 0
h  259  -743930 0.999939 0 -1 -0 0
h  260  -720892 0.999939 0 -1 -0 0
h  261  -726734 0.999939 0 -1 -0 0
h  262  -743787 0.999939 0 -1 -0 0
h  263  -743783 0.999939 0 -1 -0 0
h  264  -744558 0.999939 0 -1 -0 0
h  265  -744562 0.999939 0 -1 -0 0
h  266  -722716 0.999939 0 -1 -0 0
h  267  -722717 0.999939 0 -1 -0 0
h  268  -721251 0.999939 0 -1 -0 0
h  269  -721252 0.999939 0 -1 -0 0
h  270  -725482 0.999939 0 -1 -0 0
h  271  -722582 0.999939 0 -1 -0 0
h  272  -723204 0.999939 0 -1 -0 0
h  273  -723205 0.999939 0 -1 -0 0
h  274  -721877 0.999939 0 -1 -0 0
h  275  -723215 0.999939 0 -1 -0 0
h  276  -724280 0.999939 0 -1 -0 0
h  277  -724292 0.999939 0 -1 -0 0
h  278  -724302 0.999939 0 -1 -0 0
h  279  -741726 0.999939 0 -1 -0 0
h  280  -741727 0.999939 0 -1 -0 0
h  281  -739169 0.999939 0 -1 -0 0
h  282  -739170 0.999939 0 -1 -0 0
h  733  -0 0.999939 0 -1 -0 0
h  734  -0 0.999939 0 -1 -0 0
h  735  -0 0.999939 0 -1 -0 0
h  736  -0 0.999939 0 -1 -0 0
h  737  -0 0.999939 0 -1 -0 0
h  738  -0 0.999939 0 -1 -0 0
h  739  -0 0.999939 0 -1 -0 0
h  740  -0 0.999939 0 -1 -0 0
h  741  -0 0.999939 0 -1 -0 0
h  742  -0 0.999939 0 -1 -0 0
h  743  -0 0.999939 0 -1 -0 0
h  744  -0 0.999939 0 -1 -0 0
h  745  -0 0.999939 0 -1 -0 0
h  746  -0 0.999939 0 -1 -0 0
h  784  -203547 0.999939 0 -1 -0 0
h  785  -11325.2 0.999939 0 -1 -0 0
h  786  -0 0.999939 0 -1 -0 0
h  787  -239342 0.999939 0 -1 -0 0
h  788  -0 0.999939 0 -1 -0 0
h  789  -203515 0.999939 0 -1 -0 0
h  790  -11299.5 0.999939 0 -1 -0 0
h  791  -0 0.999939 0 -1 -0 0
h  792  -239319 0.999939 0 -1 -0 0
h  793  -0 0.999939 0 -1 -0 0
h  794  -0 0.999939 0 -1 -0 0
h  795  -0 0.999939 0 -1 -0 0
h  796  -0 0.999939 0 -1 -0 0
h  797  -0 0.999939 0 -1 -0 0
h  798  -0 0.999939 0 -1 -0 0
h  799  -0 0.999939 0 -1 -0 0
h  800  -0 0.999939 0 -1 -0 0
h  801  -0 0.999939 0 -1 -0 0
h  802  -0 0.999939 0 -1 -0 0
h  803  -0 0.999939 0 -1 -0 0
h  804  -503029 0.999939 0 -1 -0 0
h  805  -595634 0.999939 0 -1 -0 0
h  806  -408745 0.999939 0 -1 -0 0
h  807  -527842 0.999939 0 -1 -0 0
h  808  -501916 0.999939 0 -1 -0 0
h  809  -585304 0.999939 0 -1 -0 0
h  810  -502974 0.999939 0 -1 -0 0
h  811  -595625 0.999939 0 -1 -0 0
h  812  -408535 0.999939 0 -1 -0 0
h  813  -527256 0.999939 0 -1 -0 0
h  814  -501813 0.999939 0 -1 -0 0
h  815  -585320 0.999939 0 -1 -0 0
h  820  -599134 0.999939 0 -1 -0 0
h  821  -508409 0.999939 0 -1 -0 0
h  822  -554187 0.999939 0 -1 -0 0
h  823  -539215 0.999939 0 -1 -0 0
h  824  -411382 0.999939 0 -1 -0 0
h  828  -599194 0.999939 0 -1 -0 0
h  829  -508472 0.999939 0 -1 -0 0
h  830  -554223 0.999939 0 -1 -0 0
h  831  -539228 0.999939 0 -1 -0 0
h  832  -411398 0.999939 0 -1 -0 0
h  850  -0 0.999939 0 -1 -0 0
h  851  -782.786 0.999939 0 -1 -0 0
h  863  -0 0.999939 0 -1 -0 0
h  864  -710.5 0.999939 0 -1 -0 0
h  884  -0 0.999939 0 -1 -0 0
h  885  -0 0.999939 0 -1 -0 0
h  886  -0 0.999939 0 -1 -0 0
h  887  -0 0.999939 0 -1 -0 0
h  888  -0 0.999939 0 -1 -0 0
h  889  -0 0.999939 0 -1 -0 0
h  890  -0 0.999939 0 -1 -0 0
h  891  -0 0.999939 0 -1 -0 0
h  943  -711843 0.999939 0 -1 -0 0
h  945  -667235 0.999939 0 -1 -0 0
h  946  -664764 0.999939 0 -1 -0 0
h  949  -711803 0.999939 0 -1 -0 0
h  951  -667168 0.999939 0 -1 -0 0
h  952  -664612 0.999939 0 -1 -0 0
h  988  -712292 0.999939 0 -1 -0 0
h  990  -667515 0.999939 0 -1 -0 0
h  991  -670270 0.999939 0 -1 -0 0
h  994  -712301 0.999939 0 -1 -0 0
h  996  -667529 0.999939 0 -1 -0 0
h  997  -670299 0.999939 0 -1 -0 0
h  1016  -733969 0.999939 0 -1 -0 0
h  1019  -731104 0.999939 0 -1 -0 0
h  1020  -734897 0.999939 0 -1 -0 0
h  1021  -743578 0.999939 0 -1 -0 0
h  1022  -742001 0.999939 0 -1 -0 0
h  1023  -734362 0.999939 0 -1 -0 0
h  1024  -735977 0.999939 0 -1 -0 0
h  1028  -733929 0.999939 0 -1 -0 0
h  1032  -743599 0.999939 0 -1 -0 0
h  1033  -731074 0.999939 0 -1 -0 0
h  1034  -734867 0.999939 0 -1 -0 0
h  1035  -742021 0.999939 0 -1 -0 0
h  1036  -734324 0.999939 0 -1 -0 0
h  1037  -735976 0.999939 0 -1 -0 0
h  1042  -733976 0.999939 0 -1 -0 0
h  1045  -731119 0.999939 0 -1 -0 0
h  1046  -734907 0.999939 0 -1 -0 0
h  1047  -743580 0.999939 0 -1 -0 0
h  1048  -742002 0.999939 0 -1 -0 0
h  1049  -734366 0.999939 0 -1 -0 0
h  1050  -735984 0.999939 0 -1 -0 0
h  1054  -733921 0.999939 0 -1 -0 0
h  1058  -743608 0.999939 0 -1 -0 0
h  1059  -731083 0.999939 0 -1 -0 0
h  1060  -734869 0.999939 0 -1 -0 0
h  1061  -742025 0.999939 0 -1 -0 0
h  1062  -734315 0.999939 0 -1 -0 0
h  1063  -735978 0.999939 0 -1 -0 0
h  1064  -715786 0.999939 0 -1 -0 0
h  1067  -718972 0.999939 0 -1 -0 0
h  1068  -719415 0.999939 0 -1 -0 0
h  1069  -718990 0.999939 0 -1 -0 0
h  1070  -714042 0.999939 0 -1 -0 0
h  1080  -716318 0.999939 0 -1 -0 0
h  1083  -719159 0.999939 0 -1 -0 0
h  1084  -719640 0.999939 0 -1 -0 0
h  1085  -714215 0.999939 0 -1 -0 0
h  1086  -719214 0.999939 0 -1 -0 0
h  1096  -716329 0.999939 0 -1 -0 0
h  1099  -719168 0.999939 0 -1 -0 0
h  1100  -719650 0.999939 0 -1 -0 0
h  1101  -714237 0.999939 0 -1 -0 0
h  1102  -719231 0.999939 0 -1 -0 0
h  1103  -747797 0.999939 0 -1 -0 0
h  1106  -744070 0.999939 0 -1 -0 0
h  1107  -745782 0.999939 0 -1 -0 0
h  1108  -742771 0.999939 0 -1 -0 0
h  1109  -747796 0.999939 0 -1 -0 0
h  1112  -744067 0.999939 0 -1 -0 0
h  1113  -745782 0.999939 0 -1 -0 0
h  1114  -742768 0.999939 0 -1 -0 0
h  1115  -0 0.999939 0 -1 -0 0
h  1116  -0 0.999939 0 -1 -0 0
h  1117  -0 0.999939 0 -1 -0 0
h  1118  -0 0.999939 0 -1 -0 0
h  1119  -0 0.999939 0 -1 -0 0
h  1120  -0 0.999939 0 -1 -0 0
h  1121  -0 0.999939 0 -1 -0 0
h  1122  -0 0.999939 0 -1 -0 0
h  1123  -0 0.999939 0 -1 -0 0
h  1124  -0 0.999939 0 -1 -0 0
h  1125  -0 0.999939 0 -1 -0 0
h  1126  -0 0.999939 0 -1 -0 0
h  1127  -0 0.999939 0 -1 -0 0
h  1128  -0 0.999939 0 -1 -0 0
h  1129  -0 0.999939 0 -1 -0 0
h  1130  -0 0.999939 0 -1 -0 0
h  1131  -0 0.999939 0 -1 -0 0
h  1132  -0 0.999939 0 -1 -0 0
h  1133  -0 0.999939 0 -1 -0 0
h  1134  -0 0.999939 0 -1 -0 0
SolidID  29   16 
h  534  -0 0.999939 0 -1 -0 0
h  535  -0 0.999939 0 -1 -0 0
h  536  -0 0.999939 0 -1 -0 0
h  537  -0 0.999939 0 -1 -0 0
h  538  -0 0.999939 0 -1 -0 0
h  539  -0 0.999939 0 -1 -0 0
h  540  -0 0.999939 0 -1 -0 0
h  541  -0 0.999939 0 -1 -0 0
h  542  -0 0.999939 0 -1 -0 0
h  543  -0 0.999939 0 -1 -0 0
h  544  -0 0.999939 0 -1 -0 0
h  545  -0 0.999939 0 -1 -0 0
h  546  -0 0.999939 0 -1 -0 0
h  547  -0 0.999939 0 -1 -0 0
h  548  -0 0.999939 0 -1 -0 0
h  549  -0 0.999939 0 -1 -0 0
SolidID  35   16 
h  299  -726226 0.999939 0 -1 -0 0
h  300  -736738 0.999939 0 -1 -0 0
h  301  -733118 0.999939 0 -1 -0 0
h  302  -729020 0.999939 0 -1 -0 0
h  303  -731909 0.999939 0 -1 -0 0
h  304  -731185 0.999939 0 -1 -0 0
h  305  -735084 0.999939 0 -1 -0 0
h  306  -727933 0.999939 0 -1 -0 0
h  307  -726811 0.999939 0 -1 -0 0
h  308  -727109 0.999939 0 -1 -0 0
h  309  -726289 0.999939 0 -1 -0 0
h  310  -738233 0.999939 0 -1 -0 0
h  311  -737289 0.999939 0 -1 -0 0
h  312  -729438 0.999939 0 -1 -0 0
h  313  -734986 0.999939 0 -1 -0 0
h  314  -737929 0.999939 0 -1 -0 0
SolidID  41   16 
h  67  -734803 0.999939 0 -1 -0 0
h  68  -731128 0.999939 0 -1 -0 0
h  69  -734996 0.999939 0 -1 -0 0
h  70  -727212 0.999939 0 -1 -0 0
h  71  -726304 0.999939 0 -1 -0 0
h  72  -736636 0.999939 0 -1 -0 0
h  73  -726794 0.999939 0 -1 -0 0
h  74  -727901 0.999939 0 -1 -0 0
h  75  -733046 0.999939 0 -1 -0 0
h  76  -729112 0.999939 0 -1 -0 0
h  77  -731958 0.999939 0 -1 -0 0
h  78  -737858 0.999939 0 -1 -0 0
h  79  -736893 0.999939 0 -1 -0 0
h  80  -737697 0.999939 0 -1 -0 0
h  81  -729393 0.999939 0 -1 -0 0
h  82  -726225 0.999939 0 -1 -0 0
SolidID  6   335 
h  99  -653154 0.999939 0 -1 -0 0
h  100  -653115 0.999939 0 -1 -0 0
h  101  -653971 0.999939 0 -1 -0 0
h  102  -654055 0.999939 0 -1 -0 0
h  103  -163167 0.999939 0 -1 -0 0
h  104  -163095 0.999939 0 -1 -0 0
h  105  -368495 0.999939 0 -1 -0 0
h  106  -368423 0.999939 0 -1 -0 0
h  107  -369583 0.999939 0 -1 -0 0
h  108  -369524 0.999939 0 -1 -0 0
h  109  -0 0.999939 0 -1 -0 0
h  110  -0 0.999939 0 -1 -0 0
h  111  -0 0.999939 0 -1 -0 0
h  112  -0 0.999939 0 -1 -0 0
h  113  -699461 0.999939 0 -1 -0 0
h  114  -699795 0.999939 0 -1 -0 0
h  115  -699459 0.999939 0 -1 -0 0
h  116  -699841 0.999939 0 -1 -0 0
h  117  -182812 0.999939 0 -1 -0 0
h  118  -182774 0.999939 0 -1 -0 0
h  119  -715135 0.999939 0 -1 -0 0
h  120  -715150 0.999939 0 -1 -0 0
h  121  -715543 0.999939 0 -1 -0 0
h  122  -715561 0.999939 0 -1 -0 0
h  123  -713167 0.999939 0 -1 -0 0
h  124  -713157 0.999939 0 -1 -0 0
h  125  -713237 0.999939 0 -1 -0 0
h  126  -713283 0.999939 0 -1 -0 0
h  127  -0 0.999939 0 -1 -0 0
h  128  -0 0.999939 0 -1 -0 0
h  129  -0 0.999939 0 -1 -0 0
h  130  -0 0.999939 0 -1 -0 0
h  131  -712506 0.999939 0 -1 -0 0
h  132  -712505 0.999939 0 -1 -0 0
h  133  -712527 0.999939 0 -1 -0 0
h  134  -712581 0.999939 0 -1 -0 0
h  135  -0 0.999939 0 -1 -0 0
h  136  -0 0.999939 0 -1 -0 0
h  137  -0 0.999939 0 -1 -0 0
h  138  -0 0.999939 0 -1 -0 0
h  139  -0 0.999939 0 -1 -0 0
h  140  -0 0.999939 0 -1 -0 0
h  141  -0 0.999939 0 -1 -0 0
h  142  -0 0.999939 0 -1 -0 0
h  143  -713357 0.999939 0 -1 -0 0
h  144  -713343 0.999939 0 -1 -0 0
h  145  -713372 0.999939 0 -1 -0 0
h  146  -713214 0.999939 0 -1 -0 0
h  147  -0 0.999939 0 -1 -0 0
h  148  -0 0.999939 0 -1 -0 0
h  149  -0 0.999939 0 -1 -0 0
h  150  -0 0.999939 0 -1 -0 0
h  151  -711025 0.999939 0 -1 -0 0
h  152  -711049 0.999939 0 -1 -0 0
h  153  -724226 0.999939 0 -1 -0 0
h  154  -724295 0.999939 0 -1 -0 0
h  155  -724250 0.999939 0 -1 -0 0
h  156  -724331 0.999939 0 -1 -0 0
h  157  -711073 0.999939 0 -1 -0 0
h  158  -716372 0.999939 0 -1 -0 0
h  159  -716526 0.999939 0 -1 -0 0
h  160  -716530 0.999939 0 -1 -0 0
h  161  -716584 0.999939 0 -1 -0 0
h  162  -710606 0.999939 0 -1 -0 0
h  163  -719851 0.999939 0 -1 -0 0
h  164  -0 0.999939 0 -1 -0 0
h  165  -0 0.999939 0 -1 -0 0
h  166  -0 0.999939 0 -1 -0 0
h  167  -0 0.999939 0 -1 -0 0
h  168  -0 0.999939 0 -1 -0 0
h  169  -0 0.999939 0 -1 -0 0
h  170  -0 0.999939 0 -1 -0 0
h  171  -0 0.999939 0 -1 -0 0
h  172  -0 0.999939 0 -1 -0 0
h  173  -0 0.999939 0 -1 -0 0
h  174  -0 0.999939 0 -1 -0 0
h  175  -0 0.999939 0 -1 -0 0
h  176  -720062 0.999939 0 -1 -0 0
h  177  -720076 0.999939 0 -1 -0 0
h  178  -720132 0.999939 0 -1 -0 0
h  179  -714653 0.999939 0 -1 -0 0
h  180  -724611 0.999939 0 -1 -0 0
h  181  -715912 0.999939 0 -1 -0 0
h  182  -715912 0.999939 0 -1 -0 0
h  183  -715952 0.999939 0 -1 -0 0
h  184  -724584 0.999939 0 -1 -0 0
h  185  -724603 0.999939 0 -1 -0 0
h  186  -724638 0.999939 0 -1 -0 0
h  187  -712952 0.999939 0 -1 -0 0
h  188  -719466 0.999939 0 -1 -0 0
h  189  -746497 0.999939 0 -1 -0 0
h  190  -746496 0.999939 0 -1 -0 0
h  191  -0 0.999939 0 -1 -0 0
h  192  -0 0.999939 0 -1 -0 0
h  193  -0 0.999939 0 -1 -0 0
h  194  -0 0.999939 0 -1 -0 0
h  195  -745399 0.999939 0 -1 -0 0
h  196  -745416 0.999939 0 -1 -0 0
h  197  -721366 0.999939 0 -1 -0 0
h  198  -721362 0.999939 0 -1 -0 0
h  199  -717557 0.999939 0 -1 -0 0
h  200  -720170 0.999939 0 -1 -0 0
h  201  -720180 0.999939 0 -1 -0 0
h  202  -720230 0.999939 0 -1 -0 0
h  203  -747824 0.999939 0 -1 -0 0
h  204  -747823 0.999939 0 -1 -0 0
h  205  -728168 0.999939 0 -1 -0 0
h  206  -728147 0.999939 0 -1 -0 0
h  207  -728184 0.999939 0 -1 -0 0
h  208  -718090 0.999939 0 -1 -0 0
h  209  -724690 0.999939 0 -1 -0 0
h  210  -724601 0.999939 0 -1 -0 0
h  211  -728141 0.999939 0 -1 -0 0
h  212  -718762 0.999939 0 -1 -0 0
h  213  -722922 0.999939 0 -1 -0 0
h  214  -735883 0.999939 0 -1 -0 0
h  215  -735885 0.999939 0 -1 -0 0
h  216  -724059 0.999939 0 -1 -0 0
h  217  -724074 0.999939 0 -1 -0 0
h  218  -724093 0.999939 0 -1 -0 0
h  219  -742583 0.999939 0 -1 -0 0
h  220  -742582 0.999939 0 -1 -0 0
h  221  -746274 0.999939 0 -1 -0 0
h  222  -746275 0.999939 0 -1 -0 0
h  223  -735792 0.999939 0 -1 -0 0
h  224  -729768 0.999939 0 -1 -0 0
h  225  -729770 0.999939 0 -1 -0 0
h  226  -735814 0.999939 0 -1 -0 0
h  227  -0 0.999939 0 -1 -0 0
h  228  -0 0.999939 0 -1 -0 0
h  229  -0 0.999939 0 -1 -0 0
h  230  -0 0.999939 0 -1 -0 0
h  231  -0 0.999939 0 -1 -0 0
h  232  -0 0.999939 0 -1 -0 0
h  233  -0 0.999939 0 -1 -0 0
h  234  -0 0.999939 0 -1 -0 0
h  235  -719308 0.999939 0 -1 -0 0
h  236  -0 0.999939 0 -1 -0 0
h  237  -0 0.999939 0 -1 -0 0
h  238  -0 0.999939 0 -1 -0 0
h  239  -0 0.999939 0 -1 -0 0
h  240  -732560 0.999939 0 -1 -0 0
h  241  -732593 0.999939 0 -1 -0 0
h  242  -732597 0.999939 0 -1 -0 0
h  243  -732549 0.999939 0 -1 -0 0
h  244  -719790 0.999939 0 -1 -0 0
h  245  -730893 0.999939 0 -1 -0 0
h  246  -730924 0.999939 0 -1 -0 0
h  247  -730928 0.999939 0 -1 -0 0
h  248  -730881 0.999939 0 -1 -0 0
h  249  -726776 0.999939 0 -1 -0 0
h  250  -726800 0.999939 0 -1 -0 0
h  251  -726810 0.999939 0 -1 -0 0
h  252  -724574 0.999939 0 -1 -0 0
h  253  -724484 0.999939 0 -1 -0 0
h  254  -727768 0.999939 0 -1 -0 0
h  255  -727739 0.999939 0 -1 -0 0
h  256  -744771 0.999939 0 -1 -0 0
h  257  -744772 0.999939 0 -1 -0 0
h  258  -743929 0.999939 0 -1 -0 0
h  259  -743930 0.999939 0 -1 -0 0
h  260  -720892 0.999939 0 -1 -0 0
h  261  -726734 0.999939 0 -1 -0 0
h  262  -743787 0.999939 0 -1 -0 0
h  263  -743783 0.999939 0 -1 -0 0
h  264  -744558 0.999939 0 -1 -0 0
h  265  -744562 0.999939 0 -1 -0 0
h  266  -722716 0.999939 0 -1 -0 0
h  267  -722717 0.999939 0 -1 -0 0
h  268  -721251 0.999939 0 -1 -0 0
h  269  -721252 0.999939 0 -1 -0 0
h  270  -725482 0.999939 0 -1 -0 0
h  271  -722582 0.999939 0 -1 -0 0
h  272  -723204 0.999939 0 -1 -0 0
h  273  -723205 0.999939 0 -1 -0 0
h  274  -721877 0.999939 0 -1 -0 0
h  275  -723215 0.999939 0 -1 -0 0
h  276  -724280 0.999939 0 -1 -0 0
h  277  -724292 0.999939 0 -1 -0 0
h  278  -724302 0.999939 0 -1 -0 0
h  279  -741726 0.999939 0 -1 -0 0
h  280  -741727 0.999939 0 -1 -0 0
h  281  -739169 0.999939 0 -1 -0 0
h  282  -739170 0.999939 0 -1 -0 0
h  733  -0 0.999939 0 -1 -0 0
h  734  -0 0.999939 0 -1 -0 0
h  735  -0 0.999939 0 -1 -0 0
h  736  -0 0.999939 0 -1 -0 0
h  737  -0 0.999939 0 -1 -0 0
h  738  -0 0.999939 0 -1 -0 0
h  739  -0 0.999939 0 -1 -0 0
h  740  -0 0.999939 0 -1 -0 0
h  741  -0 0.999939 0 -1 -0 0
h  742  -0 0.999939 0 -1 -0 0
h  743  -0 0.999939 0 -1 -0 0
h  744  -0 0.999939 0 -1 -0 0
h  745  -0 0.999939 0 -1 -0 0
h  746  -0 0.999939 0 -1 -0 0
h  784  -203547 0.999939 0 -1 -0 0
h  785  -11325.2 0.999939 0 -1 -0 0
h  786  -0 0.999939 0 -1 -0 0
h  787  -239342 0.999939 0 -1 -0 0
h  788  -0 0.999939 0 -1 -0 0
h  789  -203515 0.999939 0 -1 -0 0
h  790  -11299.5 0.999939 0 -1 -0 0
h  791  -0 0.999939 0 -1 -0 0
h  792  -239319 0.999939 0 -1 -0 0
h  793  -0 0.999939 0 -1 -0 0
h  794  -0 0.999939 0 -1 -0 0
h  795  -0 0.999939 0 -1 -0 0
h  796  -0 0.999939 0 -1 -0 0
h  797  -0 0.999939 0 -1 -0 0
h  798  -0 0.999939 0 -1 -0 0
h  799  -0 0.999939 0 -1 -0 0
h  800  -0 0.999939 0 -1 -0 0
h  801  -0 0.999939 0 -1 -0 0
h  802  -0 0.999939 0 -1 -0 0
h  803  -0 0.999939 0 -1 -0 0
h  804  -503029 0.999939 0 -1 -0 0
h  805  -595634 0.999939 0 -1 -0 0
h  806  -408745 0.999939 0 -1 -0 0
h  807  -527842 0.999939 0 -1 -0 0
h  808  -501916 0.999939 0 -1 -0 0
h  809  -585304 0.999939 0 -1 -0 0
h  810  -502974 0.999939 0 -1 -0 0
h  811  -595625 0.999939 0 -1 -0 0
h  812  -408535 0.999939 0 -1 -0 0
h  813  -527256 0.999939 0 -1 -0 0
h  814  -501813 0.999939 0 -1 -0 0
h  815  -585320 0.999939 0 -1 -0 0
h  820  -599134 0.999939 0 -1 -0 0
h  821  -508409 0.999939 0 -1 -0 0
h  822  -554187 0.999939 0 -1 -0 0
h  823  -539215 0.999939 0 -1 -0 0
h  824  -411382 0.999939 0 -1 -0 0
h  828  -599194 0.999939 0 -1 -0 0
h  829  -508472 0.999939 0 -1 -0 0
h  830  -554223 0.999939 0 -1 -0 0
h  831  -539228 0.999939 0 -1 -0 0
h  832  -411398 0.999939 0 -1 -0 0
h  850  -0 0.999939 0 -1 -0 0
h  851  -782.786 0.999939 0 -1 -0 0
h  863  -0 0.999939 0 -1 -0 0
h  864  -710.5 0.999939 0 -1 -0 0
h  884  -0 0.999939 0 -1 -0 0
h  885  -0 0.999939 0 -1 -0 0
h  886  -0 0.999939 0 -1 -0 0
h  887  -0 0.999939 0 -1 -0 0
h  888  -0 0.999939 0 -1 -0 0
h  889  -0 0.999939 0 -1 -0 0
h  890  -0 0.999939 0 -1 -0 0
h  891  -0 0.999939 0 -1 -0 0
h  943  -711843 0.999939 0 -1 -0 0
h  945  -667235 0.999939 0 -1 -0 0
h  946  -664764 0.999939 0 -1 -0 0
h  949  -711803 0.999939 0 -1 -0 0
h  951  -667168 0.999939 0 -1 -0 0
h  952  -664612 0.999939 0 -1 -0 0
h  988  -712292 0.999939 0 -1 -0 0
h  990  -667515 0.999939 0 -1 -0 0
h  991  -670270 0.999939 0 -1 -0 0
h  994  -712301 0.999939 0 -1 -0 0
h  996  -667529 0.999939 0 -1 -0 0
h  997  -670299 0.999939 0 -1 -0 0
h  1016  -733969 0.999939 0 -1 -0 0
h  1019  -731104 0.999939 0 -1 -0 0
h  1020  -734897 0.999939 0 -1 -0 0
h  1021  -743578 0.999939 0 -1 -0 0
h  1022  -742001 0.999939 0 -1 -0 0
h  1023  -734362 0.999939 0 -1 -0 0
h  1024  -735977 0.999939 0 -1 -0 0
h  1028  -733929 0.999939 0 -1 -0 0
h  1032  -743599 0.999939 0 -1 -0 0
h  1033  -731074 0.999939 0 -1 -0 0
h  1034  -734867 0.999939 0 -1 -0 0
h  1035  -742021 0.999939 0 -1 -0 0
h  1036  -734324 0.999939 0 -1 -0 0
h  1037  -735976 0.999939 0 -1 -0 0
h  1042  -733976 0.999939 0 -1 -0 0
h  1045  -731119 0.999939 0 -1 -0 0
h  1046  -734907 0.999939 0 -1 -0 0
h  1047  -743580 0.999939 0 -1 -0 0
h  1048  -742002 0.999939 0 -1 -0 0
h  1049  -734366 0.999939 0 -1 -0 0
h  1050  -735984 0.999939 0 -1 -0 0
h  1054  -733921 0.999939 0 -1 -0 0
h  1058  -743608 0.999939 0 -1 -0 0
h  1059  -731083 0.999939 0 -1 -0 0
h  1060  -734869 0.999939 0 -1 -0 0
h  1061  -742025 0.999939 0 -1 -0 0
h  1062  -734315 0.999939 0 -1 -0 0
h  1063  -735978 0.999939 0 -1 -0 0
h  1064  -715786 0.999939 0 -1 -0 0
h  1067  -718972 0.999939 0 -1 -0 0
h  1068  -719415 0.999939 0 -1 -0 0
h  1069  -718990 0.999939 0 -1 -0 0
h  1070  -714042 0.999939 0 -1 -0 0
h  1080  -716318 0.999939 0 -1 -0 0
h  1083  -719159 0.999939 0 -1 -0 0
h  1084  -719640 0.999939 0 -1 -0 0
h  1085  -714215 0.999939 0 -1 -0 0
h  1086  -719214 0.999939 0 -1 -0 0
h  1096  -716329 0.999939 0 -1 -0 0
h  1099  -719168 0.999939 0 -1 -0 0
h  1100  -719650 0.999939 0 -1 -0 0
h  1101  -714237 0.999939 0 -1 -0 0
h  1102  -719231 0.999939 0 -1 -0 0
h  1103  -747797 0.999939 0 -1 -0 0
h  1106  -744070 0.999939 0 -1 -0 0
h  1107  -745782 0.999939 0 -1 -0 0
h  1108  -742771 0.999939 0 -1 -0 0
h  1109  -747796 0.999939 0 -1 -0 0
h  1112  -744067 0.999939 0 -1 -0 0
h  1113  -745782 0.999939 0 -1 -0 0
h  1114  -742768 0.999939 0 -1 -0 0
h  1115  -0 0.999939 0 -1 -0 0
h  1116  -0 0.999939 0 -1 -0 0
h  1117  -0 0.999939 0 -1 -0 0
h  1118  -0 0.999939 0 -1 -0 0
h  1119  -0 0.999939 0 -1 -0 0
h  1120  -0 0.999939 0 -1 -0 0
h  1121  -0 0.999939 0 -1 -0 0
h  1122  -0 0.999939 0 -1 -0 0
h  1123  -0 0.999939 0 -1 -0 0
h  1124  -0 0.999939 0 -1 -0 0
h  1125  -0 0.999939 0 -1 -0 0
h  1126  -0 0.999939 0 -1 -0 0
h  1127  -0 0.999939 0 -1 -0 0
h  1128  -0 0.999939 0 -1 -0 0
h  1129  -0 0.999939 0 -1 -0 0
h  1130  -0 0.999939 0 -1 -0 0
h  1131  -0 0.999939 0 -1 -0 0
h  1132  -0 0.999939 0 -1 -0 0
h  1133  -0 0.999939 0 -1 -0 0
h  1134  -0 0.999939 0 -1 -0 0
SolidID  29   16 
h  534  -0 0.999939 0 -1 -0 0
h  535  -0 0.999939 0 -1 -0 0
h  536  -0 0.999939 0 -1 -0 0
h  537  -0 0.999939 0 -1 -0 0
h  538  -0 0.999939 0 -1 -0 0
h  539  -0 0.999939 0 -1 -0 0
h  540  -0 0.999939 0 -1 -0 0
h  541  -0 0.999939 0 -1 -0 0
h  542  -0 0.999939 0 -1 -0 0
h  543  -0 0.999939 0 -1 -0 0
h  544  -0 0.999939 0 -1 -0 0
h  545  -0 0.999939 0 -1 -0 0
h  546  -0 0.999939 0 -1 -0 0
h  547  -0 0.999939 0 -1 -0 0
h  548  -0 0.999939 0 -1 -0 0
h  549  -0 0.999939 0 -1 -0 0
SolidID  35   16 
h  299  -726226 0.999939 0 -1 -0 0
h  300  -736738 0.999939 0 -1 -0 0
h  301  -733118 0.999939 0 -1 -0 0
h  302  -729020 0.999939 0 -1 -0 0
h  303  -731909 0.999939 0 -1 -0 0
h  304  -731185 0.999939 0 -1 -0 0
h  305  -735084 0.999939 0 -1 -0 0
h  306  -727933 0.999939 0 -1 -0 0
h  307  -726811 0.999939 0 -1 -0 0
h  308  -727109 0.999939 0 -1 -0 0
h  309  -726289 0.999939 0 -1 -0 0
h  310  -738233 0.999939 0 -1 -0 0
h  311  -737289 0.999939 0 -1 -0 0
h  312  -729438 0.999939 0 -1 -0 0
h  313  -734986 0.999939 0 -1 -0 0
h  314  -737929 0.999939 0 -1 -0 0
SolidID  41   16 
h  67  -734803 0.999939 0 -1 -0 0
h  68  -731128 0.999939 0 -1 -0 0
h  69  -734996 0.999939 0 -1 -0 0
h  70  -727212 0.999939 0 -1 -0 0
h  71  -726304 0.999939 0 -1 -0 0
h  72  -736636 0.999939 0 -1 -0 0
h  73  -726794 0.999939 0 -1 -0 0
h  74  -727901 0.999939 0 -1 -0 0
h  75  -733046 0.999939 0 -1 -0 0
h  76  -729112 0.999939 0 -1 -0 0
h  77  -731958 0.999939 0 -1 -0 0
h  78  -737858 0.999939 0 -1 -0 0
h  79  -736893 0.999939 0 -1 -0 0
h  80  -737697 0.999939 0 -1 -0 0
h  81  -729393 0.999939 0 -1 -0 0
h  82  -726225 0.999939 0 -1 -0 0
SolidID  47   16 
h  83  -729398 0.999939 0 -1 -0 0
h  84  -731898 0.999939 0 -1 -0 0
h  85  -734989 0.999939 0 -1 -0 0
h  86  -727191 0.999939 0 -1 -0 0
h  87  -726335 0.999939 0 -1 -0 0
h  88  -736627 0.999939 0 -1 -0 0
h  89  -726813 0.999939 0 -1 -0 0
h  90  -727920 0.999939 0 -1 -0 0
h  91  -733040 0.999939 0 -1 -0 0
h  92  -728963 0.999939 0 -1 -0 0
h  93  -731123 0.999939 0 -1 -0 0
h  94  -737844 0.999939 0 -1 -0 0
h  95  -736873 0.999939 0 -1 -0 0
h  96  -737687 0.999939 0 -1 -0 0
h  97  -734769 0.999939 0 -1 -0 0
h  98  -726230 0.999939 0 -1 -0 0
SolidID  6   335 
h  99  -653154 0.999939 0 -1 -0 0
h  100  -653115 0.999939 0 -1 -0 0
h  101  -653971 0.999939 0 -1 -0 0
h  102  -654055 0.999939 0 -1 -0 0
h  103  -163167 0.999939 0 -1 -0 0
h  104  -163095 0.999939 0 -1 -0 0
h  105  -368495 0.999939 0 -1 -0 0
h  106  -368423 0.999939 0 -1 -0 0
h  107  -369583 0.999939 0 -1 -0 0
h  108  -369524 0.999939 0 -1 -0 0
h  109  -0 0.999939 0 -1 -0 0
h  110  -0 0.999939 0 -1 -0 0
h  111  -0 0.999939 0 -1 -0 0
h  112  -0 0.999939 0 -1 -0 0
h  113  -699461 0.999939 0 -1 -0 0
h  114  -699795 0.999939 0 -1 -0 0
h  115  -699459 0.999939 0 -1 -0 0
h  116  -699841 0.999939 0 -1 -0 0
h  117  -182812 0.999939 0 -1 -0 0
h  118  -182774 0.999939 0 -1 -0 0
h  119  -715135 0.999939 0 -1 -0 0
h  120  -715150 0.999939 0 -1 -0 0
h  121  -715543 0.999939 0 -1 -0 0
h  122  -715561 0.999939 0 -1 -0 0
h  123  -713167 0.999939 0 -1 -0 0
h  124  -713157 0.999939 0 -1 -0 0
h  125  -713237 0.999939 0 -1 -0 0
h  126  -713283 0.999939 0 -1 -0 0
h  127  -0 0.999939 0 -1 -0 0
h  128  -0 0.999939 0 -1 -0 0
h  129  -0 0.999939 0 -1 -0 0
h  130  -0 0.999939 0 -1 -0 0
h  131  -712506 0.999939 0 -1 -0 0
h  132  -712505 0.999939 0 -1 -0 0
h  133  -712527 0.999939 0 -1 -0 0
h  134  -712581 0.999939 0 -1 -0 0
h  135  -0 0.999939 0 -1 -0 0
h  136  -0 0.999939 0 -1 -0 0
h  137  -0 0.999939 0 -1 -0 0
h  138  -0 0.999939 0 -1 -0 0
h  139  -0 0.999939 0 -1 -0 0
h  140  -0 0.999939 0 -1 -0 0
h  141  -0 0.999939 0 -1 -0 0
h  142  -0 0.999939 0 -1 -0 0
h  143  -713357 0.999939 0 -1 -0 0
h  144  -713343 0.999939 0 -1 -0 0
h  145  -713372 0.999939 0 -1 -0 0
h  146  -713214 0.999939 0 -1 -0 0
h  147  -0 0.999939 0 -1 -0 0
h  148  -0 0.999939 0 -1 -0 0
h  149  -0 0.999939 0 -1 -0 0
h  150  -0 0.999939 0 -1 -0 0
h  151  -711025 0.999939 0 -1 -0 0
h  152  -711049 0.999939 0 -1 -0 0
h  153  -724226 0.999939 0 -1 -0 0
h  154  -724295 0.999939 0 -1 -0 0
h  155  -724250 0.999939 0 -1 -0 0
h  156  -724331 0.999939 0 -1 -0 0
h  157  -711073 0.999939 0 -1 -0 0
h  158  -716372 0.999939 0 -1 -0 0
h  159  -716526 0.999939 0 -1 -0 0
h  160  -716530 0.999939 0 -1 -0 0
h  161  -716584 0.999939 0 -1 -0 0
h  162  -710606 0.999939 0 -1 -0 0
h  163  -719851 0.999939 0 -1 -0 0
h  164  -0 0.999939 0 -1 -0 0
h  165  -0 0.999939 0 -1 -0 0
h  166  -0 0.999939 0 -1 -0 0
h  167  -0 0.999939 0 -1 -0 0
h  168  -0 0.999939 0 -1 -0 0
h  169  -0 0.999939 0 -1 -0 0
h  170  -0 0.999939 0 -1 -0 0
h  171  -0 0.999939 0 -1 -0 0
h  172  -0 0.999939 0 -1 -0 0
h  173  -0 0.999939 0 -1 -0 0
h  174  -0 0.999939 0 -1 -0 0
h  175  -0 0.999939 0 -1 -0 0
h  176  -720062 0.999939 0 -1 -0 0
h  177  -720076 0.999939 0 -1 -0 0
h  178  -720132 0.999939 0 -1 -0 0
h  179  -714653 0.999939 0 -1 -0 0
h  180  -724611 0.999939 0 -1 -0 0
h  181  -715912 0.999939 0 -1 -0 0
h  182  -715912 0.999939 0 -1 -0 0
h  183  -715952 0.999939 0 -1 -0 0
h  184  -724584 0.999939 0 -1 -0 0
h  185  -724603 0.999939 0 -1 -0 0
h  186  -724638 0.999939 0 -1 -0 0
h  187  -712952 0.999939 0 -1 -0 0
h  188  -719466 0.999939 0 -1 -0 0
h  189  -746497 0.999939 0 -1 -0 0
h  190  -746496 0.999939 0 -1 -0 0
h  191  -0 0.999939 0 -1 -0 0
h  192  -0 0.999939 0 -1 -0 0
h  193  -0 0.999939 0 -1 -0 0
h  194  -0 0.999939 0 -1 -0 0
h  195  -745399 0.999939 0 -1 -0 0
h  196  -745416 0.999939 0 -1 -0 0
h  197  -721366 0.999939 0 -1 -0 0
h  198  -721362 0.999939 0 -1 -0 0
h  199  -717557 0.999939 0 -1 -0 0
h  200  -720170 0.999939 0 -1 -0 0
h  201  -720180 0.999939 0 -1 -0 0
h  202  -720230 0.999939 0 -1 -0 0
h  203  -747824 0.999939 0 -1 -0 0
h  204  -747823 0.999939 0 -1 -0 0
h  205  -728168 0.999939 0 -1 -0 0
h  206  -728147 0.999939 0 -1 -0 0
h  207  -728184 0.999939 0 -1 -0 0
h  208  -718090 0.999939 0 -1 -0 0
h  209  -724690 0.999939 0 -1 -0 0
h  210  -724601 0.999939 0 -1 -0 0
h  211  -728141 0.999939 0 -1 -0 0
h  212  -718762 0.999939 0 -1 -0 0
h  213  -722922 0.999939 0 -1 -0 0
h  214  -735883 0.999939 0 -1 -0 0
h  215  -735885 0.999939 0 -1 -0 0
h  216  -724059 0.999939 0 -1 -0 0
h  217  -724074 0.999939 0 -1 -0 0
h  218  -724093 0.999939 0 -1 -0 0
h  219  -742583 0.999939 0 -1 -0 0
h  220  -742582 0.999939 0 -1 -0 0
h  221  -746274 0.999939 0 -1 -0 0
h  222  -746275 0.999939 0 -1 -0 0
h  223  -735792 0.999939 0 -1 -0 0
h  224  -729768 0.999939 0 -1 -0 0
h  225  -729770 0.999939 0 -1 -0 0
h  226  -735814 0.999939 0 -1 -0 0
h  227  -0 0.999939 0 -1 -0 0
h  228  -0 0.999939 0 -1 -0 0
h  229  -0 0.999939 0 -1 -0 0
h  230  -0 0.999939 0 -1 -0 0
h  231  -0 0.999939 0 -1 -0 0
h  232  -0 0.999939 0 -1 -0 0
h  233  -0 0.999939 0 -1 -0 0
h  234  -0 0.999939 0 -1 -0 0
h  235  -719308 0.999939 0 -1 -0 0
h  236  -0 0.999939 0 -1 -0 0
h  237  -0 0.999939 0 -1 -0 0
h  238  -0 0.999939 0 -1 -0 0
h  239  -0 0.999939 0 -1 -0 0
h  240  -732560 0.999939 0 -1 -0 0
h  241  -732593 0.999939 0 -1 -0 0
h  242  -732597 0.999939 0 -1 -0 0
h  243  -732549 0.999939 0 -1 -0 0
h  244  -719790 0.999939 0 -1 -0 0
h  245  -730893 0.999939 0 -1 -0 0
h  246  -730924 0.999939 0 -1 -0 0
h  247  -730928 0.999939 0 -1 -0 0
h  248  -730881 0.999939 0 -1 -0 0
h  249  -726776 0.999939 0 -1 -0 0
h  250  -726800 0.999939 0 -1 -0 0
h  251  -726810 0.999939 0 -1 -0 0
h  252  -724574 0.999939 0 -1 -0 0
h  253  -724484 0.999939 0 -1 -0 0
h  254  -727768 0.999939 0 -1 -0 0
h  255  -727739 0.999939 0 -1 -0 0
h  256  -744771 0.999939 0 -1 -0 0
h  257  -744772 0.999939 0 -1 -0 0
h  258  -743929 0.999939 0 -1 -0 0
h  259  -743930 0.999939 0 -1 -0 0
h  260  -720892 0.999939 0 -1 -0 0
h  261  -726734 0.999939 0 -1 -0 0
h  262  -743787 0.999939 0 -1 -0 0
h  263  -743783 0.999939 0 -1 -0 0
h  264  -744558 0.999939 0 -1 -0 0
h  265  -744562 0.999939 0 -1 -0 0
h  266  -722716 0.999939 0 -1 -0 0
h  267  -722717 0.999939 0 -1 -0 0
h  268  -721251 0.999939 0 -1 -0 0
h  269  -721252 0.999939 0 -1 -0 0
h  270  -725482 0.999939 0 -1 -0 0
h  271  -722582 0.999939 0 -1 -0 0
h  272  -723204 0.999939 0 -1 -0 0
h  273  -723205 0.999939 0 -1 -0 0
h  274  -721877 0.999939 0 -1 -0 0
h  275  -723215 0.999939 0 -1 -0 0
h  276  -724280 0.999939 0 -1 -0 0
h  277  -724292 0.999939 0 -1 -0 0
h  278  -724302 0.999939 0 -1 -0 0
h  279  -741726 0.999939 0 -1 -0 0
h  280  -741727 0.999939 0 -1 -0 0
h  281  -739169 0.999939 0 -1 -0 0
h  282  -739170 0.999939 0 -1 -0 0
h  733  -0 0.999939 0 -1 -0 0
h  734  -0 0.999939 0 -1 -0 0
h  735  -0 0.999939 0 -1 -0 0
h  736  -0 0.999939 0 -1 -0 0
h  737  -0 0.999939 0 -1 -0 0
h  738  -0 0.999939 0 -1 -0 0
h  739  -0 0.999939 0 -1 -0 0
h  740  -0 0.999939 0 -1 -0 0
h  741  -0 0.999939 0 -1 -0 0
h  742  -0 0.999939 0 -1 -0 0
h  743  -0 0.999939 0 -1 -0 0
h  744  -0 0.999939 0 -1 -0 0
h  745  -0 0.999939 0 -1 -0 0
h  746  -0 0.999939 0 -1 -0 0
h  784  -203547 0.999939 0 -1 -0 0
h  785  -11325.2 0.999939 0 -1 -0 0
h  786  -0 0.999939 0 -1 -0 0
h  787  -239342 0.999939 0 -1 -0 0
h  788  -0 0.999939 0 -1 -0 0
h  789  -203515 0.999939 0 -1 -0 0
h  790  -11299.5 0.999939 0 -1 -0 0
h  791  -0 0.999939 0 -1 -0 0
h  792  -239319 0.999939 0 -1 -0 0
h  793  -0 0.999939 0 -1 -0 0
h  794  -0 0.999939 0 -1 -0 0
h  795  -0 0.999939 0 -1 -0 0
h  796  -0 0.999939 0 -1 -0 0
h  797  -0 0.999939 0 -1 -0 0
h  798  -0 0.999939 0 -1 -0 0
h  799  -0 0.999939 0 -1 -0 0
h  800  -0 0.999939 0 -1 -0 0
h  801  -0 0.999939 0 -1 -0 0
h  802  -0 0.999939 0 -1 -0 0
h  803  -0 0.999939 0 -1 -0 0
h  804  -503029 0.999939 0 -1 -0 0
h  805  -595634 0.999939 0 -1 -0 0
h  806  -408745 0.999939 0 -1 -0 0
h  807  -527842 0.999939 0 -1 -0 0
h  808  -501916 0.999939 0 -1 -0 0
h  809  -585304 0.999939 0 -1 -0 0
h  810  -502974 0.999939 0 -1 -0 0
h  811  -595625 0.999939 0 -1 -0 0
h  812  -408535 0.999939 0 -1 -0 0
h  813  -527256 0.999939 0 -1 -0 0
h  814  -501813 0.999939 0 -1 -0 0
h  815  -585320 0.999939 0 -1 -0 0
h  820  -599134 0.999939 0 -1 -0 0
h  821  -508409 0.999939 0 -1 -0 0
h  822  -554187 0.999939 0 -1 -0 0
h  823  -539215 0.999939 0 -1 -0 0
h  824  -411382 0.999939 0 -1 -0 0
h  828  -599194 0.999939 0 -1 -0 0
h  829  -508472 0.999939 0 -1 -0 0
h  830  -554223 0.999939 0 -1 -0 0
h  831  -539228 0.999939 0 -1 -0 0
h  832  -411398 0.999939 0 -1 -0 0
h  850  -0 0.999939 0 -1 -0 0
h  851  -782.786 0.999939 0 -1 -0 0
h  863  -0 0.999939 0 -1 -0 0
h  864  -710.5 0.999939 0 -1 -0 0
h  884  -0 0.999939 0 -1 -0 0
h  885  -0 0.999939 0 -1 -0 0
h  886  -0 0.999939 0 -1 -0 0
h  887  -0 0.999939 0 -1 -0 0
h  888  -0 0.999939 0 -1 -0 0
h  889  -0 0.999939 0 -1 -0 0
h  890  -0 0.999939 0 -1 -0 0
h  891  -0 0.999939 0 -1 -0 0
h  943  -711843 0.999939 0 -1 -0 0
h  945  -667235 0.999939 0 -1 -0 0
h  946  -664764 0.999939 0 -1 -0 0
h  949  -711803 0.999939 0 -1 -0 0
h  951  -667168 0.999939 0 -1 -0 0
h  952  -664612 0.999939 0 -1 -0 0
h  988  -712292 0.999939 0 -1 -0 0
h  990  -667515 0.999939 0 -1 -0 0
h  991  -670270 0.999939 0 -1 -0 0
h  994  -712301 0.999939 0 -1 -0 0
h  996  -667529 0.999939 0 -1 -0 0
h  997  -670299 0.999939 0 -1 -0 0
h  1016  -733969 0.999939 0 -1 -0 0
h  1019  -731104 0.999939 0 -1 -0 0
h  1020  -734897 0.999939 0 -1 -0 0
h  1021  -743578 0.999939 0 -1 -0 0
h  1022  -742001 0.999939 0 -1 -0 0
h  1023  -734362 0.999939 0 -1 -0 0
h  1024  -735977 0.999939 0 -1 -0 0
h  1028  -733929 0.999939 0 -1 -0 0
h  1032  -743599 0.999939 0 -1 -0 0
h  1033  -731074 0.999939 0 -1 -0 0
h  1034  -734867 0.999939 0 -1 -0 0
h  1035  -742021 0.999939 0 -1 -0 0
h  1036  -734324 0.999939 0 -1 -0 0
h  1037  -735976 0.999939 0 -1 -0 0
h  1042  -733976 0.999939 0 -1 -0 0
h  1045  -731119 0.999939 0 -1 -0 0
h  1046  -734907 0.999939 0 -1 -0 0
h  1047  -743580 0.999939 0 -1 -0 0
h  1048  -742002 0.999939 0 -1 -0 0
h  1049  -734366 0.999939 0 -1 -0 0
h  1050  -735984 0.999939 0 -1 -0 0
h  1054  -733921 0.999939 0 -1 -0 0
h  1058  -743608 0.999939 0 -1 -0 0
h  1059  -731083 0.999939 0 -1 -0 0
h  1060  -734869 0.999939 0 -1 -0 0
h  1061  -742025 0.999939 0 -1 -0 0
h  1062  -734315 0.999939 0 -1 -0 0
h  1063  -735978 0.999939 0 -1 -0 0
h  1064  -715786 0.999939 0 -1 -0 0
h  1067  -718972 0.999939 0 -1 -0 0
h  1068  -719415 0.999939 0 -1 -0 0
h  1069  -718990 0.999939 0 -1 -0 0
h  1070  -714042 0.999939 0 -1 -0 0
h  1080  -716318 0.999939 0 -1 -0 0
h  1083  -719159 0.999939 0 -1 -0 0
h  1084  -719640 0.999939 0 -1 -0 0
h  1085  -714215 0.999939 0 -1 -0 0
h  1086  -719214 0.999939 0 -1 -0 0
h  1096  -716329 0.999939 0 -1 -0 0
h  1099  -719168 0.999939 0 -1 -0 0
h  1100  -719650 0.999939 0 -1 -0 0
h  1101  -714237 0.999939 0 -1 -0 0
h  1102  -719231 0.999939 0 -1 -0 0
h  1103  -747797 0.999939 0 -1 -0 0
h  1106  -744070 0.999939 0 -1 -0 0
h  1107  -745782 0.999939 0 -1 -0 0
h  1108  -742771 0.999939 0 -1 -0 0
h  1109  -747796 0.999939 0 -1 -0 0
h  1112  -744067 0.999939 0 -1 -0 0
h  1113  -745782 0.999939 0 -1 -0 0
h  1114  -742768 0.999939 0 -1 -0 0
h  1115  -0 0.999939 0 -1 -0 0
h  1116  -0 0.999939 0 -1 -0 0
h  1117  -0 0.999939 0 -1 -0 0
h  1118  -0 0.999939 0 -1 -0 0
h  1119  -0 0.999939 0 -1 -0 0
h  1120  -0 0.999939 0 -1 -0 0
h  1121  -0 0.999939 0 -1 -0 0
h  1122  -0 0.999939 0 -1 -0 0
h  1123  -0 0.999939 0 -1 -0 0
h  1124  -0 0.999939 0 -1 -0 0
h  1125  -0 0.999939 0 -1 -0 0
h  1126  -0 0.999939 0 -1 -0 0
h  1127  -0 0.999939 0 -1 -0 0
h  1128  -0 0.999939 0 -1 -0 0
h  1129  -0 0.999939 0 -1 -0 0
h  1130  -0 0.999939 0 -1 -0 0
h  1131  -0 0.999939 0 -1 -0 0
h  1132  -0 0.999939 0 -1 -0 0
h  1133  -0 0.999939 0 -1 -0 0
h  1134  -0 0.999939 0 -1 -0 0
SolidID  29   16 
h  534  -0 0.999939 0 -1 -0 0
h  535  -0 0.999939 0 -1 -0 0
h  536  -0 0.999939 0 -1 -0 0
h  537  -0 0.999939 0 -1 -0 0
h  538  -0 0.999939 0 -1 -0 0
h  539  -0 0.999939 0 -1 -0 0
h  540  -0 0.999939 0 -1 -0 0
h  541  -0 0.999939 0 -1 -0 0
h  542  -0 0.999939 0 -1 -0 0
h  543  -0 0.999939 0 -1 -0 0
h  544  -0 0.999939 0 -1 -0 0
h  545  -0 0.999939 0 -1 -0 0
h  546  -0 0.999939 0 -1 -0 0
h  547  -0 0.999939 0 -1 -0 0
h  548  -0 0.999939 0 -1 -0 0
h  549  -0 0.999939 0 -1 -0 0
SolidID  35   16 
h  299  -726226 0.999939 0 -1 -0 0
h  300  -736738 0.999939 0 -1 -0 0
h  301  -733118 0.999939 0 -1 -0 0
h  302  -729020 0.999939 0 -1 -0 0
h  303  -731909 0.999939 0 -1 -0 0
h  304  -731185 0.999939 0 -1 -0 0
h  305  -735084 0.999939 0 -1 -0 0
h  306  -727933 0.999939 0 -1 -0 0
h  307  -726811 0.999939 0 -1 -0 0
h  308  -727109 0.999939 0 -1 -0 0
h  309  -726289 0.999939 0 -1 -0 0
h  310  -738233 0.999939 0 -1 -0 0
h  311  -737289 0.999939 0 -1 -0 0
h  312  -729438 0.999939 0 -1 -0 0
h  313  -734986 0.999939 0 -1 -0 0
h  314  -737929 0.999939 0 -1 -0 0
SolidID  41   16 
h  67  -734803 0.999939 0 -1 -0 0
h  68  -731128 0.999939 0 -1 -0 0
h  69  -734996 0.999939 0 -1 -0 0
h  70  -727212 0.999939 0 -1 -0 0
h  71  -726304 0.999939 0 -1 -0 0
h  72  -736636 0.999939 0 -1 -0 0
h  73  -726794 0.999939 0 -1 -0 0
h  74  -727901 0.999939 0 -1 -0 0
h  75  -733046 0.999939 0 -1 -0 0
h  76  -729112 0.999939 0 -1 -0 0
h  77  -731958 0.999939 0 -1 -0 0
h  78  -737858 0.999939 0 -1 -0 0
h  79  -736893 0.999939 0 -1 -0 0
h  80  -737697 0.999939 0 -1 -0 0
h  81  -729393 0.999939 0 -1 -0 0
h  82  -726225 0.999939 0 -1 -0 0
SolidID  47   16 
h  83  -729398 0.999939 0 -1 -0 0
h  84  -731898 0.999939 0 -1 -0 0
h  85  -734989 0.999939 0 -1 -0 0
h  86  -727191 0.999939 0 -1 -0 0
h  87  -726335 0.999939 0 -1 -0 0
h  88  -736627 0.999939 0 -1 -0 0
h  89  -726813 0.999939 0 -1 -0 0
h  90  -727920 0.999939 0 -1 -0 0
h  91  -733040 0.999939 0 -1 -0 0
h  92  -728963 0.999939 0 -1 -0 0
h  93  -731123 0.999939 0 -1 -0 0
h  94  -737844 0.999939 0 -1 -0 0
h  95  -736873 0.999939 0 -1 -0 0
h  96  -737687 0.999939 0 -1 -0 0
h  97  -734769 0.999939 0 -1 -0 0
h  98  -726230 0.999939 0 -1 -0 0
SolidID  53   16 
h  283  -737927 0.999939 0 -1 -0 0
h  284  -726289 0.999939 0 -1 -0 0
h  285  -729019 0.999939 0 -1 -0 0
h  286  -733117 0.999939 0 -1 -0 0
h  287  -731907 0.999939 0 -1 -0 0
h  288  -731184 0.999939 0 -1 -0 0
h  289  -727108 0.999939 0 -1 -0 0
h  290  -735082 0.999939 0 -1 -0 0
h  291  -726810 0.999939 0 -1 -0 0
h  292  -727931 0.999939 0 -1 -0 0
h  293  -736737 0.999939 0 -1 -0 0
h  294  -737288 0.999939 0 -1 -0 0
h  295  -738232 0.999939 0 -1 -0 0
h  296  -726224 0.999939 0 -1 -0 0
h  297  -729437 0.999939 0 -1 -0 0
h  298  -734985 0.999939 0 -1 -0 0
E_DATA
B_MESH_DATA
Dim 2 
NumPts 242 
NumElems 415 
1   0.00046194   -0.000191342    0
2   0   0    0
3   0.0005   0    0
4   0   -0.0005    0
5   -0.000191342   -0.00046194    0
6   0.000191342   -0.00046194    0
7   0   0.0005    0
8   0.000191342   0.00046194    0
9   -0.00046194   0.000191342    0
10   -0.0005   0    0
11   -0.000353553   0.000353553    0
12   -0.000353553   -0.000353553    0
13   -0.00046194   -0.000191342    0
14   0.00046194   0.000191342    0
15   0.000353553   0.000353553    0
16   -0.000191342   0.00046194    0
17   0.000353553   -0.000353553    0
18   -0.0191913   0.00253806    0
19   -0.0193536   0.00264645    0
20   -0.019   0.003    0
21   -0.0185381   0.00319134    0
22   -0.0186464   0.00335355    0
23   -0.0185381   0.00280866    0
24   -0.0185   0.003    0
25   -0.0195   0.003    0
26   -0.0194619   0.00319134    0
27   -0.0193536   0.00335355    0
28   -0.0186464   0.00264645    0
29   -0.019   0.0025    0
30   -0.0188087   0.00253806    0
31   -0.0194619   0.00280866    0
32   -0.0188087   0.00346194    0
33   -0.019   0.0035    0
34   -0.0191913   0.00346194    0
35   0.0188087   -0.00346194    0
36   0.0186464   -0.00335355    0
37   0.019   -0.003    0
38   0.0194619   -0.00280866    0
39   0.0193536   -0.00264645    0
40   0.0195   -0.003    0
41   0.0194619   -0.00319134    0
42   0.0185381   -0.00280866    0
43   0.0185   -0.003    0
44   0.0193536   -0.00335355    0
45   0.0186464   -0.00264645    0
46   0.0185381   -0.00319134    0
47   0.0191913   -0.00253806    0
48   0.019   -0.0025    0
49   0.0188087   -0.00253806    0
50   0.0191913   -0.00346194    0
51   0.019   -0.0035    0
52   0.0122872   -9.9324e-05    0
53   0.0136695   0.00209724    0
54   0.0156146   -1.77949e-05    0
55   -0.0122866   9.84594e-05    0
56   -0.0136685   -0.00209833    0
57   -0.0156109   1.22478e-05    0
58   -0.0136654   0.00216612    0
59   0.0136661   -0.00216702    0
60   0.0108434   0.00204768    0
61   0.00932781   -0.000361583    0
62   0.00809979   0.00227818    0
63   -0.0108432   -0.00204787    0
64   -0.0093277   0.000361471    0
65   -0.00809977   -0.0022782    0
66   0.0108137   -0.00242839    0
67   -0.0108135   0.00242822    0
68   0.00213698   0.00167564    0
69   0.00172475   0.004    0
70   0.00445878   0.004    0
71   -0.00213698   -0.00167564    0
72   -0.00172475   -0.004    0
73   -0.00445878   -0.004    0
74   -0.00213698   0.00168472    0
75   -0.00445878   0.004    0
76   -0.00172475   0.004    0
77   0.00213698   -0.00168472    0
78   0.00445878   -0.004    0
79   0.00172475   -0.004    0
80   0.0162659   0.00236746    0
81   -0.0162618   0.00237855    0
82   -0.0162621   -0.00237057    0
83   0.0162628   -0.00238025    0
84   0.01   0.004    0
85   -0.01   -0.004    0
86   0.0152937   0.004    0
87   -0.0152937   -0.004    0
88   -0.0152937   0.004    0
89   0.0152937   -0.004    0
90   0.0175053   0.00136899    0
91   -0.0174857   -0.00138262    0
92   -0.0174857   0.00138499    0
93   0.0174884   -0.00139223    0
94   0.00346513   -4.13823e-05    0
95   0.00139798   -3.72798e-06    0
96   -0.00346513   4.13817e-05    0
97   -0.00139798   3.72795e-06    0
98   0.0180153   -2.701e-05    0
99   -0.0180056   9.89457e-07    0
100   0.000774773   0.00154661    0
101   -0.000774773   -0.00154661    0
102   0.000774773   -0.00154726    0
103   -0.000774773   0.00154726    0
104   0   0.00267957    0
105   0   -0.00267957    0
106   -0.0188095   -0.00120225    0
107   -0.02   0    0
108   -0.0188095   0.00120247    0
109   0.02   -5.58436e-05    0
110   0.0188118   -0.00121841    0
111   0.0188534   0.00113319    0
112   0   0.004    0
113   0   -0.004    0
114   -0.02   0.0016728    0
115   -0.02   -0.0016728    0
116   0.0179395   0.00261664    0
117   -0.0179285   0.00261737    0
118   -0.0179285   -0.00261682    0
119   0.0179291   -0.00261862    0
120   0.02   -0.001681    0
121   0.02   0.00134084    0
122   0.0185377   0.00211314    0
123   0   0.00117155    0
124   0   -0.00117155    0
125   0.00102345   0.000725765    0
126   -0.00102345   -0.000725765    0
127   0.00102345   -0.000727271    0
128   -0.00102345   0.000727271    0
129   -0.0184405   -0.002078    0
130   -0.0184405   0.00207815    0
131   0.0184415   -0.00208189    0
132   0.0192478   0.00208059    0
133   -0.0190348   -0.00208625    0
134   -0.0190348   0.00208626    0
135   0.0190354   -0.00209027    0
136   0.02   0.00234087    0
137   -0.0186464   0.004    0
138   -0.017684   0.004    0
139   0.0186464   -0.004    0
140   0.017684   -0.004    0
141   -0.0191913   -0.00346194    0
142   -0.019   -0.004    0
143   -0.02   -0.004    0
144   0.0191913   0.00346194    0
145   0.019   0.004    0
146   0.02   0.004    0
147   -0.02   0.003    0
148   -0.02   0.004    0
149   0.02   -0.003    0
150   0.02   -0.004    0
151   0.0195   0.003    0
152   0.02   0.00340176    0
153   -0.0192442   0.00366996    0
154   0.0192442   -0.00366996    0
155   -0.0186464   -0.00264645    0
156   0.0193536   0.00264645    0
157   0.0193536   0.00335355    0
158   -0.02   -0.00340903    0
159   -0.0193536   -0.00335355    0
160   0.0186464   0.00264645    0
161   -0.02   -0.00280866    0
162   -0.0195   -0.003    0
163   0.019   0.0025    0
164   -0.0188087   -0.00253806    0
165   0.0194619   0.00280866    0
166   -0.0185381   -0.00280866    0
167   -0.0185   -0.003    0
168   0.0185381   0.00280866    0
169   0.0185   0.003    0
170   -0.0194619   -0.00319134    0
171   0.0194619   0.00319134    0
172   -0.0194619   -0.00280866    0
173   0.0188087   0.00253806    0
174   -0.019   -0.0035    0
175   0.019   0.0035    0
176   0.0188087   0.00346194    0
177   -0.0188087   -0.00346194    0
178   0.0191913   0.00253806    0
179   -0.0191913   -0.00253806    0
180   -0.019   -0.0025    0
181   0.00535878   -0.00215716    0
182   0.00787303   -0.004    0
183   0.00625879   -0.000314318    0
184   0.00706591   -0.00215716    0
185   -0.00535878   0.00215715    0
186   -0.00787303   0.004    0
187   -0.00625878   0.000314308    0
188   -0.0070659   0.00215715    0
189   0.00893978   -0.00229278    0
190   0.01   -0.004    0
191   -0.00893971   0.00229269    0
192   -0.01   0.004    0
193   -0.00535878   -0.00184285    0
194   -0.00787303   -0.004    0
195   0.00535878   0.00184284    0
196   0.00787303   0.004    0
197   0.0122565   0.00207246    0
198   0.0113486   0.00302384    0
199   0.0118537   0.004    0
200   -0.0122559   -0.0020731    0
201   -0.0113485   -0.00302394    0
202   -0.0118537   -0.004    0
203   -0.0122395   0.00229717    0
204   -0.0118537   0.004    0
205   -0.0109269   0.004    0
206   0.0122399   -0.00229771    0
207   0.0118537   -0.004    0
208   0.0109269   -0.004    0
209   0.00893652   0.004    0
210   -0.00893652   -0.004    0
211   -0.00717927   -0.000981947    0
212   0.00717929   0.00098193    0
213   -0.0135737   -0.004    0
214   0.0135737   0.004    0
215   -0.0135737   0.004    0
216   0.0135737   -0.004    0
217   -0.0164888   0.004    0
218   -0.0172087   0.00330868    0
219   -0.0164888   -0.004    0
220   -0.0172087   -0.00330841    0
221   -0.017684   -0.004    0
222   -0.0185381   -0.00319134    0
223   0.0164888   -0.004    0
224   0.017209   -0.00330931    0
225   0.0164889   0.004    0
226   0.0172142   0.00330832    0
227   0.0176841   0.004    0
228   0.0185381   0.00319134    0
229   -0.02   -0.00224073    0
230   -0.0193536   -0.00264645    0
231   -0.02   0.0023364    0
232   0.02   -0.0023405    0
233   -0.018342   -0.004    0
234   -0.0186464   -0.00335355    0
235   0.0183421   0.004    0
236   0.0186464   0.00335355    0
237   0.000564163   -0.000950405    0
238   -0.000564163   0.000950405    0
239   -0.000564163   -0.000950081    0
240   0.000564163   0.000950081    0
241   -0.019   -0.003    0
242   0.019   0.003    0
534  29  1  2  3 
535  29  4  5  2 
536  29  4  2  6 
537  29  7  8  2 
538  29  9  2  10 
539  29  9  11  2 
540  29  12  13  2 
541  29  14  3  2 
542  29  15  14  2 
543  29  15  2  8 
544  29  11  16  2 
545  29  7  2  16 
546  29  13  10  2 
547  29  1  17  2 
548  29  17  6  2 
549  29  12  2  5 
299  35  18  19  20 
300  35  21  20  22 
301  35  23  20  24 
302  35  25  26  20 
303  35  26  27  20 
304  35  23  28  20 
305  35  21  24  20 
306  35  29  20  30 
307  35  18  20  29 
308  35  31  25  20 
309  35  31  20  19 
310  35  32  20  33 
311  35  34  33  20 
312  35  28  30  20 
313  35  34  20  27 
314  35  32  22  20 
283  53  35  36  37 
284  53  38  37  39 
285  53  40  41  37 
286  53  42  37  43 
287  53  41  44  37 
288  53  42  45  37 
289  53  38  40  37 
290  53  46  43  37 
291  53  47  37  48 
292  53  48  37  49 
293  53  46  37  36 
294  53  50  51  37 
295  53  35  37  51 
296  53  47  39  37 
297  53  45  49  37 
298  53  50  37  44 
99  6  52  53  54 
100  6  55  56  57 
101  6  55  57  58 
102  6  52  54  59 
103  6  60  61  62 
104  6  63  64  65 
105  6  52  61  60 
106  6  55  64  63 
107  6  52  66  61 
108  6  55  67  64 
109  6  68  69  70 
110  6  71  72  73 
111  6  74  75  76 
112  6  77  78  79 
113  6  54  53  80 
114  6  58  57  81 
115  6  57  56  82 
116  6  59  54  83 
117  6  84  60  62 
118  6  85  63  65 
119  6  86  80  53 
120  6  87  82  56 
121  6  88  58  81 
122  6  89  59  83 
123  6  90  54  80 
124  6  91  57  82 
125  6  92  81  57 
126  6  93  83  54 
127  6  94  95  68 
128  6  96  97  71 
129  6  94  77  95 
130  6  96  74  97 
131  6  98  54  90 
132  6  99  57  91 
133  6  92  57  99 
134  6  93  54  98 
135  6  69  68  100 
136  6  72  71  101 
137  6  79  102  77 
138  6  76  103  74 
139  6  69  100  104 
140  6  72  101  105 
141  6  76  104  103 
142  6  79  105  102 
143  6  99  106  107 
144  6  99  107  108 
145  6  98  109  110 
146  6  98  111  109 
147  6  112  104  76 
148  6  112  69  104 
149  6  113  72  105 
150  6  113  105  79 
151  6  108  107  114 
152  6  107  106  115 
153  6  80  116  90 
154  6  81  92  117 
155  6  82  118  91 
156  6  83  93  119 
157  6  110  109  120 
158  6  98  90  111 
159  6  99  91  106 
160  6  99  108  92 
161  6  98  110  93 
162  6  109  111  121 
163  6  111  90  122 
164  6  123  104  100 
165  6  124  102  105 
166  6  123  103  104 
167  6  124  105  101 
168  6  125  68  95 
169  6  126  71  97 
170  6  127  95  77 
171  6  128  97  74 
172  6  127  77  102 
173  6  128  74  103 
174  6  125  100  68 
175  6  126  101  71 
176  6  106  91  129 
177  6  130  92  108 
178  6  131  93  110 
179  6  132  121  111 
180  6  122  90  116 
181  6  133  115  106 
182  6  134  108  114 
183  6  135  110  120 
184  6  129  91  118 
185  6  92  130  117 
186  6  93  131  119 
187  6  136  121  132 
188  6  111  122  132 
189  6  22  137  138 
190  6  36  139  140 
191  6  14  125  95 
192  6  13  126  97 
193  6  1  95  127 
194  6  9  97  128 
195  6  141  142  143 
196  6  144  145  146 
197  6  26  147  148 
198  6  41  149  150 
199  6  136  151  152 
200  6  106  129  133 
201  6  108  134  130 
202  6  110  135  131 
203  6  148  137  153 
204  6  150  139  154 
205  6  28  117  130 
206  6  155  129  118 
207  6  45  119  131 
208  6  156  136  132 
209  6  146  152  157 
210  6  143  158  159 
211  6  160  122  116 
212  6  161  162  158 
213  6  163  132  122 
214  6  150  154  44 
215  6  148  153  27 
216  6  164  133  129 
217  6  134  30  130 
218  6  135  49  131 
219  6  21  22  138 
220  6  46  36  140 
221  6  51  154  139 
222  6  33  153  137 
223  6  143  159  141 
224  6  150  44  41 
225  6  148  27  26 
226  6  146  157  144 
227  6  1  3  95 
228  6  9  10  97 
229  6  14  95  3 
230  6  13  97  10 
231  6  1  127  17 
232  6  9  128  11 
233  6  15  125  14 
234  6  12  126  13 
235  6  165  136  156 
236  6  4  6  124 
237  6  4  124  5 
238  6  7  123  8 
239  6  7  16  123 
240  6  166  118  167 
241  6  23  24  117 
242  6  42  43  119 
243  6  168  116  169 
244  6  136  165  151 
245  6  155  118  166 
246  6  23  117  28 
247  6  42  119  45 
248  6  160  116  168 
249  6  155  164  129 
250  6  28  130  30 
251  6  45  131  49 
252  6  162  170  158 
253  6  151  171  152 
254  6  170  159  158 
255  6  157  152  171 
256  6  35  51  139 
257  6  32  33  137 
258  6  35  139  36 
259  6  32  137  22 
260  6  161  172  162 
261  6  160  173  122 
262  6  141  174  142 
263  6  144  175  145 
264  6  176  145  175 
265  6  177  142  174 
266  6  41  40  149 
267  6  26  25  147 
268  6  147  25  31 
269  6  149  40  38 
270  6  163  122  173 
271  6  163  178  132 
272  6  179  133  180 
273  6  18  29  134 
274  6  156  132  178 
275  6  47  48  135 
276  6  180  133  164 
277  6  29  30  134 
278  6  48  49  135 
279  6  50  154  51 
280  6  34  153  33 
281  6  50  44  154 
282  6  34  27  153 
733  6  78  181  182 
734  6  183  181  94 
735  6  181  78  77 
736  6  77  94  181 
737  6  184  183  61 
738  6  183  184  181 
739  6  184  182  181 
740  6  75  185  186 
741  6  187  185  96 
742  6  185  75  74 
743  6  74  96  185 
744  6  188  187  64 
745  6  187  188  185 
746  6  188  186  185 
784  6  66  189  61 
785  6  189  184  61 
786  6  184  189  182 
787  6  189  66  190 
788  6  190  182  189 
789  6  67  191  64 
790  6  191  188  64 
791  6  188  191  186 
792  6  191  67  192 
793  6  192  186  191 
794  6  193  187  96 
795  6  193  73  194 
796  6  194  65  193 
797  6  193  96  71 
798  6  71  73  193 
799  6  195  183  94 
800  6  195  70  196 
801  6  196  62  195 
802  6  195  94  68 
803  6  68  70  195 
804  6  60  197  52 
805  6  197  53  52 
806  6  198  60  84 
807  6  199  198  84 
808  6  60  198  197 
809  6  198  199  197 
810  6  63  200  55 
811  6  200  56  55 
812  6  201  63  85 
813  6  202  201  85 
814  6  63  201  200 
815  6  201  202  200 
820  6  58  203  55 
821  6  203  67  55 
822  6  67  203  204 
823  6  204  205  67 
824  6  205  192  67 
828  6  59  206  52 
829  6  206  66  52 
830  6  66  206  207 
831  6  207  208  66 
832  6  208  190  66 
850  6  196  209  62 
851  6  209  84  62 
863  6  194  210  65 
864  6  210  85  65 
884  6  211  65  64 
885  6  187  211  64 
886  6  65  211  193 
887  6  211  187  193 
888  6  212  62  61 
889  6  183  212  61 
890  6  62  212  195 
891  6  212  183  195 
943  6  213  87  56 
945  6  213  56  200 
946  6  200  202  213 
949  6  214  86  53 
951  6  214  53  197 
952  6  197  199  214 
988  6  88  215  58 
990  6  215  204  203 
991  6  203  58  215 
994  6  89  216  59 
996  6  216  207  206 
997  6  206  59  216 
1016  6  217  88  81 
1019  6  117  218  81 
1020  6  218  217  81 
1021  6  217  218  138 
1022  6  21  138  218 
1023  6  117  24  21 
1024  6  21  218  117 
1028  6  87  219  82 
1032  6  220  219  221 
1033  6  220  118  82 
1034  6  219  220  82 
1035  6  220  221  222 
1036  6  222  167  118 
1037  6  118  220  222 
1042  6  223  89  83 
1045  6  119  224  83 
1046  6  224  223  83 
1047  6  223  224  140 
1048  6  46  140  224 
1049  6  119  43  46 
1050  6  46  224  119 
1054  6  86  225  80 
1058  6  226  225  227 
1059  6  226  116  80 
1060  6  225  226  80 
1061  6  226  227  228 
1062  6  228  169  116 
1063  6  116  226  228 
1064  6  161  229  172 
1067  6  230  172  229 
1068  6  179  230  229 
1069  6  133  179  229 
1070  6  229  115  133 
1080  6  231  147  31 
1083  6  231  31  19 
1084  6  231  19  18 
1085  6  134  114  231 
1086  6  231  18  134 
1096  6  232  149  38 
1099  6  232  38  39 
1100  6  232  39  47 
1101  6  135  120  232 
1102  6  232  47  135 
1103  6  233  142  177 
1106  6  233  177  234 
1107  6  222  221  233 
1108  6  233  234  222 
1109  6  235  145  176 
1112  6  235  176  236 
1113  6  228  227  235 
1114  6  235  236  228 
1115  6  102  237  127 
1116  6  237  17  127 
1117  6  17  237  6 
1118  6  124  6  237 
1119  6  237  102  124 
1120  6  103  238  128 
1121  6  238  11  128 
1122  6  11  238  16 
1123  6  123  16  238 
1124  6  238  103  123 
1125  6  12  239  126 
1126  6  239  101  126 
1127  6  239  12  5 
1128  6  124  101  239 
1129  6  239  5  124 
1130  6  15  240  125 
1131  6  240  100  125 
1132  6  240  15  8 
1133  6  123  100  240 
1134  6  240  8  123 
67  41  141  159  241 
68  41  155  166  241 
69  41  222  241  167 
70  41  172  241  162 
71  41  172  230  241 
72  41  222  234  241 
73  41  179  180  241 
74  41  180  164  241 
75  41  166  167  241 
76  41  162  241  170 
77  41  170  241  159 
78  41  177  174  241 
79  41  141  241  174 
80  41  234  177  241 
81  41  155  241  164 
82  41  179  241  230 
83  47  160  242  173 
84  47  157  171  242 
85  47  228  242  169 
86  47  165  242  151 
87  47  165  156  242 
88  47  228  236  242 
89  47  163  242  178 
90  47  163  173  242 
91  47  168  169  242 
92  47  151  242  171 
93  47  160  168  242 
94  47  176  175  242 
95  47  144  242  175 
96  47  236  176  242 
97  47  144  157  242 
98  47  156  178  242 
E_MESH_DATA
