SolidID  69   6 
h  186  -968376 1.04774 0 -0 -1 0
h  187  -968376 1.04774 0 -0 -1 0
h  275  -968376 1.04774 0 -0 -1 0
h  276  -968376 1.04774 0 -0 -1 0
h  287  -968376 1.04774 0 -0 -1 0
h  288  -968376 1.04774 0 -0 -1 0
E_DATA
B_MESH_DATA
Dim 2 
NumPts 7 
NumElems 6 
1   -0.029   0    0
2   -0.0315   0.00287    0
3   -0.0265   0.00287    0
4   -0.0265   -0.00287    0
5   -0.0315   -0.00287    0
6   -0.0315   0    0
7   -0.0265   0    0
186  69  1  2  3 
187  69  1  4  5 
275  69  6  2  1 
276  69  5  6  1 
287  69  7  4  1 
288  69  3  7  1 
E_MESH_DATA
