413
16 91   0.0138571 0.000660041 1.27152
16 92   -0.0138553 -0.000662542 1.2714
16 93   -0.0138543 0.000758943 1.27065
16 94   0.013856 -0.000761381 1.27073
16 95   0.00942367 0.00132142 1.06778
16 96   -0.00942356 -0.00132153 1.06777
16 97   0.0108195 0.000528924 1.09853
16 98   -0.0108192 -0.000529314 1.09852
16 99   0.0108096 -0.000963099 1.09657
16 100   -0.0108093 0.000962716 1.09657
16 101   0.0027735 0.00322521 1.03726
16 102   -0.0027735 -0.00322521 1.03726
16 103   -0.0027735 0.00322824 1.03726
16 104   0.0027735 -0.00322824 1.03726
16 105   0.0151834 0.0014823 1.34805
16 106   -0.0151794 0.00151897 1.34747
16 107   -0.0151805 -0.00148555 1.3479
16 108   0.0151812 -0.00152169 1.34751
16 109   0.00964773 0.00277529 1.06106
16 110   -0.00964766 -0.00277536 1.06106
16 111   0.0150764 0.00282157 1.31575
16 112   -0.0150748 -0.00282297 1.31568
16 113   -0.0150736 0.00284822 1.315
16 114   0.0150742 -0.00284909 1.315
16 115   0.0164619 0.00123955 1.40697
16 116   -0.0164529 -0.00124698 1.40667
16 117   -0.0164528 0.0012586 1.40664
16 118   0.0164553 -0.00126343 1.40668
16 119   0.00233337 0.00054351 1.03874
16 120   -0.00233337 -0.000543511 1.03874
16 121   0.00233337 -0.000576611 1.03874
16 122   -0.00233337 0.000576611 1.03874
16 123   0.0170451 0.000441395 1.42278
16 124   -0.0170341 -0.00045646 1.42259
16 125   -0.0170341 0.000466077 1.42262
16 126   0.0170394 -0.000479013 1.42273
16 127   0.0015455 0.00240742 1.03739
16 128   -0.0015455 -0.00240742 1.03737
16 129   0.0015455 -0.00241066 1.03739
16 130   -0.0015455 0.00241066 1.03738
16 131   0.000833174 0.00274206 1.03695
16 132   -0.000833174 -0.00274206 1.03694
16 133   -0.000833174 0.00274228 1.03695
16 134   0.000833174 -0.00274228 1.03696
16 135   -0.0189384 -0.00040042 1.43859
16 136   -0.0189384 0.000401153 1.43859
16 137   0.0189424 -0.000433754 1.43857
16 138   0.0189562 0.000350112 1.43867
16 139   -0.000574916 0.00355986 1.03631
16 140   0.000574916 0.00355986 1.03631
16 141   -0.000574916 -0.00355986 1.0363
16 142   0.000574916 -0.00355986 1.03632
16 143   -0.0196032 0.000958423 1.43832
16 144   -0.0196032 -0.00095835 1.43835
16 145   0.0172369 0.0021177 1.42183
16 146   -0.0172253 0.00212697 1.42155
16 147   -0.0172254 -0.00212334 1.42149
16 148   0.0172267 -0.00213037 1.42154
16 149   0.0196039 -0.000985083 1.4383
16 150   0.0181246 0.000825056 1.43816
16 151   -0.0181003 -0.000861292 1.43809
16 152   -0.0181003 0.000862817 1.4381
16 153   0.0181052 -0.000879217 1.43811
16 154   0.0196178 0.000806063 1.43842
16 155   0.0182988 0.00153844 1.42578
16 156   0.000258258 0.00179924 1.0375
16 157   0.000258258 -0.00179946 1.0375
16 158   -0.000258258 0.00179946 1.0375
16 159   -0.000258258 -0.00179924 1.03749
16 160   0.00151947 0.000799226 1.03817
16 161   -0.00151947 -0.000799226 1.03817
16 162   0.00151947 -0.000805241 1.03817
16 163   -0.00151947 0.000805241 1.03817
16 164   0.00131173 -0.00131975 1.03793
16 165   -0.00131173 0.00131975 1.03793
16 166   0.00131173 0.001316 1.03794
16 167   -0.00131173 -0.001316 1.03793
16 168   -0.0182453 -0.00155429 1.42978
16 169   -0.0182452 0.0015552 1.42937
16 170   0.0182472 -0.00156418 1.42897
16 171   0.019367 0.00151821 1.43528
16 172   0.0179942 0.00203292 1.43756
16 173   -0.0192814 -0.00165377 1.43103
16 174   -0.0192814 0.00165384 1.43137
16 175   0.0192824 -0.00166323 1.43131
16 176   -0.0179516 -0.00202581 1.4376
16 177   -0.0179516 0.00202684 1.43761
16 178   0.017953 -0.00203091 1.43762
16 179   0.0197493 0.00192077 1.43713
16 180   0.0188796 0.00177564 1.23321
16 181   0.000717258 0.000875309 1.0379
16 182   -0.0183256 0.00378452 1.38516
16 183   0.0183256 -0.00378452 1.38516
16 184   0.000322038 0.00106003 1.0378
16 185   0.000961123 0.00030446 1.03807
16 186   -0.000961123 -0.00030446 1.03807
16 187   0.000961123 -0.000307447 1.03807
16 188   -0.000961123 0.000307447 1.03807
16 189   -0.0193971 -0.00382065 1.35001
16 190   0.0193971 0.00382065 1.35178
16 191   -0.0198206 0.00339711 1.3845
16 192   0.0198206 -0.00339711 1.3845
16 193   0.0198333 0.00291421 1.41422
16 194   -0.0187616 -0.00178883 1.22438
16 195   -0.0187616 0.00178896 1.22563
16 196   0.0187629 -0.00179686 1.22082
16 197   -0.0192969 0.00388999 1.3468
16 198   0.0192969 -0.00388999 1.34681
16 199   -0.0183385 0.00244732 1.43771
16 200   -0.0183385 -0.00244709 1.43772
16 201   0.018339 -0.00244899 1.43771
16 202   0.0195338 0.00235597 1.43539
16 203   0.0197845 0.0035851 1.3675
16 204   -0.0197845 -0.00358753 1.36563
16 205   0.0183745 0.00245874 1.43765
16 206   -0.0198333 -0.00307256 1.40679
16 207   0.0189285 0.00223124 1.42803
16 208   0.0195326 -0.0036745 1.36228
16 209   -0.0195326 0.0036745 1.36227
16 210   -0.0187613 -0.0022341 1.42259
16 211   -0.0187613 0.00223416 1.42304
16 212   0.0187618 -0.00223674 1.42345
16 213   0.00043989 0.000787367 1.03787
16 214   -0.0182895 0.00351497 1.39935
16 215   0.0182895 -0.00351497 1.39936
16 216   0.0189635 -0.00372332 1.37974
16 217   -0.0189635 0.00372332 1.37974
16 218   -0.019515 -0.00360516 1.36758
16 219   0.0196052 -0.00351497 1.37758
16 220   -0.0196052 0.00351497 1.37758
16 221   0.019515 0.00360516 1.36942
16 222   0.000786641 -6.50232e-05 1.03804
16 223   -0.000786641 6.50232e-05 1.03804
16 224   0.000786641 6.25379e-05 1.03804
16 225   -0.000786641 -6.25379e-05 1.03804
16 226   0.00061298 -0.000424055 1.03797
16 227   -0.00061298 0.000424055 1.03797
16 228   0.00061298 0.000423554 1.03797
16 229   -0.00061298 -0.000423554 1.03797
16 230   0.0196052 0.00259866 1.42928
16 231   6.37806e-05 -0.000711163 1.03787
16 232   -6.37806e-05 -0.000711163 1.03787
16 233   6.37806e-05 0.000711163 1.03787
16 234   -6.37806e-05 0.000711163 1.03787
16 235   -0.0183222 -0.00280849 1.42989
16 236   -0.0183222 0.00280868 1.42983
16 237   0.0183224 -0.00280909 1.42982
16 238   0.0183259 0.00280843 1.4299
16 239   0.019654 0.00271651 1.42492
16 240   -0.018371 -0.00269064 1.43381
16 241   -0.018371 0.00269082 1.43376
16 242   0.0183712 -0.00269124 1.43376
16 243   0.0183747 0.00269058 1.43383
16 244   -0.0186319 -0.00242084 1.43736
16 245   -0.0186319 0.00242088 1.43738
16 246   0.0186322 -0.00242213 1.43742
16 247   -0.019654 -0.00320013 1.4025
16 248   0.019654 0.0031977 1.40255
16 249   -0.0196052 -0.00331798 1.39573
16 250   0.0196052 0.00331555 1.39613
16 251   0.0188184 -0.00365398 1.38876
16 252   -0.0188184 0.00365398 1.38875
16 253   0.0187005 -0.00360516 1.39358
16 254   -0.0187005 0.00360516 1.39357
16 255   -0.019654 -0.00287244 1.41954
16 256   0.0186643 0.00243255 1.43751
16 257   -0.0190638 -0.00365398 1.38378
16 258   0.0190638 0.00365398 1.38247
16 259   0.0189362 0.00365398 1.38472
16 260   -0.0189362 -0.00365398 1.38589
16 261   0.019654 -0.00306378 1.41087
16 262   -0.019654 0.00306378 1.41087
16 263   -0.019654 0.00293622 1.41696
16 264   0.019654 -0.00293622 1.41697
16 265   0.0187821 0.00238373 1.43603
16 266   0.0191464 0.00237288 1.43875
16 267   -0.0190754 -0.00237477 1.43813
16 268   -0.0190754 0.00237477 1.43818
16 269   0.0192642 0.0024217 1.43755
16 270   0.0190756 -0.00237611 1.4382
16 271   -0.0189478 -0.00237477 1.43759
16 272   -0.0189478 0.00237477 1.4377
16 273   0.018948 -0.00237611 1.43775
16 274   0.0191452 -0.00354397 1.38719
16 275   -0.0191452 0.00354397 1.38718
16 276   0.019263 -0.00349515 1.38767
16 277   -0.019263 0.00349515 1.38767
16 739   0.00589686 -0.00338572 1.03991
16 740   0.00502757 -0.00083762 1.04234
16 741   0.00398485 -0.00261396 1.0389
16 742   0.00365363 -0.00129442 1.03975
16 743   0.00755083 -0.000944353 1.05196
16 744   0.00622783 -0.00154288 1.04473
16 745   0.00676591 -0.00277144 1.04339
16 746   -0.00589686 0.00338572 1.03991
16 747   -0.00502756 0.000837614 1.04234
16 748   -0.00398485 0.00261396 1.0389
16 749   -0.00365363 0.00129442 1.03975
16 750   -0.00755079 0.000944311 1.05196
16 751   -0.00622782 0.00154287 1.04473
16 752   -0.0067659 0.00277144 1.04339
16 759   0.00969375 -0.00169425 1.06947
16 760   0.0084445 -0.00160384 1.05637
16 761   0.00795958 -0.00281664 1.04742
16 762   0.00991781 -0.00290706 1.06309
16 763   0.00893761 -0.00343093 1.04794
16 764   -0.00969364 0.00169413 1.06947
16 765   -0.00844444 0.00160377 1.05637
16 766   -0.00795955 0.00281661 1.04742
16 767   -0.00991774 0.00290697 1.06309
16 768   -0.00893758 0.0034309 1.04794
16 776   -0.00502756 -0.000495719 1.04253
16 777   -0.00589686 -0.00328095 1.04016
16 778   -0.00711053 -0.00270702 1.04465
16 779   -0.00365363 -0.00115904 1.03984
16 780   -0.00398485 -0.00250616 1.03905
16 781   0.00502757 0.000495714 1.04253
16 782   0.00589686 0.00328095 1.04015
16 783   0.00711054 0.00270701 1.04465
16 784   0.00365363 0.00115903 1.03984
16 785   0.00398485 0.00250616 1.03905
16 814   0.0117957 0.00134027 1.12652
16 815   0.0127378 0.00135679 1.17865
16 816   0.0107307 0.00302384 1.07583
16 817   0.0110674 0.00367461 1.07598
16 818   0.0114828 0.00238133 1.1046
16 819   0.0118196 0.0030321 1.10819
16 820   -0.0117952 -0.00134084 1.12648
16 821   -0.012737 -0.00135766 1.17859
16 822   -0.0107306 -0.00302394 1.07582
16 823   -0.0110674 -0.00367465 1.0759
16 824   -0.0114825 -0.00238164 1.10455
16 825   -0.0118194 -0.00303235 1.10812
16 830   -0.0127305 0.00152058 1.17603
16 831   -0.0117798 0.00160795 1.12346
16 832   -0.0116356 0.00290846 1.10339
16 833   -0.011198 0.00347607 1.08293
16 834   -0.0105801 0.00347607 1.06708
16 838   0.0127311 -0.00152135 1.17605
16 839   0.0117803 -0.00160847 1.12347
16 840   0.0116358 -0.0029087 1.10339
16 841   0.0111981 -0.00347613 1.08293
16 842   0.0105802 -0.00347613 1.06708
16 846   0.00830311 0.00342606 1.04503
16 847   0.0090121 0.00342606 1.04796
16 851   -0.00830311 -0.00342607 1.04502
16 852   -0.00901209 -0.00342607 1.04795
16 856   -0.0141786 -0.00336611 1.24277
16 858   -0.013166 -0.00272381 1.18436
16 859   -0.0125611 -0.0033577 1.13567
16 862   0.014179 0.00336575 1.24271
16 864   0.0131666 0.00272323 1.18439
16 865   0.0125613 0.00335749 1.1357
16 868   -0.0141776 0.00338871 1.24193
16 870   -0.0125556 0.00343239 1.13377
16 871   -0.0131595 0.0028211 1.18163
16 874   0.0141778 -0.00338901 1.24193
16 876   0.0125558 -0.00343257 1.13377
16 877   0.0131599 -0.00282158 1.18164
16 880   -0.00820225 -0.000966226 1.05617
16 881   -0.00758858 -0.000102056 1.05299
16 882   -0.00687927 -0.001701 1.0469
16 883   -0.00626561 -0.000836828 1.04582
16 884   0.0082023 0.000966175 1.05617
16 885   0.00758863 0.00010201 1.05299
16 886   0.00687929 0.00170098 1.0469
16 887   0.00626562 0.000836818 1.04582
16 1018   -0.0160148 0.00345952 1.34364
16 1021   -0.017133 0.0027682 1.40586
16 1022   -0.0166531 0.00322908 1.37621
16 1023   -0.0171272 0.00376956 1.36916
16 1024   -0.0178103 0.00350001 1.39501
16 1025   -0.0183222 0.00293624 1.42526
16 1026   -0.0178917 0.00303913 1.41554
16 1030   -0.0160149 -0.00345686 1.34369
16 1034   -0.0171272 -0.00376947 1.36891
16 1035   -0.0171331 -0.00276527 1.40581
16 1036   -0.0166532 -0.00322633 1.37614
16 1037   -0.0178103 -0.00349992 1.3949
16 1038   -0.0183222 -0.00293606 1.42535
16 1039   -0.0178917 -0.00303886 1.41551
16 1044   0.0160151 -0.00346008 1.34363
16 1047   0.0171336 -0.00276939 1.40585
16 1048   0.0166535 -0.00322985 1.3762
16 1049   0.0171273 -0.00376977 1.36915
16 1050   0.0178103 -0.00350022 1.39501
16 1051   0.0183224 -0.00293665 1.42525
16 1052   0.017892 -0.00303976 1.41553
16 1056   0.0160162 0.00345582 1.34372
16 1060   0.0171291 0.00376944 1.3689
16 1061   0.0171399 0.00276414 1.406
16 1062   0.0166564 0.00322526 1.37624
16 1063   0.0178121 0.00349989 1.39485
16 1064   0.0183259 0.00293599 1.42534
16 1065   0.0178973 0.00303877 1.41556
16 1066   -0.0198206 -0.00261935 1.42517
16 1069   -0.0196052 -0.00256528 1.43035
16 1070   -0.019515 -0.00247508 1.43386
16 1071   -0.0194087 -0.00228835 1.43766
16 1072   -0.0196783 -0.00199993 1.43718
16 1082   -0.0198206 0.00271502 1.42241
16 1085   -0.0196052 0.00259717 1.42949
16 1086   -0.019515 0.00250697 1.43311
16 1087   -0.0196783 0.00203182 1.43691
16 1088   -0.0194087 0.00232024 1.43725
16 1098   0.0198206 -0.00271639 1.42237
16 1101   0.0196052 -0.00259853 1.42945
16 1102   0.019515 -0.00250834 1.43308
16 1103   0.0196785 -0.00203726 1.43688
16 1104   0.0194089 -0.00232294 1.43722
16 1105   -0.0187169 -0.00382065 1.37887
16 1108   -0.018599 -0.00360516 1.39399
16 1109   -0.018188 -0.00373045 1.38714
16 1110   -0.0185088 -0.00351497 1.39925
16 1114   0.0187169 0.00382065 1.37807
16 1117   0.0185991 0.00360516 1.39363
16 1118   0.0181881 0.00373045 1.38698
16 1119   0.0185089 0.00351497 1.39901
16 1120   0.000787461 -0.00107498 1.03786
16 1121   0.000647054 -0.000677076 1.03794
16 1122   0.000369686 -0.000588633 1.03791
16 1123   0.000251835 -0.000861298 1.03785
16 1124   0.000446312 -0.00122307 1.03776
16 1125   -0.000787461 0.00107498 1.03786
16 1126   -0.000647054 0.000677076 1.03794
16 1127   -0.000369686 0.000588633 1.03791
16 1128   -0.000251835 0.000861298 1.03785
16 1129   -0.000446312 0.00122307 1.03776
16 1130   -0.000647054 -0.000676466 1.03794
16 1131   -0.000787461 -0.00107415 1.03786
16 1132   -0.000369686 -0.000588525 1.03791
16 1133   -0.000446312 -0.00122275 1.03776
16 1134   -0.000251835 -0.00086119 1.03785
33 530   0.000320647 -6.37806e-05 1.03796
33 531   -6.37806e-05 -0.000320647 1.03793
33 532   6.37806e-05 -0.000320647 1.03793
33 533   6.37806e-05 0.000320647 1.03793
33 534   -0.000320647 6.37806e-05 1.03796
33 535   -0.000271831 0.000181632 1.03795
33 536   -0.000271831 -0.000181632 1.03795
33 537   0.000320647 6.37806e-05 1.03796
33 538   0.000271831 0.000181632 1.03795
33 539   0.000181632 0.000271831 1.03794
33 540   -0.000181632 0.000271831 1.03794
33 541   -6.37806e-05 0.000320647 1.03793
33 542   -0.000320647 -6.37806e-05 1.03796
33 543   0.000271831 -0.000181632 1.03795
33 544   0.000181632 -0.000271831 1.03794
33 545   -0.000181632 -0.000271831 1.03794
39 294   -0.0191816 0.00272817 1.4312
39 295   -0.0187282 0.00318163 1.41599
39 296   -0.0186794 0.00293622 1.42687
39 297   -0.0193206 0.00306378 1.41585
39 298   -0.0192718 0.00318163 1.4099
39 299   -0.0187282 0.00281837 1.43109
39 300   -0.0186794 0.00306378 1.42151
39 301   -0.0189362 0.00267935 1.43463
39 302   -0.0190638 0.00267935 1.43376
39 303   -0.0193206 0.00293622 1.42186
39 304   -0.0192718 0.00281837 1.42716
39 305   -0.0189362 0.00332065 1.40666
39 306   -0.0190638 0.00332065 1.40463
39 307   -0.0188184 0.00272817 1.43371
39 308   -0.0191816 0.00327183 1.40578
39 309   -0.0188184 0.00327183 1.4107
45 59   -0.0191816 -0.00327183 1.40699
45 60   -0.0187282 -0.00281837 1.43125
45 61   -0.0186794 -0.00306378 1.42175
45 62   -0.0193206 -0.00293622 1.42207
45 63   -0.0192718 -0.00281837 1.42734
45 64   -0.0187282 -0.00318163 1.41626
45 65   -0.0190638 -0.00267935 1.43392
45 66   -0.0189362 -0.00267935 1.43477
45 67   -0.0186794 -0.00293622 1.42706
45 68   -0.0193206 -0.00306378 1.41627
45 69   -0.0192718 -0.00318163 1.41058
45 70   -0.0189362 -0.00332065 1.40767
45 71   -0.0190638 -0.00332065 1.40611
45 72   -0.0188184 -0.00327183 1.41129
45 73   -0.0188184 -0.00272817 1.43385
45 74   -0.0191816 -0.00272817 1.43139
51 75   0.0188184 0.00272817 1.43385
51 76   0.0192718 0.00318163 1.4108
51 77   0.0186794 0.00306378 1.42171
51 78   0.0193206 0.00293622 1.42242
51 79   0.0192718 0.00281837 1.42749
51 80   0.0187282 0.00318163 1.41617
51 81   0.0190638 0.00267935 1.43397
51 82   0.0189362 0.00267935 1.43476
51 83   0.0186794 0.00293622 1.42705
51 84   0.0193206 0.00306378 1.41669
51 85   0.0187282 0.00281837 1.43125
51 86   0.0189362 0.00332065 1.4075
51 87   0.0190638 0.00332065 1.40598
51 88   0.0188184 0.00327183 1.41116
51 89   0.0191816 0.00327183 1.40708
51 90   0.0191816 0.00272817 1.43146
57 278   0.0188184 -0.00327183 1.41071
57 279   0.0192718 -0.00281837 1.42716
57 280   0.0193206 -0.00306378 1.41585
57 281   0.0186794 -0.00293622 1.42688
57 282   0.0192718 -0.00318163 1.40991
57 283   0.0187282 -0.00281837 1.43109
57 284   0.0193206 -0.00293622 1.42186
57 285   0.0186794 -0.00306378 1.42152
57 286   0.0190638 -0.00267935 1.43377
57 287   0.0189362 -0.00267935 1.43463
57 288   0.0187282 -0.00318163 1.416
57 289   0.0190638 -0.00332065 1.40463
57 290   0.0189362 -0.00332065 1.40666
57 291   0.0191816 -0.00272817 1.4312
57 292   0.0188184 -0.00272817 1.43372
57 293   0.0191816 -0.00327183 1.40579
end
