SolidID  6   333 
h  91  -492345 0.999939 0 -1 -0 0
h  92  -492250 0.999939 0 -1 -0 0
h  93  -494007 0.999939 0 -1 -0 0
h  94  -494193 0.999939 0 -1 -0 0
h  95  -0 0.999939 0 -1 -0 0
h  96  -0 0.999939 0 -1 -0 0
h  97  -24149.3 0.999939 0 -1 -0 0
h  98  -24043.9 0.999939 0 -1 -0 0
h  99  -25511.1 0.999939 0 -1 -0 0
h  100  -25424.8 0.999939 0 -1 -0 0
h  101  -0 0.999939 0 -1 -0 0
h  102  -0 0.999939 0 -1 -0 0
h  103  -0 0.999939 0 -1 -0 0
h  104  -0 0.999939 0 -1 -0 0
h  105  -614394 0.999939 0 -1 -0 0
h  106  -615322 0.999939 0 -1 -0 0
h  107  -614364 0.999939 0 -1 -0 0
h  108  -615468 0.999939 0 -1 -0 0
h  109  -0 0.999939 0 -1 -0 0
h  110  -0 0.999939 0 -1 -0 0
h  111  -655618 0.999939 0 -1 -0 0
h  112  -655647 0.999939 0 -1 -0 0
h  113  -656626 0.999939 0 -1 -0 0
h  114  -656673 0.999939 0 -1 -0 0
h  115  -659658 0.999939 0 -1 -0 0
h  116  -659569 0.999939 0 -1 -0 0
h  117  -659751 0.999939 0 -1 -0 0
h  118  -659871 0.999939 0 -1 -0 0
h  119  -0 0.999939 0 -1 -0 0
h  120  -0 0.999939 0 -1 -0 0
h  121  -0 0.999939 0 -1 -0 0
h  122  -0 0.999939 0 -1 -0 0
h  123  -662546 0.999939 0 -1 -0 0
h  124  -662459 0.999939 0 -1 -0 0
h  125  -662508 0.999939 0 -1 -0 0
h  126  -662660 0.999939 0 -1 -0 0
h  127  -0 0.999939 0 -1 -0 0
h  128  -0 0.999939 0 -1 -0 0
h  129  -0 0.999939 0 -1 -0 0
h  130  -0 0.999939 0 -1 -0 0
h  131  -0 0.999939 0 -1 -0 0
h  132  -0 0.999939 0 -1 -0 0
h  133  -0 0.999939 0 -1 -0 0
h  134  -0 0.999939 0 -1 -0 0
h  135  -677629 0.999939 0 -1 -0 0
h  136  -677605 0.999939 0 -1 -0 0
h  137  -677682 0.999939 0 -1 -0 0
h  138  -677487 0.999939 0 -1 -0 0
h  139  -0 0.999939 0 -1 -0 0
h  140  -0 0.999939 0 -1 -0 0
h  141  -0 0.999939 0 -1 -0 0
h  142  -0 0.999939 0 -1 -0 0
h  143  -677942 0.999939 0 -1 -0 0
h  144  -677988 0.999939 0 -1 -0 0
h  145  -686779 0.999939 0 -1 -0 0
h  146  -686841 0.999939 0 -1 -0 0
h  147  -686755 0.999939 0 -1 -0 0
h  148  -686914 0.999939 0 -1 -0 0
h  149  -678036 0.999939 0 -1 -0 0
h  150  -677754 0.999939 0 -1 -0 0
h  151  -677880 0.999939 0 -1 -0 0
h  152  -677887 0.999939 0 -1 -0 0
h  153  -678019 0.999939 0 -1 -0 0
h  154  -677259 0.999939 0 -1 -0 0
h  155  -685106 0.999939 0 -1 -0 0
h  156  -0 0.999939 0 -1 -0 0
h  157  -0 0.999939 0 -1 -0 0
h  158  -0 0.999939 0 -1 -0 0
h  159  -0 0.999939 0 -1 -0 0
h  160  -0 0.999939 0 -1 -0 0
h  161  -0 0.999939 0 -1 -0 0
h  162  -0 0.999939 0 -1 -0 0
h  163  -0 0.999939 0 -1 -0 0
h  164  -0 0.999939 0 -1 -0 0
h  165  -0 0.999939 0 -1 -0 0
h  166  -0 0.999939 0 -1 -0 0
h  167  -0 0.999939 0 -1 -0 0
h  168  -685157 0.999939 0 -1 -0 0
h  169  -685180 0.999939 0 -1 -0 0
h  170  -685289 0.999939 0 -1 -0 0
h  171  -682799 0.999939 0 -1 -0 0
h  172  -691500 0.999939 0 -1 -0 0
h  173  -684432 0.999939 0 -1 -0 0
h  174  -684430 0.999939 0 -1 -0 0
h  175  -684505 0.999939 0 -1 -0 0
h  176  -691227 0.999939 0 -1 -0 0
h  177  -691259 0.999939 0 -1 -0 0
h  178  -691323 0.999939 0 -1 -0 0
h  179  -682574 0.999939 0 -1 -0 0
h  180  -687923 0.999939 0 -1 -0 0
h  181  -0 0.999939 0 -1 -0 0
h  182  -726159 0.999939 0 -1 -0 0
h  183  -726158 0.999939 0 -1 -0 0
h  184  -0 0.999939 0 -1 -0 0
h  185  -0 0.999939 0 -1 -0 0
h  186  -0 0.999939 0 -1 -0 0
h  187  -0 0.999939 0 -1 -0 0
h  188  -0 0.999939 0 -1 -0 0
h  189  -727185 0.999939 0 -1 -0 0
h  190  -726210 0.999939 0 -1 -0 0
h  191  -696916 0.999939 0 -1 -0 0
h  192  -696911 0.999939 0 -1 -0 0
h  193  -691099 0.999939 0 -1 -0 0
h  194  -688410 0.999939 0 -1 -0 0
h  195  -688426 0.999939 0 -1 -0 0
h  196  -688516 0.999939 0 -1 -0 0
h  197  -730432 0.999939 0 -1 -0 0
h  198  -730430 0.999939 0 -1 -0 0
h  199  -698710 0.999939 0 -1 -0 0
h  200  -698681 0.999939 0 -1 -0 0
h  201  -698735 0.999939 0 -1 -0 0
h  202  -689714 0.999939 0 -1 -0 0
h  203  -701435 0.999939 0 -1 -0 0
h  204  -701137 0.999939 0 -1 -0 0
h  205  -698839 0.999939 0 -1 -0 0
h  206  -693018 0.999939 0 -1 -0 0
h  207  -693722 0.999939 0 -1 -0 0
h  208  -714733 0.999939 0 -1 -0 0
h  209  -714736 0.999939 0 -1 -0 0
h  210  -694593 0.999939 0 -1 -0 0
h  211  -694614 0.999939 0 -1 -0 0
h  212  -694645 0.999939 0 -1 -0 0
h  213  -0 0.999939 0 -1 -0 0
h  214  -720021 0.999939 0 -1 -0 0
h  215  -720019 0.999939 0 -1 -0 0
h  216  -727266 0.999939 0 -1 -0 0
h  217  -727267 0.999939 0 -1 -0 0
h  218  -714442 0.999939 0 -1 -0 0
h  219  -706907 0.999939 0 -1 -0 0
h  220  -706910 0.999939 0 -1 -0 0
h  221  -713936 0.999939 0 -1 -0 0
h  222  -0 0.999939 0 -1 -0 0
h  223  -0 0.999939 0 -1 -0 0
h  224  -0 0.999939 0 -1 -0 0
h  225  -0 0.999939 0 -1 -0 0
h  226  -0 0.999939 0 -1 -0 0
h  227  -0 0.999939 0 -1 -0 0
h  228  -0 0.999939 0 -1 -0 0
h  229  -0 0.999939 0 -1 -0 0
h  230  -692054 0.999939 0 -1 -0 0
h  231  -0 0.999939 0 -1 -0 0
h  232  -0 0.999939 0 -1 -0 0
h  233  -0 0.999939 0 -1 -0 0
h  234  -0 0.999939 0 -1 -0 0
h  235  -705097 0.999939 0 -1 -0 0
h  236  -705142 0.999939 0 -1 -0 0
h  237  -705148 0.999939 0 -1 -0 0
h  238  -705113 0.999939 0 -1 -0 0
h  239  -693063 0.999939 0 -1 -0 0
h  240  -702854 0.999939 0 -1 -0 0
h  241  -702896 0.999939 0 -1 -0 0
h  242  -702902 0.999939 0 -1 -0 0
h  243  -702861 0.999939 0 -1 -0 0
h  244  -697994 0.999939 0 -1 -0 0
h  245  -698026 0.999939 0 -1 -0 0
h  246  -698042 0.999939 0 -1 -0 0
h  247  -700031 0.999939 0 -1 -0 0
h  248  -699772 0.999939 0 -1 -0 0
h  249  -704056 0.999939 0 -1 -0 0
h  250  -703792 0.999939 0 -1 -0 0
h  251  -724718 0.999939 0 -1 -0 0
h  252  -724720 0.999939 0 -1 -0 0
h  253  -723170 0.999939 0 -1 -0 0
h  254  -723171 0.999939 0 -1 -0 0
h  255  -694827 0.999939 0 -1 -0 0
h  256  -698078 0.999939 0 -1 -0 0
h  257  -723964 0.999939 0 -1 -0 0
h  258  -724306 0.999939 0 -1 -0 0
h  259  -725125 0.999939 0 -1 -0 0
h  260  -724712 0.999939 0 -1 -0 0
h  261  -697485 0.999939 0 -1 -0 0
h  262  -697486 0.999939 0 -1 -0 0
h  263  -695403 0.999939 0 -1 -0 0
h  264  -695403 0.999939 0 -1 -0 0
h  265  -696802 0.999939 0 -1 -0 0
h  266  -694352 0.999939 0 -1 -0 0
h  267  -694931 0.999939 0 -1 -0 0
h  268  -694935 0.999939 0 -1 -0 0
h  269  -693935 0.999939 0 -1 -0 0
h  270  -694949 0.999939 0 -1 -0 0
h  271  -695865 0.999939 0 -1 -0 0
h  272  -695882 0.999939 0 -1 -0 0
h  273  -695897 0.999939 0 -1 -0 0
h  274  -721183 0.999939 0 -1 -0 0
h  275  -721185 0.999939 0 -1 -0 0
h  276  -718004 0.999939 0 -1 -0 0
h  277  -718006 0.999939 0 -1 -0 0
h  739  -0 0.999939 0 -1 -0 0
h  740  -0 0.999939 0 -1 -0 0
h  741  -0 0.999939 0 -1 -0 0
h  742  -0 0.999939 0 -1 -0 0
h  743  -0 0.999939 0 -1 -0 0
h  744  -0 0.999939 0 -1 -0 0
h  745  -0 0.999939 0 -1 -0 0
h  746  -0 0.999939 0 -1 -0 0
h  747  -0 0.999939 0 -1 -0 0
h  748  -0 0.999939 0 -1 -0 0
h  749  -0 0.999939 0 -1 -0 0
h  750  -0 0.999939 0 -1 -0 0
h  751  -0 0.999939 0 -1 -0 0
h  752  -0 0.999939 0 -1 -0 0
h  759  -0 0.999939 0 -1 -0 0
h  760  -0 0.999939 0 -1 -0 0
h  761  -0 0.999939 0 -1 -0 0
h  762  -0 0.999939 0 -1 -0 0
h  763  -0 0.999939 0 -1 -0 0
h  764  -0 0.999939 0 -1 -0 0
h  765  -0 0.999939 0 -1 -0 0
h  766  -0 0.999939 0 -1 -0 0
h  767  -0 0.999939 0 -1 -0 0
h  768  -0 0.999939 0 -1 -0 0
h  776  -0 0.999939 0 -1 -0 0
h  777  -0 0.999939 0 -1 -0 0
h  778  -0 0.999939 0 -1 -0 0
h  779  -0 0.999939 0 -1 -0 0
h  780  -0 0.999939 0 -1 -0 0
h  781  -0 0.999939 0 -1 -0 0
h  782  -0 0.999939 0 -1 -0 0
h  783  -0 0.999939 0 -1 -0 0
h  784  -0 0.999939 0 -1 -0 0
h  785  -0 0.999939 0 -1 -0 0
h  814  -226541 0.999939 0 -1 -0 0
h  815  -379721 0.999939 0 -1 -0 0
h  816  -79959.7 0.999939 0 -1 -0 0
h  817  -260151 0.999939 0 -1 -0 0
h  818  -222709 0.999939 0 -1 -0 0
h  819  -356700 0.999939 0 -1 -0 0
h  820  -226454 0.999939 0 -1 -0 0
h  821  -379700 0.999939 0 -1 -0 0
h  822  -79649.4 0.999939 0 -1 -0 0
h  823  -259221 0.999939 0 -1 -0 0
h  824  -222550 0.999939 0 -1 -0 0
h  825  -356727 0.999939 0 -1 -0 0
h  830  -385539 0.999939 0 -1 -0 0
h  831  -234545 0.999939 0 -1 -0 0
h  832  -305023 0.999939 0 -1 -0 0
h  833  -278847 0.999939 0 -1 -0 0
h  834  -82808.6 0.999939 0 -1 -0 0
h  838  -385645 0.999939 0 -1 -0 0
h  839  -234643 0.999939 0 -1 -0 0
h  840  -305082 0.999939 0 -1 -0 0
h  841  -278868 0.999939 0 -1 -0 0
h  842  -82833.4 0.999939 0 -1 -0 0
h  846  -0 0.999939 0 -1 -0 0
h  847  -0 0.999939 0 -1 -0 0
h  851  -0 0.999939 0 -1 -0 0
h  852  -0 0.999939 0 -1 -0 0
h  856  -642919 0.999939 0 -1 -0 0
h  858  -518005 0.999939 0 -1 -0 0
h  859  -509190 0.999939 0 -1 -0 0
h  862  -642808 0.999939 0 -1 -0 0
h  864  -517849 0.999939 0 -1 -0 0
h  865  -508832 0.999939 0 -1 -0 0
h  868  -644147 0.999939 0 -1 -0 0
h  870  -515584 0.999939 0 -1 -0 0
h  871  -525123 0.999939 0 -1 -0 0
h  874  -644171 0.999939 0 -1 -0 0
h  876  -515619 0.999939 0 -1 -0 0
h  877  -525195 0.999939 0 -1 -0 0
h  880  -0 0.999939 0 -1 -0 0
h  881  -0 0.999939 0 -1 -0 0
h  882  -0 0.999939 0 -1 -0 0
h  883  -0 0.999939 0 -1 -0 0
h  884  -0 0.999939 0 -1 -0 0
h  885  -0 0.999939 0 -1 -0 0
h  886  -0 0.999939 0 -1 -0 0
h  887  -0 0.999939 0 -1 -0 0
h  1018  -699165 0.999939 0 -1 -0 0
h  1021  -698075 0.999939 0 -1 -0 0
h  1022  -702600 0.999939 0 -1 -0 0
h  1023  -718468 0.999939 0 -1 -0 0
h  1024  -717709 0.999939 0 -1 -0 0
h  1025  -707736 0.999939 0 -1 -0 0
h  1026  -708584 0.999939 0 -1 -0 0
h  1030  -699080 0.999939 0 -1 -0 0
h  1034  -718515 0.999939 0 -1 -0 0
h  1035  -698025 0.999939 0 -1 -0 0
h  1036  -702536 0.999939 0 -1 -0 0
h  1037  -717745 0.999939 0 -1 -0 0
h  1038  -707683 0.999939 0 -1 -0 0
h  1039  -708584 0.999939 0 -1 -0 0
h  1044  -699180 0.999939 0 -1 -0 0
h  1047  -698101 0.999939 0 -1 -0 0
h  1048  -702618 0.999939 0 -1 -0 0
h  1049  -718471 0.999939 0 -1 -0 0
h  1050  -717712 0.999939 0 -1 -0 0
h  1051  -707742 0.999939 0 -1 -0 0
h  1052  -708595 0.999939 0 -1 -0 0
h  1056  -699070 0.999939 0 -1 -0 0
h  1060  -718535 0.999939 0 -1 -0 0
h  1061  -698075 0.999939 0 -1 -0 0
h  1062  -702551 0.999939 0 -1 -0 0
h  1063  -717783 0.999939 0 -1 -0 0
h  1064  -707713 0.999939 0 -1 -0 0
h  1065  -708631 0.999939 0 -1 -0 0
h  1066  -688083 0.999939 0 -1 -0 0
h  1069  -691592 0.999939 0 -1 -0 0
h  1070  -691702 0.999939 0 -1 -0 0
h  1071  -690385 0.999939 0 -1 -0 0
h  1072  -683976 0.999939 0 -1 -0 0
h  1082  -689012 0.999939 0 -1 -0 0
h  1085  -691904 0.999939 0 -1 -0 0
h  1086  -692065 0.999939 0 -1 -0 0
h  1087  -684275 0.999939 0 -1 -0 0
h  1088  -690749 0.999939 0 -1 -0 0
h  1098  -689028 0.999939 0 -1 -0 0
h  1101  -691918 0.999939 0 -1 -0 0
h  1102  -692079 0.999939 0 -1 -0 0
h  1103  -684316 0.999939 0 -1 -0 0
h  1104  -690776 0.999939 0 -1 -0 0
h  1105  -729019 0.999939 0 -1 -0 0
h  1108  -723104 0.999939 0 -1 -0 0
h  1109  -724673 0.999939 0 -1 -0 0
h  1110  -720893 0.999939 0 -1 -0 0
h  1114  -729343 0.999939 0 -1 -0 0
h  1117  -723250 0.999939 0 -1 -0 0
h  1118  -724727 0.999939 0 -1 -0 0
h  1119  -720996 0.999939 0 -1 -0 0
h  1120  -0 0.999939 0 -1 -0 0
h  1121  -0 0.999939 0 -1 -0 0
h  1122  -0 0.999939 0 -1 -0 0
h  1123  -0 0.999939 0 -1 -0 0
h  1124  -0 0.999939 0 -1 -0 0
h  1125  -0 0.999939 0 -1 -0 0
h  1126  -0 0.999939 0 -1 -0 0
h  1127  -0 0.999939 0 -1 -0 0
h  1128  -0 0.999939 0 -1 -0 0
h  1129  -0 0.999939 0 -1 -0 0
h  1130  -0 0.999939 0 -1 -0 0
h  1131  -0 0.999939 0 -1 -0 0
h  1132  -0 0.999939 0 -1 -0 0
h  1133  -0 0.999939 0 -1 -0 0
h  1134  -0 0.999939 0 -1 -0 0
SolidID  6   333 
h  91  -492345 0.999939 0 -1 -0 0
h  92  -492250 0.999939 0 -1 -0 0
h  93  -494007 0.999939 0 -1 -0 0
h  94  -494193 0.999939 0 -1 -0 0
h  95  -0 0.999939 0 -1 -0 0
h  96  -0 0.999939 0 -1 -0 0
h  97  -24149.3 0.999939 0 -1 -0 0
h  98  -24043.9 0.999939 0 -1 -0 0
h  99  -25511.1 0.999939 0 -1 -0 0
h  100  -25424.8 0.999939 0 -1 -0 0
h  101  -0 0.999939 0 -1 -0 0
h  102  -0 0.999939 0 -1 -0 0
h  103  -0 0.999939 0 -1 -0 0
h  104  -0 0.999939 0 -1 -0 0
h  105  -614394 0.999939 0 -1 -0 0
h  106  -615322 0.999939 0 -1 -0 0
h  107  -614364 0.999939 0 -1 -0 0
h  108  -615468 0.999939 0 -1 -0 0
h  109  -0 0.999939 0 -1 -0 0
h  110  -0 0.999939 0 -1 -0 0
h  111  -655618 0.999939 0 -1 -0 0
h  112  -655647 0.999939 0 -1 -0 0
h  113  -656626 0.999939 0 -1 -0 0
h  114  -656673 0.999939 0 -1 -0 0
h  115  -659658 0.999939 0 -1 -0 0
h  116  -659569 0.999939 0 -1 -0 0
h  117  -659751 0.999939 0 -1 -0 0
h  118  -659871 0.999939 0 -1 -0 0
h  119  -0 0.999939 0 -1 -0 0
h  120  -0 0.999939 0 -1 -0 0
h  121  -0 0.999939 0 -1 -0 0
h  122  -0 0.999939 0 -1 -0 0
h  123  -662546 0.999939 0 -1 -0 0
h  124  -662459 0.999939 0 -1 -0 0
h  125  -662508 0.999939 0 -1 -0 0
h  126  -662660 0.999939 0 -1 -0 0
h  127  -0 0.999939 0 -1 -0 0
h  128  -0 0.999939 0 -1 -0 0
h  129  -0 0.999939 0 -1 -0 0
h  130  -0 0.999939 0 -1 -0 0
h  131  -0 0.999939 0 -1 -0 0
h  132  -0 0.999939 0 -1 -0 0
h  133  -0 0.999939 0 -1 -0 0
h  134  -0 0.999939 0 -1 -0 0
h  135  -677629 0.999939 0 -1 -0 0
h  136  -677605 0.999939 0 -1 -0 0
h  137  -677682 0.999939 0 -1 -0 0
h  138  -677487 0.999939 0 -1 -0 0
h  139  -0 0.999939 0 -1 -0 0
h  140  -0 0.999939 0 -1 -0 0
h  141  -0 0.999939 0 -1 -0 0
h  142  -0 0.999939 0 -1 -0 0
h  143  -677942 0.999939 0 -1 -0 0
h  144  -677988 0.999939 0 -1 -0 0
h  145  -686779 0.999939 0 -1 -0 0
h  146  -686841 0.999939 0 -1 -0 0
h  147  -686755 0.999939 0 -1 -0 0
h  148  -686914 0.999939 0 -1 -0 0
h  149  -678036 0.999939 0 -1 -0 0
h  150  -677754 0.999939 0 -1 -0 0
h  151  -677880 0.999939 0 -1 -0 0
h  152  -677887 0.999939 0 -1 -0 0
h  153  -678019 0.999939 0 -1 -0 0
h  154  -677259 0.999939 0 -1 -0 0
h  155  -685106 0.999939 0 -1 -0 0
h  156  -0 0.999939 0 -1 -0 0
h  157  -0 0.999939 0 -1 -0 0
h  158  -0 0.999939 0 -1 -0 0
h  159  -0 0.999939 0 -1 -0 0
h  160  -0 0.999939 0 -1 -0 0
h  161  -0 0.999939 0 -1 -0 0
h  162  -0 0.999939 0 -1 -0 0
h  163  -0 0.999939 0 -1 -0 0
h  164  -0 0.999939 0 -1 -0 0
h  165  -0 0.999939 0 -1 -0 0
h  166  -0 0.999939 0 -1 -0 0
h  167  -0 0.999939 0 -1 -0 0
h  168  -685157 0.999939 0 -1 -0 0
h  169  -685180 0.999939 0 -1 -0 0
h  170  -685289 0.999939 0 -1 -0 0
h  171  -682799 0.999939 0 -1 -0 0
h  172  -691500 0.999939 0 -1 -0 0
h  173  -684432 0.999939 0 -1 -0 0
h  174  -684430 0.999939 0 -1 -0 0
h  175  -684505 0.999939 0 -1 -0 0
h  176  -691227 0.999939 0 -1 -0 0
h  177  -691259 0.999939 0 -1 -0 0
h  178  -691323 0.999939 0 -1 -0 0
h  179  -682574 0.999939 0 -1 -0 0
h  180  -687923 0.999939 0 -1 -0 0
h  181  -0 0.999939 0 -1 -0 0
h  182  -726159 0.999939 0 -1 -0 0
h  183  -726158 0.999939 0 -1 -0 0
h  184  -0 0.999939 0 -1 -0 0
h  185  -0 0.999939 0 -1 -0 0
h  186  -0 0.999939 0 -1 -0 0
h  187  -0 0.999939 0 -1 -0 0
h  188  -0 0.999939 0 -1 -0 0
h  189  -727185 0.999939 0 -1 -0 0
h  190  -726210 0.999939 0 -1 -0 0
h  191  -696916 0.999939 0 -1 -0 0
h  192  -696911 0.999939 0 -1 -0 0
h  193  -691099 0.999939 0 -1 -0 0
h  194  -688410 0.999939 0 -1 -0 0
h  195  -688426 0.999939 0 -1 -0 0
h  196  -688516 0.999939 0 -1 -0 0
h  197  -730432 0.999939 0 -1 -0 0
h  198  -730430 0.999939 0 -1 -0 0
h  199  -698710 0.999939 0 -1 -0 0
h  200  -698681 0.999939 0 -1 -0 0
h  201  -698735 0.999939 0 -1 -0 0
h  202  -689714 0.999939 0 -1 -0 0
h  203  -701435 0.999939 0 -1 -0 0
h  204  -701137 0.999939 0 -1 -0 0
h  205  -698839 0.999939 0 -1 -0 0
h  206  -693018 0.999939 0 -1 -0 0
h  207  -693722 0.999939 0 -1 -0 0
h  208  -714733 0.999939 0 -1 -0 0
h  209  -714736 0.999939 0 -1 -0 0
h  210  -694593 0.999939 0 -1 -0 0
h  211  -694614 0.999939 0 -1 -0 0
h  212  -694645 0.999939 0 -1 -0 0
h  213  -0 0.999939 0 -1 -0 0
h  214  -720021 0.999939 0 -1 -0 0
h  215  -720019 0.999939 0 -1 -0 0
h  216  -727266 0.999939 0 -1 -0 0
h  217  -727267 0.999939 0 -1 -0 0
h  218  -714442 0.999939 0 -1 -0 0
h  219  -706907 0.999939 0 -1 -0 0
h  220  -706910 0.999939 0 -1 -0 0
h  221  -713936 0.999939 0 -1 -0 0
h  222  -0 0.999939 0 -1 -0 0
h  223  -0 0.999939 0 -1 -0 0
h  224  -0 0.999939 0 -1 -0 0
h  225  -0 0.999939 0 -1 -0 0
h  226  -0 0.999939 0 -1 -0 0
h  227  -0 0.999939 0 -1 -0 0
h  228  -0 0.999939 0 -1 -0 0
h  229  -0 0.999939 0 -1 -0 0
h  230  -692054 0.999939 0 -1 -0 0
h  231  -0 0.999939 0 -1 -0 0
h  232  -0 0.999939 0 -1 -0 0
h  233  -0 0.999939 0 -1 -0 0
h  234  -0 0.999939 0 -1 -0 0
h  235  -705097 0.999939 0 -1 -0 0
h  236  -705142 0.999939 0 -1 -0 0
h  237  -705148 0.999939 0 -1 -0 0
h  238  -705113 0.999939 0 -1 -0 0
h  239  -693063 0.999939 0 -1 -0 0
h  240  -702854 0.999939 0 -1 -0 0
h  241  -702896 0.999939 0 -1 -0 0
h  242  -702902 0.999939 0 -1 -0 0
h  243  -702861 0.999939 0 -1 -0 0
h  244  -697994 0.999939 0 -1 -0 0
h  245  -698026 0.999939 0 -1 -0 0
h  246  -698042 0.999939 0 -1 -0 0
h  247  -700031 0.999939 0 -1 -0 0
h  248  -699772 0.999939 0 -1 -0 0
h  249  -704056 0.999939 0 -1 -0 0
h  250  -703792 0.999939 0 -1 -0 0
h  251  -724718 0.999939 0 -1 -0 0
h  252  -724720 0.999939 0 -1 -0 0
h  253  -723170 0.999939 0 -1 -0 0
h  254  -723171 0.999939 0 -1 -0 0
h  255  -694827 0.999939 0 -1 -0 0
h  256  -698078 0.999939 0 -1 -0 0
h  257  -723964 0.999939 0 -1 -0 0
h  258  -724306 0.999939 0 -1 -0 0
h  259  -725125 0.999939 0 -1 -0 0
h  260  -724712 0.999939 0 -1 -0 0
h  261  -697485 0.999939 0 -1 -0 0
h  262  -697486 0.999939 0 -1 -0 0
h  263  -695403 0.999939 0 -1 -0 0
h  264  -695403 0.999939 0 -1 -0 0
h  265  -696802 0.999939 0 -1 -0 0
h  266  -694352 0.999939 0 -1 -0 0
h  267  -694931 0.999939 0 -1 -0 0
h  268  -694935 0.999939 0 -1 -0 0
h  269  -693935 0.999939 0 -1 -0 0
h  270  -694949 0.999939 0 -1 -0 0
h  271  -695865 0.999939 0 -1 -0 0
h  272  -695882 0.999939 0 -1 -0 0
h  273  -695897 0.999939 0 -1 -0 0
h  274  -721183 0.999939 0 -1 -0 0
h  275  -721185 0.999939 0 -1 -0 0
h  276  -718004 0.999939 0 -1 -0 0
h  277  -718006 0.999939 0 -1 -0 0
h  739  -0 0.999939 0 -1 -0 0
h  740  -0 0.999939 0 -1 -0 0
h  741  -0 0.999939 0 -1 -0 0
h  742  -0 0.999939 0 -1 -0 0
h  743  -0 0.999939 0 -1 -0 0
h  744  -0 0.999939 0 -1 -0 0
h  745  -0 0.999939 0 -1 -0 0
h  746  -0 0.999939 0 -1 -0 0
h  747  -0 0.999939 0 -1 -0 0
h  748  -0 0.999939 0 -1 -0 0
h  749  -0 0.999939 0 -1 -0 0
h  750  -0 0.999939 0 -1 -0 0
h  751  -0 0.999939 0 -1 -0 0
h  752  -0 0.999939 0 -1 -0 0
h  759  -0 0.999939 0 -1 -0 0
h  760  -0 0.999939 0 -1 -0 0
h  761  -0 0.999939 0 -1 -0 0
h  762  -0 0.999939 0 -1 -0 0
h  763  -0 0.999939 0 -1 -0 0
h  764  -0 0.999939 0 -1 -0 0
h  765  -0 0.999939 0 -1 -0 0
h  766  -0 0.999939 0 -1 -0 0
h  767  -0 0.999939 0 -1 -0 0
h  768  -0 0.999939 0 -1 -0 0
h  776  -0 0.999939 0 -1 -0 0
h  777  -0 0.999939 0 -1 -0 0
h  778  -0 0.999939 0 -1 -0 0
h  779  -0 0.999939 0 -1 -0 0
h  780  -0 0.999939 0 -1 -0 0
h  781  -0 0.999939 0 -1 -0 0
h  782  -0 0.999939 0 -1 -0 0
h  783  -0 0.999939 0 -1 -0 0
h  784  -0 0.999939 0 -1 -0 0
h  785  -0 0.999939 0 -1 -0 0
h  814  -226541 0.999939 0 -1 -0 0
h  815  -379721 0.999939 0 -1 -0 0
h  816  -79959.7 0.999939 0 -1 -0 0
h  817  -260151 0.999939 0 -1 -0 0
h  818  -222709 0.999939 0 -1 -0 0
h  819  -356700 0.999939 0 -1 -0 0
h  820  -226454 0.999939 0 -1 -0 0
h  821  -379700 0.999939 0 -1 -0 0
h  822  -79649.4 0.999939 0 -1 -0 0
h  823  -259221 0.999939 0 -1 -0 0
h  824  -222550 0.999939 0 -1 -0 0
h  825  -356727 0.999939 0 -1 -0 0
h  830  -385539 0.999939 0 -1 -0 0
h  831  -234545 0.999939 0 -1 -0 0
h  832  -305023 0.999939 0 -1 -0 0
h  833  -278847 0.999939 0 -1 -0 0
h  834  -82808.6 0.999939 0 -1 -0 0
h  838  -385645 0.999939 0 -1 -0 0
h  839  -234643 0.999939 0 -1 -0 0
h  840  -305082 0.999939 0 -1 -0 0
h  841  -278868 0.999939 0 -1 -0 0
h  842  -82833.4 0.999939 0 -1 -0 0
h  846  -0 0.999939 0 -1 -0 0
h  847  -0 0.999939 0 -1 -0 0
h  851  -0 0.999939 0 -1 -0 0
h  852  -0 0.999939 0 -1 -0 0
h  856  -642919 0.999939 0 -1 -0 0
h  858  -518005 0.999939 0 -1 -0 0
h  859  -509190 0.999939 0 -1 -0 0
h  862  -642808 0.999939 0 -1 -0 0
h  864  -517849 0.999939 0 -1 -0 0
h  865  -508832 0.999939 0 -1 -0 0
h  868  -644147 0.999939 0 -1 -0 0
h  870  -515584 0.999939 0 -1 -0 0
h  871  -525123 0.999939 0 -1 -0 0
h  874  -644171 0.999939 0 -1 -0 0
h  876  -515619 0.999939 0 -1 -0 0
h  877  -525195 0.999939 0 -1 -0 0
h  880  -0 0.999939 0 -1 -0 0
h  881  -0 0.999939 0 -1 -0 0
h  882  -0 0.999939 0 -1 -0 0
h  883  -0 0.999939 0 -1 -0 0
h  884  -0 0.999939 0 -1 -0 0
h  885  -0 0.999939 0 -1 -0 0
h  886  -0 0.999939 0 -1 -0 0
h  887  -0 0.999939 0 -1 -0 0
h  1018  -699165 0.999939 0 -1 -0 0
h  1021  -698075 0.999939 0 -1 -0 0
h  1022  -702600 0.999939 0 -1 -0 0
h  1023  -718468 0.999939 0 -1 -0 0
h  1024  -717709 0.999939 0 -1 -0 0
h  1025  -707736 0.999939 0 -1 -0 0
h  1026  -708584 0.999939 0 -1 -0 0
h  1030  -699080 0.999939 0 -1 -0 0
h  1034  -718515 0.999939 0 -1 -0 0
h  1035  -698025 0.999939 0 -1 -0 0
h  1036  -702536 0.999939 0 -1 -0 0
h  1037  -717745 0.999939 0 -1 -0 0
h  1038  -707683 0.999939 0 -1 -0 0
h  1039  -708584 0.999939 0 -1 -0 0
h  1044  -699180 0.999939 0 -1 -0 0
h  1047  -698101 0.999939 0 -1 -0 0
h  1048  -702618 0.999939 0 -1 -0 0
h  1049  -718471 0.999939 0 -1 -0 0
h  1050  -717712 0.999939 0 -1 -0 0
h  1051  -707742 0.999939 0 -1 -0 0
h  1052  -708595 0.999939 0 -1 -0 0
h  1056  -699070 0.999939 0 -1 -0 0
h  1060  -718535 0.999939 0 -1 -0 0
h  1061  -698075 0.999939 0 -1 -0 0
h  1062  -702551 0.999939 0 -1 -0 0
h  1063  -717783 0.999939 0 -1 -0 0
h  1064  -707713 0.999939 0 -1 -0 0
h  1065  -708631 0.999939 0 -1 -0 0
h  1066  -688083 0.999939 0 -1 -0 0
h  1069  -691592 0.999939 0 -1 -0 0
h  1070  -691702 0.999939 0 -1 -0 0
h  1071  -690385 0.999939 0 -1 -0 0
h  1072  -683976 0.999939 0 -1 -0 0
h  1082  -689012 0.999939 0 -1 -0 0
h  1085  -691904 0.999939 0 -1 -0 0
h  1086  -692065 0.999939 0 -1 -0 0
h  1087  -684275 0.999939 0 -1 -0 0
h  1088  -690749 0.999939 0 -1 -0 0
h  1098  -689028 0.999939 0 -1 -0 0
h  1101  -691918 0.999939 0 -1 -0 0
h  1102  -692079 0.999939 0 -1 -0 0
h  1103  -684316 0.999939 0 -1 -0 0
h  1104  -690776 0.999939 0 -1 -0 0
h  1105  -729019 0.999939 0 -1 -0 0
h  1108  -723104 0.999939 0 -1 -0 0
h  1109  -724673 0.999939 0 -1 -0 0
h  1110  -720893 0.999939 0 -1 -0 0
h  1114  -729343 0.999939 0 -1 -0 0
h  1117  -723250 0.999939 0 -1 -0 0
h  1118  -724727 0.999939 0 -1 -0 0
h  1119  -720996 0.999939 0 -1 -0 0
h  1120  -0 0.999939 0 -1 -0 0
h  1121  -0 0.999939 0 -1 -0 0
h  1122  -0 0.999939 0 -1 -0 0
h  1123  -0 0.999939 0 -1 -0 0
h  1124  -0 0.999939 0 -1 -0 0
h  1125  -0 0.999939 0 -1 -0 0
h  1126  -0 0.999939 0 -1 -0 0
h  1127  -0 0.999939 0 -1 -0 0
h  1128  -0 0.999939 0 -1 -0 0
h  1129  -0 0.999939 0 -1 -0 0
h  1130  -0 0.999939 0 -1 -0 0
h  1131  -0 0.999939 0 -1 -0 0
h  1132  -0 0.999939 0 -1 -0 0
h  1133  -0 0.999939 0 -1 -0 0
h  1134  -0 0.999939 0 -1 -0 0
SolidID  29   16 
h  530  -0 0.999939 0 -1 -0 0
h  531  -0 0.999939 0 -1 -0 0
h  532  -0 0.999939 0 -1 -0 0
h  533  -0 0.999939 0 -1 -0 0
h  534  -0 0.999939 0 -1 -0 0
h  535  -0 0.999939 0 -1 -0 0
h  536  -0 0.999939 0 -1 -0 0
h  537  -0 0.999939 0 -1 -0 0
h  538  -0 0.999939 0 -1 -0 0
h  539  -0 0.999939 0 -1 -0 0
h  540  -0 0.999939 0 -1 -0 0
h  541  -0 0.999939 0 -1 -0 0
h  542  -0 0.999939 0 -1 -0 0
h  543  -0 0.999939 0 -1 -0 0
h  544  -0 0.999939 0 -1 -0 0
h  545  -0 0.999939 0 -1 -0 0
SolidID  6   333 
h  91  -492345 0.999939 0 -1 -0 0
h  92  -492250 0.999939 0 -1 -0 0
h  93  -494007 0.999939 0 -1 -0 0
h  94  -494193 0.999939 0 -1 -0 0
h  95  -0 0.999939 0 -1 -0 0
h  96  -0 0.999939 0 -1 -0 0
h  97  -24149.3 0.999939 0 -1 -0 0
h  98  -24043.9 0.999939 0 -1 -0 0
h  99  -25511.1 0.999939 0 -1 -0 0
h  100  -25424.8 0.999939 0 -1 -0 0
h  101  -0 0.999939 0 -1 -0 0
h  102  -0 0.999939 0 -1 -0 0
h  103  -0 0.999939 0 -1 -0 0
h  104  -0 0.999939 0 -1 -0 0
h  105  -614394 0.999939 0 -1 -0 0
h  106  -615322 0.999939 0 -1 -0 0
h  107  -614364 0.999939 0 -1 -0 0
h  108  -615468 0.999939 0 -1 -0 0
h  109  -0 0.999939 0 -1 -0 0
h  110  -0 0.999939 0 -1 -0 0
h  111  -655618 0.999939 0 -1 -0 0
h  112  -655647 0.999939 0 -1 -0 0
h  113  -656626 0.999939 0 -1 -0 0
h  114  -656673 0.999939 0 -1 -0 0
h  115  -659658 0.999939 0 -1 -0 0
h  116  -659569 0.999939 0 -1 -0 0
h  117  -659751 0.999939 0 -1 -0 0
h  118  -659871 0.999939 0 -1 -0 0
h  119  -0 0.999939 0 -1 -0 0
h  120  -0 0.999939 0 -1 -0 0
h  121  -0 0.999939 0 -1 -0 0
h  122  -0 0.999939 0 -1 -0 0
h  123  -662546 0.999939 0 -1 -0 0
h  124  -662459 0.999939 0 -1 -0 0
h  125  -662508 0.999939 0 -1 -0 0
h  126  -662660 0.999939 0 -1 -0 0
h  127  -0 0.999939 0 -1 -0 0
h  128  -0 0.999939 0 -1 -0 0
h  129  -0 0.999939 0 -1 -0 0
h  130  -0 0.999939 0 -1 -0 0
h  131  -0 0.999939 0 -1 -0 0
h  132  -0 0.999939 0 -1 -0 0
h  133  -0 0.999939 0 -1 -0 0
h  134  -0 0.999939 0 -1 -0 0
h  135  -677629 0.999939 0 -1 -0 0
h  136  -677605 0.999939 0 -1 -0 0
h  137  -677682 0.999939 0 -1 -0 0
h  138  -677487 0.999939 0 -1 -0 0
h  139  -0 0.999939 0 -1 -0 0
h  140  -0 0.999939 0 -1 -0 0
h  141  -0 0.999939 0 -1 -0 0
h  142  -0 0.999939 0 -1 -0 0
h  143  -677942 0.999939 0 -1 -0 0
h  144  -677988 0.999939 0 -1 -0 0
h  145  -686779 0.999939 0 -1 -0 0
h  146  -686841 0.999939 0 -1 -0 0
h  147  -686755 0.999939 0 -1 -0 0
h  148  -686914 0.999939 0 -1 -0 0
h  149  -678036 0.999939 0 -1 -0 0
h  150  -677754 0.999939 0 -1 -0 0
h  151  -677880 0.999939 0 -1 -0 0
h  152  -677887 0.999939 0 -1 -0 0
h  153  -678019 0.999939 0 -1 -0 0
h  154  -677259 0.999939 0 -1 -0 0
h  155  -685106 0.999939 0 -1 -0 0
h  156  -0 0.999939 0 -1 -0 0
h  157  -0 0.999939 0 -1 -0 0
h  158  -0 0.999939 0 -1 -0 0
h  159  -0 0.999939 0 -1 -0 0
h  160  -0 0.999939 0 -1 -0 0
h  161  -0 0.999939 0 -1 -0 0
h  162  -0 0.999939 0 -1 -0 0
h  163  -0 0.999939 0 -1 -0 0
h  164  -0 0.999939 0 -1 -0 0
h  165  -0 0.999939 0 -1 -0 0
h  166  -0 0.999939 0 -1 -0 0
h  167  -0 0.999939 0 -1 -0 0
h  168  -685157 0.999939 0 -1 -0 0
h  169  -685180 0.999939 0 -1 -0 0
h  170  -685289 0.999939 0 -1 -0 0
h  171  -682799 0.999939 0 -1 -0 0
h  172  -691500 0.999939 0 -1 -0 0
h  173  -684432 0.999939 0 -1 -0 0
h  174  -684430 0.999939 0 -1 -0 0
h  175  -684505 0.999939 0 -1 -0 0
h  176  -691227 0.999939 0 -1 -0 0
h  177  -691259 0.999939 0 -1 -0 0
h  178  -691323 0.999939 0 -1 -0 0
h  179  -682574 0.999939 0 -1 -0 0
h  180  -687923 0.999939 0 -1 -0 0
h  181  -0 0.999939 0 -1 -0 0
h  182  -726159 0.999939 0 -1 -0 0
h  183  -726158 0.999939 0 -1 -0 0
h  184  -0 0.999939 0 -1 -0 0
h  185  -0 0.999939 0 -1 -0 0
h  186  -0 0.999939 0 -1 -0 0
h  187  -0 0.999939 0 -1 -0 0
h  188  -0 0.999939 0 -1 -0 0
h  189  -727185 0.999939 0 -1 -0 0
h  190  -726210 0.999939 0 -1 -0 0
h  191  -696916 0.999939 0 -1 -0 0
h  192  -696911 0.999939 0 -1 -0 0
h  193  -691099 0.999939 0 -1 -0 0
h  194  -688410 0.999939 0 -1 -0 0
h  195  -688426 0.999939 0 -1 -0 0
h  196  -688516 0.999939 0 -1 -0 0
h  197  -730432 0.999939 0 -1 -0 0
h  198  -730430 0.999939 0 -1 -0 0
h  199  -698710 0.999939 0 -1 -0 0
h  200  -698681 0.999939 0 -1 -0 0
h  201  -698735 0.999939 0 -1 -0 0
h  202  -689714 0.999939 0 -1 -0 0
h  203  -701435 0.999939 0 -1 -0 0
h  204  -701137 0.999939 0 -1 -0 0
h  205  -698839 0.999939 0 -1 -0 0
h  206  -693018 0.999939 0 -1 -0 0
h  207  -693722 0.999939 0 -1 -0 0
h  208  -714733 0.999939 0 -1 -0 0
h  209  -714736 0.999939 0 -1 -0 0
h  210  -694593 0.999939 0 -1 -0 0
h  211  -694614 0.999939 0 -1 -0 0
h  212  -694645 0.999939 0 -1 -0 0
h  213  -0 0.999939 0 -1 -0 0
h  214  -720021 0.999939 0 -1 -0 0
h  215  -720019 0.999939 0 -1 -0 0
h  216  -727266 0.999939 0 -1 -0 0
h  217  -727267 0.999939 0 -1 -0 0
h  218  -714442 0.999939 0 -1 -0 0
h  219  -706907 0.999939 0 -1 -0 0
h  220  -706910 0.999939 0 -1 -0 0
h  221  -713936 0.999939 0 -1 -0 0
h  222  -0 0.999939 0 -1 -0 0
h  223  -0 0.999939 0 -1 -0 0
h  224  -0 0.999939 0 -1 -0 0
h  225  -0 0.999939 0 -1 -0 0
h  226  -0 0.999939 0 -1 -0 0
h  227  -0 0.999939 0 -1 -0 0
h  228  -0 0.999939 0 -1 -0 0
h  229  -0 0.999939 0 -1 -0 0
h  230  -692054 0.999939 0 -1 -0 0
h  231  -0 0.999939 0 -1 -0 0
h  232  -0 0.999939 0 -1 -0 0
h  233  -0 0.999939 0 -1 -0 0
h  234  -0 0.999939 0 -1 -0 0
h  235  -705097 0.999939 0 -1 -0 0
h  236  -705142 0.999939 0 -1 -0 0
h  237  -705148 0.999939 0 -1 -0 0
h  238  -705113 0.999939 0 -1 -0 0
h  239  -693063 0.999939 0 -1 -0 0
h  240  -702854 0.999939 0 -1 -0 0
h  241  -702896 0.999939 0 -1 -0 0
h  242  -702902 0.999939 0 -1 -0 0
h  243  -702861 0.999939 0 -1 -0 0
h  244  -697994 0.999939 0 -1 -0 0
h  245  -698026 0.999939 0 -1 -0 0
h  246  -698042 0.999939 0 -1 -0 0
h  247  -700031 0.999939 0 -1 -0 0
h  248  -699772 0.999939 0 -1 -0 0
h  249  -704056 0.999939 0 -1 -0 0
h  250  -703792 0.999939 0 -1 -0 0
h  251  -724718 0.999939 0 -1 -0 0
h  252  -724720 0.999939 0 -1 -0 0
h  253  -723170 0.999939 0 -1 -0 0
h  254  -723171 0.999939 0 -1 -0 0
h  255  -694827 0.999939 0 -1 -0 0
h  256  -698078 0.999939 0 -1 -0 0
h  257  -723964 0.999939 0 -1 -0 0
h  258  -724306 0.999939 0 -1 -0 0
h  259  -725125 0.999939 0 -1 -0 0
h  260  -724712 0.999939 0 -1 -0 0
h  261  -697485 0.999939 0 -1 -0 0
h  262  -697486 0.999939 0 -1 -0 0
h  263  -695403 0.999939 0 -1 -0 0
h  264  -695403 0.999939 0 -1 -0 0
h  265  -696802 0.999939 0 -1 -0 0
h  266  -694352 0.999939 0 -1 -0 0
h  267  -694931 0.999939 0 -1 -0 0
h  268  -694935 0.999939 0 -1 -0 0
h  269  -693935 0.999939 0 -1 -0 0
h  270  -694949 0.999939 0 -1 -0 0
h  271  -695865 0.999939 0 -1 -0 0
h  272  -695882 0.999939 0 -1 -0 0
h  273  -695897 0.999939 0 -1 -0 0
h  274  -721183 0.999939 0 -1 -0 0
h  275  -721185 0.999939 0 -1 -0 0
h  276  -718004 0.999939 0 -1 -0 0
h  277  -718006 0.999939 0 -1 -0 0
h  739  -0 0.999939 0 -1 -0 0
h  740  -0 0.999939 0 -1 -0 0
h  741  -0 0.999939 0 -1 -0 0
h  742  -0 0.999939 0 -1 -0 0
h  743  -0 0.999939 0 -1 -0 0
h  744  -0 0.999939 0 -1 -0 0
h  745  -0 0.999939 0 -1 -0 0
h  746  -0 0.999939 0 -1 -0 0
h  747  -0 0.999939 0 -1 -0 0
h  748  -0 0.999939 0 -1 -0 0
h  749  -0 0.999939 0 -1 -0 0
h  750  -0 0.999939 0 -1 -0 0
h  751  -0 0.999939 0 -1 -0 0
h  752  -0 0.999939 0 -1 -0 0
h  759  -0 0.999939 0 -1 -0 0
h  760  -0 0.999939 0 -1 -0 0
h  761  -0 0.999939 0 -1 -0 0
h  762  -0 0.999939 0 -1 -0 0
h  763  -0 0.999939 0 -1 -0 0
h  764  -0 0.999939 0 -1 -0 0
h  765  -0 0.999939 0 -1 -0 0
h  766  -0 0.999939 0 -1 -0 0
h  767  -0 0.999939 0 -1 -0 0
h  768  -0 0.999939 0 -1 -0 0
h  776  -0 0.999939 0 -1 -0 0
h  777  -0 0.999939 0 -1 -0 0
h  778  -0 0.999939 0 -1 -0 0
h  779  -0 0.999939 0 -1 -0 0
h  780  -0 0.999939 0 -1 -0 0
h  781  -0 0.999939 0 -1 -0 0
h  782  -0 0.999939 0 -1 -0 0
h  783  -0 0.999939 0 -1 -0 0
h  784  -0 0.999939 0 -1 -0 0
h  785  -0 0.999939 0 -1 -0 0
h  814  -226541 0.999939 0 -1 -0 0
h  815  -379721 0.999939 0 -1 -0 0
h  816  -79959.7 0.999939 0 -1 -0 0
h  817  -260151 0.999939 0 -1 -0 0
h  818  -222709 0.999939 0 -1 -0 0
h  819  -356700 0.999939 0 -1 -0 0
h  820  -226454 0.999939 0 -1 -0 0
h  821  -379700 0.999939 0 -1 -0 0
h  822  -79649.4 0.999939 0 -1 -0 0
h  823  -259221 0.999939 0 -1 -0 0
h  824  -222550 0.999939 0 -1 -0 0
h  825  -356727 0.999939 0 -1 -0 0
h  830  -385539 0.999939 0 -1 -0 0
h  831  -234545 0.999939 0 -1 -0 0
h  832  -305023 0.999939 0 -1 -0 0
h  833  -278847 0.999939 0 -1 -0 0
h  834  -82808.6 0.999939 0 -1 -0 0
h  838  -385645 0.999939 0 -1 -0 0
h  839  -234643 0.999939 0 -1 -0 0
h  840  -305082 0.999939 0 -1 -0 0
h  841  -278868 0.999939 0 -1 -0 0
h  842  -82833.4 0.999939 0 -1 -0 0
h  846  -0 0.999939 0 -1 -0 0
h  847  -0 0.999939 0 -1 -0 0
h  851  -0 0.999939 0 -1 -0 0
h  852  -0 0.999939 0 -1 -0 0
h  856  -642919 0.999939 0 -1 -0 0
h  858  -518005 0.999939 0 -1 -0 0
h  859  -509190 0.999939 0 -1 -0 0
h  862  -642808 0.999939 0 -1 -0 0
h  864  -517849 0.999939 0 -1 -0 0
h  865  -508832 0.999939 0 -1 -0 0
h  868  -644147 0.999939 0 -1 -0 0
h  870  -515584 0.999939 0 -1 -0 0
h  871  -525123 0.999939 0 -1 -0 0
h  874  -644171 0.999939 0 -1 -0 0
h  876  -515619 0.999939 0 -1 -0 0
h  877  -525195 0.999939 0 -1 -0 0
h  880  -0 0.999939 0 -1 -0 0
h  881  -0 0.999939 0 -1 -0 0
h  882  -0 0.999939 0 -1 -0 0
h  883  -0 0.999939 0 -1 -0 0
h  884  -0 0.999939 0 -1 -0 0
h  885  -0 0.999939 0 -1 -0 0
h  886  -0 0.999939 0 -1 -0 0
h  887  -0 0.999939 0 -1 -0 0
h  1018  -699165 0.999939 0 -1 -0 0
h  1021  -698075 0.999939 0 -1 -0 0
h  1022  -702600 0.999939 0 -1 -0 0
h  1023  -718468 0.999939 0 -1 -0 0
h  1024  -717709 0.999939 0 -1 -0 0
h  1025  -707736 0.999939 0 -1 -0 0
h  1026  -708584 0.999939 0 -1 -0 0
h  1030  -699080 0.999939 0 -1 -0 0
h  1034  -718515 0.999939 0 -1 -0 0
h  1035  -698025 0.999939 0 -1 -0 0
h  1036  -702536 0.999939 0 -1 -0 0
h  1037  -717745 0.999939 0 -1 -0 0
h  1038  -707683 0.999939 0 -1 -0 0
h  1039  -708584 0.999939 0 -1 -0 0
h  1044  -699180 0.999939 0 -1 -0 0
h  1047  -698101 0.999939 0 -1 -0 0
h  1048  -702618 0.999939 0 -1 -0 0
h  1049  -718471 0.999939 0 -1 -0 0
h  1050  -717712 0.999939 0 -1 -0 0
h  1051  -707742 0.999939 0 -1 -0 0
h  1052  -708595 0.999939 0 -1 -0 0
h  1056  -699070 0.999939 0 -1 -0 0
h  1060  -718535 0.999939 0 -1 -0 0
h  1061  -698075 0.999939 0 -1 -0 0
h  1062  -702551 0.999939 0 -1 -0 0
h  1063  -717783 0.999939 0 -1 -0 0
h  1064  -707713 0.999939 0 -1 -0 0
h  1065  -708631 0.999939 0 -1 -0 0
h  1066  -688083 0.999939 0 -1 -0 0
h  1069  -691592 0.999939 0 -1 -0 0
h  1070  -691702 0.999939 0 -1 -0 0
h  1071  -690385 0.999939 0 -1 -0 0
h  1072  -683976 0.999939 0 -1 -0 0
h  1082  -689012 0.999939 0 -1 -0 0
h  1085  -691904 0.999939 0 -1 -0 0
h  1086  -692065 0.999939 0 -1 -0 0
h  1087  -684275 0.999939 0 -1 -0 0
h  1088  -690749 0.999939 0 -1 -0 0
h  1098  -689028 0.999939 0 -1 -0 0
h  1101  -691918 0.999939 0 -1 -0 0
h  1102  -692079 0.999939 0 -1 -0 0
h  1103  -684316 0.999939 0 -1 -0 0
h  1104  -690776 0.999939 0 -1 -0 0
h  1105  -729019 0.999939 0 -1 -0 0
h  1108  -723104 0.999939 0 -1 -0 0
h  1109  -724673 0.999939 0 -1 -0 0
h  1110  -720893 0.999939 0 -1 -0 0
h  1114  -729343 0.999939 0 -1 -0 0
h  1117  -723250 0.999939 0 -1 -0 0
h  1118  -724727 0.999939 0 -1 -0 0
h  1119  -720996 0.999939 0 -1 -0 0
h  1120  -0 0.999939 0 -1 -0 0
h  1121  -0 0.999939 0 -1 -0 0
h  1122  -0 0.999939 0 -1 -0 0
h  1123  -0 0.999939 0 -1 -0 0
h  1124  -0 0.999939 0 -1 -0 0
h  1125  -0 0.999939 0 -1 -0 0
h  1126  -0 0.999939 0 -1 -0 0
h  1127  -0 0.999939 0 -1 -0 0
h  1128  -0 0.999939 0 -1 -0 0
h  1129  -0 0.999939 0 -1 -0 0
h  1130  -0 0.999939 0 -1 -0 0
h  1131  -0 0.999939 0 -1 -0 0
h  1132  -0 0.999939 0 -1 -0 0
h  1133  -0 0.999939 0 -1 -0 0
h  1134  -0 0.999939 0 -1 -0 0
SolidID  29   16 
h  530  -0 0.999939 0 -1 -0 0
h  531  -0 0.999939 0 -1 -0 0
h  532  -0 0.999939 0 -1 -0 0
h  533  -0 0.999939 0 -1 -0 0
h  534  -0 0.999939 0 -1 -0 0
h  535  -0 0.999939 0 -1 -0 0
h  536  -0 0.999939 0 -1 -0 0
h  537  -0 0.999939 0 -1 -0 0
h  538  -0 0.999939 0 -1 -0 0
h  539  -0 0.999939 0 -1 -0 0
h  540  -0 0.999939 0 -1 -0 0
h  541  -0 0.999939 0 -1 -0 0
h  542  -0 0.999939 0 -1 -0 0
h  543  -0 0.999939 0 -1 -0 0
h  544  -0 0.999939 0 -1 -0 0
h  545  -0 0.999939 0 -1 -0 0
SolidID  35   16 
h  294  -699801 0.999939 0 -1 -0 0
h  295  -712721 0.999939 0 -1 -0 0
h  296  -707326 0.999939 0 -1 -0 0
h  297  -704344 0.999939 0 -1 -0 0
h  298  -708074 0.999939 0 -1 -0 0
h  299  -704757 0.999939 0 -1 -0 0
h  300  -710156 0.999939 0 -1 -0 0
h  301  -701048 0.999939 0 -1 -0 0
h  302  -700060 0.999939 0 -1 -0 0
h  303  -701718 0.999939 0 -1 -0 0
h  304  -700334 0.999939 0 -1 -0 0
h  305  -715574 0.999939 0 -1 -0 0
h  306  -714687 0.999939 0 -1 -0 0
h  307  -702653 0.999939 0 -1 -0 0
h  308  -711930 0.999939 0 -1 -0 0
h  309  -714741 0.999939 0 -1 -0 0
SolidID  6   333 
h  91  -492345 0.999939 0 -1 -0 0
h  92  -492250 0.999939 0 -1 -0 0
h  93  -494007 0.999939 0 -1 -0 0
h  94  -494193 0.999939 0 -1 -0 0
h  95  -0 0.999939 0 -1 -0 0
h  96  -0 0.999939 0 -1 -0 0
h  97  -24149.3 0.999939 0 -1 -0 0
h  98  -24043.9 0.999939 0 -1 -0 0
h  99  -25511.1 0.999939 0 -1 -0 0
h  100  -25424.8 0.999939 0 -1 -0 0
h  101  -0 0.999939 0 -1 -0 0
h  102  -0 0.999939 0 -1 -0 0
h  103  -0 0.999939 0 -1 -0 0
h  104  -0 0.999939 0 -1 -0 0
h  105  -614394 0.999939 0 -1 -0 0
h  106  -615322 0.999939 0 -1 -0 0
h  107  -614364 0.999939 0 -1 -0 0
h  108  -615468 0.999939 0 -1 -0 0
h  109  -0 0.999939 0 -1 -0 0
h  110  -0 0.999939 0 -1 -0 0
h  111  -655618 0.999939 0 -1 -0 0
h  112  -655647 0.999939 0 -1 -0 0
h  113  -656626 0.999939 0 -1 -0 0
h  114  -656673 0.999939 0 -1 -0 0
h  115  -659658 0.999939 0 -1 -0 0
h  116  -659569 0.999939 0 -1 -0 0
h  117  -659751 0.999939 0 -1 -0 0
h  118  -659871 0.999939 0 -1 -0 0
h  119  -0 0.999939 0 -1 -0 0
h  120  -0 0.999939 0 -1 -0 0
h  121  -0 0.999939 0 -1 -0 0
h  122  -0 0.999939 0 -1 -0 0
h  123  -662546 0.999939 0 -1 -0 0
h  124  -662459 0.999939 0 -1 -0 0
h  125  -662508 0.999939 0 -1 -0 0
h  126  -662660 0.999939 0 -1 -0 0
h  127  -0 0.999939 0 -1 -0 0
h  128  -0 0.999939 0 -1 -0 0
h  129  -0 0.999939 0 -1 -0 0
h  130  -0 0.999939 0 -1 -0 0
h  131  -0 0.999939 0 -1 -0 0
h  132  -0 0.999939 0 -1 -0 0
h  133  -0 0.999939 0 -1 -0 0
h  134  -0 0.999939 0 -1 -0 0
h  135  -677629 0.999939 0 -1 -0 0
h  136  -677605 0.999939 0 -1 -0 0
h  137  -677682 0.999939 0 -1 -0 0
h  138  -677487 0.999939 0 -1 -0 0
h  139  -0 0.999939 0 -1 -0 0
h  140  -0 0.999939 0 -1 -0 0
h  141  -0 0.999939 0 -1 -0 0
h  142  -0 0.999939 0 -1 -0 0
h  143  -677942 0.999939 0 -1 -0 0
h  144  -677988 0.999939 0 -1 -0 0
h  145  -686779 0.999939 0 -1 -0 0
h  146  -686841 0.999939 0 -1 -0 0
h  147  -686755 0.999939 0 -1 -0 0
h  148  -686914 0.999939 0 -1 -0 0
h  149  -678036 0.999939 0 -1 -0 0
h  150  -677754 0.999939 0 -1 -0 0
h  151  -677880 0.999939 0 -1 -0 0
h  152  -677887 0.999939 0 -1 -0 0
h  153  -678019 0.999939 0 -1 -0 0
h  154  -677259 0.999939 0 -1 -0 0
h  155  -685106 0.999939 0 -1 -0 0
h  156  -0 0.999939 0 -1 -0 0
h  157  -0 0.999939 0 -1 -0 0
h  158  -0 0.999939 0 -1 -0 0
h  159  -0 0.999939 0 -1 -0 0
h  160  -0 0.999939 0 -1 -0 0
h  161  -0 0.999939 0 -1 -0 0
h  162  -0 0.999939 0 -1 -0 0
h  163  -0 0.999939 0 -1 -0 0
h  164  -0 0.999939 0 -1 -0 0
h  165  -0 0.999939 0 -1 -0 0
h  166  -0 0.999939 0 -1 -0 0
h  167  -0 0.999939 0 -1 -0 0
h  168  -685157 0.999939 0 -1 -0 0
h  169  -685180 0.999939 0 -1 -0 0
h  170  -685289 0.999939 0 -1 -0 0
h  171  -682799 0.999939 0 -1 -0 0
h  172  -691500 0.999939 0 -1 -0 0
h  173  -684432 0.999939 0 -1 -0 0
h  174  -684430 0.999939 0 -1 -0 0
h  175  -684505 0.999939 0 -1 -0 0
h  176  -691227 0.999939 0 -1 -0 0
h  177  -691259 0.999939 0 -1 -0 0
h  178  -691323 0.999939 0 -1 -0 0
h  179  -682574 0.999939 0 -1 -0 0
h  180  -687923 0.999939 0 -1 -0 0
h  181  -0 0.999939 0 -1 -0 0
h  182  -726159 0.999939 0 -1 -0 0
h  183  -726158 0.999939 0 -1 -0 0
h  184  -0 0.999939 0 -1 -0 0
h  185  -0 0.999939 0 -1 -0 0
h  186  -0 0.999939 0 -1 -0 0
h  187  -0 0.999939 0 -1 -0 0
h  188  -0 0.999939 0 -1 -0 0
h  189  -727185 0.999939 0 -1 -0 0
h  190  -726210 0.999939 0 -1 -0 0
h  191  -696916 0.999939 0 -1 -0 0
h  192  -696911 0.999939 0 -1 -0 0
h  193  -691099 0.999939 0 -1 -0 0
h  194  -688410 0.999939 0 -1 -0 0
h  195  -688426 0.999939 0 -1 -0 0
h  196  -688516 0.999939 0 -1 -0 0
h  197  -730432 0.999939 0 -1 -0 0
h  198  -730430 0.999939 0 -1 -0 0
h  199  -698710 0.999939 0 -1 -0 0
h  200  -698681 0.999939 0 -1 -0 0
h  201  -698735 0.999939 0 -1 -0 0
h  202  -689714 0.999939 0 -1 -0 0
h  203  -701435 0.999939 0 -1 -0 0
h  204  -701137 0.999939 0 -1 -0 0
h  205  -698839 0.999939 0 -1 -0 0
h  206  -693018 0.999939 0 -1 -0 0
h  207  -693722 0.999939 0 -1 -0 0
h  208  -714733 0.999939 0 -1 -0 0
h  209  -714736 0.999939 0 -1 -0 0
h  210  -694593 0.999939 0 -1 -0 0
h  211  -694614 0.999939 0 -1 -0 0
h  212  -694645 0.999939 0 -1 -0 0
h  213  -0 0.999939 0 -1 -0 0
h  214  -720021 0.999939 0 -1 -0 0
h  215  -720019 0.999939 0 -1 -0 0
h  216  -727266 0.999939 0 -1 -0 0
h  217  -727267 0.999939 0 -1 -0 0
h  218  -714442 0.999939 0 -1 -0 0
h  219  -706907 0.999939 0 -1 -0 0
h  220  -706910 0.999939 0 -1 -0 0
h  221  -713936 0.999939 0 -1 -0 0
h  222  -0 0.999939 0 -1 -0 0
h  223  -0 0.999939 0 -1 -0 0
h  224  -0 0.999939 0 -1 -0 0
h  225  -0 0.999939 0 -1 -0 0
h  226  -0 0.999939 0 -1 -0 0
h  227  -0 0.999939 0 -1 -0 0
h  228  -0 0.999939 0 -1 -0 0
h  229  -0 0.999939 0 -1 -0 0
h  230  -692054 0.999939 0 -1 -0 0
h  231  -0 0.999939 0 -1 -0 0
h  232  -0 0.999939 0 -1 -0 0
h  233  -0 0.999939 0 -1 -0 0
h  234  -0 0.999939 0 -1 -0 0
h  235  -705097 0.999939 0 -1 -0 0
h  236  -705142 0.999939 0 -1 -0 0
h  237  -705148 0.999939 0 -1 -0 0
h  238  -705113 0.999939 0 -1 -0 0
h  239  -693063 0.999939 0 -1 -0 0
h  240  -702854 0.999939 0 -1 -0 0
h  241  -702896 0.999939 0 -1 -0 0
h  242  -702902 0.999939 0 -1 -0 0
h  243  -702861 0.999939 0 -1 -0 0
h  244  -697994 0.999939 0 -1 -0 0
h  245  -698026 0.999939 0 -1 -0 0
h  246  -698042 0.999939 0 -1 -0 0
h  247  -700031 0.999939 0 -1 -0 0
h  248  -699772 0.999939 0 -1 -0 0
h  249  -704056 0.999939 0 -1 -0 0
h  250  -703792 0.999939 0 -1 -0 0
h  251  -724718 0.999939 0 -1 -0 0
h  252  -724720 0.999939 0 -1 -0 0
h  253  -723170 0.999939 0 -1 -0 0
h  254  -723171 0.999939 0 -1 -0 0
h  255  -694827 0.999939 0 -1 -0 0
h  256  -698078 0.999939 0 -1 -0 0
h  257  -723964 0.999939 0 -1 -0 0
h  258  -724306 0.999939 0 -1 -0 0
h  259  -725125 0.999939 0 -1 -0 0
h  260  -724712 0.999939 0 -1 -0 0
h  261  -697485 0.999939 0 -1 -0 0
h  262  -697486 0.999939 0 -1 -0 0
h  263  -695403 0.999939 0 -1 -0 0
h  264  -695403 0.999939 0 -1 -0 0
h  265  -696802 0.999939 0 -1 -0 0
h  266  -694352 0.999939 0 -1 -0 0
h  267  -694931 0.999939 0 -1 -0 0
h  268  -694935 0.999939 0 -1 -0 0
h  269  -693935 0.999939 0 -1 -0 0
h  270  -694949 0.999939 0 -1 -0 0
h  271  -695865 0.999939 0 -1 -0 0
h  272  -695882 0.999939 0 -1 -0 0
h  273  -695897 0.999939 0 -1 -0 0
h  274  -721183 0.999939 0 -1 -0 0
h  275  -721185 0.999939 0 -1 -0 0
h  276  -718004 0.999939 0 -1 -0 0
h  277  -718006 0.999939 0 -1 -0 0
h  739  -0 0.999939 0 -1 -0 0
h  740  -0 0.999939 0 -1 -0 0
h  741  -0 0.999939 0 -1 -0 0
h  742  -0 0.999939 0 -1 -0 0
h  743  -0 0.999939 0 -1 -0 0
h  744  -0 0.999939 0 -1 -0 0
h  745  -0 0.999939 0 -1 -0 0
h  746  -0 0.999939 0 -1 -0 0
h  747  -0 0.999939 0 -1 -0 0
h  748  -0 0.999939 0 -1 -0 0
h  749  -0 0.999939 0 -1 -0 0
h  750  -0 0.999939 0 -1 -0 0
h  751  -0 0.999939 0 -1 -0 0
h  752  -0 0.999939 0 -1 -0 0
h  759  -0 0.999939 0 -1 -0 0
h  760  -0 0.999939 0 -1 -0 0
h  761  -0 0.999939 0 -1 -0 0
h  762  -0 0.999939 0 -1 -0 0
h  763  -0 0.999939 0 -1 -0 0
h  764  -0 0.999939 0 -1 -0 0
h  765  -0 0.999939 0 -1 -0 0
h  766  -0 0.999939 0 -1 -0 0
h  767  -0 0.999939 0 -1 -0 0
h  768  -0 0.999939 0 -1 -0 0
h  776  -0 0.999939 0 -1 -0 0
h  777  -0 0.999939 0 -1 -0 0
h  778  -0 0.999939 0 -1 -0 0
h  779  -0 0.999939 0 -1 -0 0
h  780  -0 0.999939 0 -1 -0 0
h  781  -0 0.999939 0 -1 -0 0
h  782  -0 0.999939 0 -1 -0 0
h  783  -0 0.999939 0 -1 -0 0
h  784  -0 0.999939 0 -1 -0 0
h  785  -0 0.999939 0 -1 -0 0
h  814  -226541 0.999939 0 -1 -0 0
h  815  -379721 0.999939 0 -1 -0 0
h  816  -79959.7 0.999939 0 -1 -0 0
h  817  -260151 0.999939 0 -1 -0 0
h  818  -222709 0.999939 0 -1 -0 0
h  819  -356700 0.999939 0 -1 -0 0
h  820  -226454 0.999939 0 -1 -0 0
h  821  -379700 0.999939 0 -1 -0 0
h  822  -79649.4 0.999939 0 -1 -0 0
h  823  -259221 0.999939 0 -1 -0 0
h  824  -222550 0.999939 0 -1 -0 0
h  825  -356727 0.999939 0 -1 -0 0
h  830  -385539 0.999939 0 -1 -0 0
h  831  -234545 0.999939 0 -1 -0 0
h  832  -305023 0.999939 0 -1 -0 0
h  833  -278847 0.999939 0 -1 -0 0
h  834  -82808.6 0.999939 0 -1 -0 0
h  838  -385645 0.999939 0 -1 -0 0
h  839  -234643 0.999939 0 -1 -0 0
h  840  -305082 0.999939 0 -1 -0 0
h  841  -278868 0.999939 0 -1 -0 0
h  842  -82833.4 0.999939 0 -1 -0 0
h  846  -0 0.999939 0 -1 -0 0
h  847  -0 0.999939 0 -1 -0 0
h  851  -0 0.999939 0 -1 -0 0
h  852  -0 0.999939 0 -1 -0 0
h  856  -642919 0.999939 0 -1 -0 0
h  858  -518005 0.999939 0 -1 -0 0
h  859  -509190 0.999939 0 -1 -0 0
h  862  -642808 0.999939 0 -1 -0 0
h  864  -517849 0.999939 0 -1 -0 0
h  865  -508832 0.999939 0 -1 -0 0
h  868  -644147 0.999939 0 -1 -0 0
h  870  -515584 0.999939 0 -1 -0 0
h  871  -525123 0.999939 0 -1 -0 0
h  874  -644171 0.999939 0 -1 -0 0
h  876  -515619 0.999939 0 -1 -0 0
h  877  -525195 0.999939 0 -1 -0 0
h  880  -0 0.999939 0 -1 -0 0
h  881  -0 0.999939 0 -1 -0 0
h  882  -0 0.999939 0 -1 -0 0
h  883  -0 0.999939 0 -1 -0 0
h  884  -0 0.999939 0 -1 -0 0
h  885  -0 0.999939 0 -1 -0 0
h  886  -0 0.999939 0 -1 -0 0
h  887  -0 0.999939 0 -1 -0 0
h  1018  -699165 0.999939 0 -1 -0 0
h  1021  -698075 0.999939 0 -1 -0 0
h  1022  -702600 0.999939 0 -1 -0 0
h  1023  -718468 0.999939 0 -1 -0 0
h  1024  -717709 0.999939 0 -1 -0 0
h  1025  -707736 0.999939 0 -1 -0 0
h  1026  -708584 0.999939 0 -1 -0 0
h  1030  -699080 0.999939 0 -1 -0 0
h  1034  -718515 0.999939 0 -1 -0 0
h  1035  -698025 0.999939 0 -1 -0 0
h  1036  -702536 0.999939 0 -1 -0 0
h  1037  -717745 0.999939 0 -1 -0 0
h  1038  -707683 0.999939 0 -1 -0 0
h  1039  -708584 0.999939 0 -1 -0 0
h  1044  -699180 0.999939 0 -1 -0 0
h  1047  -698101 0.999939 0 -1 -0 0
h  1048  -702618 0.999939 0 -1 -0 0
h  1049  -718471 0.999939 0 -1 -0 0
h  1050  -717712 0.999939 0 -1 -0 0
h  1051  -707742 0.999939 0 -1 -0 0
h  1052  -708595 0.999939 0 -1 -0 0
h  1056  -699070 0.999939 0 -1 -0 0
h  1060  -718535 0.999939 0 -1 -0 0
h  1061  -698075 0.999939 0 -1 -0 0
h  1062  -702551 0.999939 0 -1 -0 0
h  1063  -717783 0.999939 0 -1 -0 0
h  1064  -707713 0.999939 0 -1 -0 0
h  1065  -708631 0.999939 0 -1 -0 0
h  1066  -688083 0.999939 0 -1 -0 0
h  1069  -691592 0.999939 0 -1 -0 0
h  1070  -691702 0.999939 0 -1 -0 0
h  1071  -690385 0.999939 0 -1 -0 0
h  1072  -683976 0.999939 0 -1 -0 0
h  1082  -689012 0.999939 0 -1 -0 0
h  1085  -691904 0.999939 0 -1 -0 0
h  1086  -692065 0.999939 0 -1 -0 0
h  1087  -684275 0.999939 0 -1 -0 0
h  1088  -690749 0.999939 0 -1 -0 0
h  1098  -689028 0.999939 0 -1 -0 0
h  1101  -691918 0.999939 0 -1 -0 0
h  1102  -692079 0.999939 0 -1 -0 0
h  1103  -684316 0.999939 0 -1 -0 0
h  1104  -690776 0.999939 0 -1 -0 0
h  1105  -729019 0.999939 0 -1 -0 0
h  1108  -723104 0.999939 0 -1 -0 0
h  1109  -724673 0.999939 0 -1 -0 0
h  1110  -720893 0.999939 0 -1 -0 0
h  1114  -729343 0.999939 0 -1 -0 0
h  1117  -723250 0.999939 0 -1 -0 0
h  1118  -724727 0.999939 0 -1 -0 0
h  1119  -720996 0.999939 0 -1 -0 0
h  1120  -0 0.999939 0 -1 -0 0
h  1121  -0 0.999939 0 -1 -0 0
h  1122  -0 0.999939 0 -1 -0 0
h  1123  -0 0.999939 0 -1 -0 0
h  1124  -0 0.999939 0 -1 -0 0
h  1125  -0 0.999939 0 -1 -0 0
h  1126  -0 0.999939 0 -1 -0 0
h  1127  -0 0.999939 0 -1 -0 0
h  1128  -0 0.999939 0 -1 -0 0
h  1129  -0 0.999939 0 -1 -0 0
h  1130  -0 0.999939 0 -1 -0 0
h  1131  -0 0.999939 0 -1 -0 0
h  1132  -0 0.999939 0 -1 -0 0
h  1133  -0 0.999939 0 -1 -0 0
h  1134  -0 0.999939 0 -1 -0 0
SolidID  29   16 
h  530  -0 0.999939 0 -1 -0 0
h  531  -0 0.999939 0 -1 -0 0
h  532  -0 0.999939 0 -1 -0 0
h  533  -0 0.999939 0 -1 -0 0
h  534  -0 0.999939 0 -1 -0 0
h  535  -0 0.999939 0 -1 -0 0
h  536  -0 0.999939 0 -1 -0 0
h  537  -0 0.999939 0 -1 -0 0
h  538  -0 0.999939 0 -1 -0 0
h  539  -0 0.999939 0 -1 -0 0
h  540  -0 0.999939 0 -1 -0 0
h  541  -0 0.999939 0 -1 -0 0
h  542  -0 0.999939 0 -1 -0 0
h  543  -0 0.999939 0 -1 -0 0
h  544  -0 0.999939 0 -1 -0 0
h  545  -0 0.999939 0 -1 -0 0
SolidID  35   16 
h  294  -699801 0.999939 0 -1 -0 0
h  295  -712721 0.999939 0 -1 -0 0
h  296  -707326 0.999939 0 -1 -0 0
h  297  -704344 0.999939 0 -1 -0 0
h  298  -708074 0.999939 0 -1 -0 0
h  299  -704757 0.999939 0 -1 -0 0
h  300  -710156 0.999939 0 -1 -0 0
h  301  -701048 0.999939 0 -1 -0 0
h  302  -700060 0.999939 0 -1 -0 0
h  303  -701718 0.999939 0 -1 -0 0
h  304  -700334 0.999939 0 -1 -0 0
h  305  -715574 0.999939 0 -1 -0 0
h  306  -714687 0.999939 0 -1 -0 0
h  307  -702653 0.999939 0 -1 -0 0
h  308  -711930 0.999939 0 -1 -0 0
h  309  -714741 0.999939 0 -1 -0 0
SolidID  41   16 
h  59  -711686 0.999939 0 -1 -0 0
h  60  -704681 0.999939 0 -1 -0 0
h  61  -710038 0.999939 0 -1 -0 0
h  62  -701845 0.999939 0 -1 -0 0
h  63  -700349 0.999939 0 -1 -0 0
h  64  -712586 0.999939 0 -1 -0 0
h  65  -700035 0.999939 0 -1 -0 0
h  66  -701005 0.999939 0 -1 -0 0
h  67  -707230 0.999939 0 -1 -0 0
h  68  -704458 0.999939 0 -1 -0 0
h  69  -708131 0.999939 0 -1 -0 0
h  70  -715078 0.999939 0 -1 -0 0
h  71  -714165 0.999939 0 -1 -0 0
h  72  -714436 0.999939 0 -1 -0 0
h  73  -702593 0.999939 0 -1 -0 0
h  74  -699798 0.999939 0 -1 -0 0
SolidID  6   333 
h  91  -492345 0.999939 0 -1 -0 0
h  92  -492250 0.999939 0 -1 -0 0
h  93  -494007 0.999939 0 -1 -0 0
h  94  -494193 0.999939 0 -1 -0 0
h  95  -0 0.999939 0 -1 -0 0
h  96  -0 0.999939 0 -1 -0 0
h  97  -24149.3 0.999939 0 -1 -0 0
h  98  -24043.9 0.999939 0 -1 -0 0
h  99  -25511.1 0.999939 0 -1 -0 0
h  100  -25424.8 0.999939 0 -1 -0 0
h  101  -0 0.999939 0 -1 -0 0
h  102  -0 0.999939 0 -1 -0 0
h  103  -0 0.999939 0 -1 -0 0
h  104  -0 0.999939 0 -1 -0 0
h  105  -614394 0.999939 0 -1 -0 0
h  106  -615322 0.999939 0 -1 -0 0
h  107  -614364 0.999939 0 -1 -0 0
h  108  -615468 0.999939 0 -1 -0 0
h  109  -0 0.999939 0 -1 -0 0
h  110  -0 0.999939 0 -1 -0 0
h  111  -655618 0.999939 0 -1 -0 0
h  112  -655647 0.999939 0 -1 -0 0
h  113  -656626 0.999939 0 -1 -0 0
h  114  -656673 0.999939 0 -1 -0 0
h  115  -659658 0.999939 0 -1 -0 0
h  116  -659569 0.999939 0 -1 -0 0
h  117  -659751 0.999939 0 -1 -0 0
h  118  -659871 0.999939 0 -1 -0 0
h  119  -0 0.999939 0 -1 -0 0
h  120  -0 0.999939 0 -1 -0 0
h  121  -0 0.999939 0 -1 -0 0
h  122  -0 0.999939 0 -1 -0 0
h  123  -662546 0.999939 0 -1 -0 0
h  124  -662459 0.999939 0 -1 -0 0
h  125  -662508 0.999939 0 -1 -0 0
h  126  -662660 0.999939 0 -1 -0 0
h  127  -0 0.999939 0 -1 -0 0
h  128  -0 0.999939 0 -1 -0 0
h  129  -0 0.999939 0 -1 -0 0
h  130  -0 0.999939 0 -1 -0 0
h  131  -0 0.999939 0 -1 -0 0
h  132  -0 0.999939 0 -1 -0 0
h  133  -0 0.999939 0 -1 -0 0
h  134  -0 0.999939 0 -1 -0 0
h  135  -677629 0.999939 0 -1 -0 0
h  136  -677605 0.999939 0 -1 -0 0
h  137  -677682 0.999939 0 -1 -0 0
h  138  -677487 0.999939 0 -1 -0 0
h  139  -0 0.999939 0 -1 -0 0
h  140  -0 0.999939 0 -1 -0 0
h  141  -0 0.999939 0 -1 -0 0
h  142  -0 0.999939 0 -1 -0 0
h  143  -677942 0.999939 0 -1 -0 0
h  144  -677988 0.999939 0 -1 -0 0
h  145  -686779 0.999939 0 -1 -0 0
h  146  -686841 0.999939 0 -1 -0 0
h  147  -686755 0.999939 0 -1 -0 0
h  148  -686914 0.999939 0 -1 -0 0
h  149  -678036 0.999939 0 -1 -0 0
h  150  -677754 0.999939 0 -1 -0 0
h  151  -677880 0.999939 0 -1 -0 0
h  152  -677887 0.999939 0 -1 -0 0
h  153  -678019 0.999939 0 -1 -0 0
h  154  -677259 0.999939 0 -1 -0 0
h  155  -685106 0.999939 0 -1 -0 0
h  156  -0 0.999939 0 -1 -0 0
h  157  -0 0.999939 0 -1 -0 0
h  158  -0 0.999939 0 -1 -0 0
h  159  -0 0.999939 0 -1 -0 0
h  160  -0 0.999939 0 -1 -0 0
h  161  -0 0.999939 0 -1 -0 0
h  162  -0 0.999939 0 -1 -0 0
h  163  -0 0.999939 0 -1 -0 0
h  164  -0 0.999939 0 -1 -0 0
h  165  -0 0.999939 0 -1 -0 0
h  166  -0 0.999939 0 -1 -0 0
h  167  -0 0.999939 0 -1 -0 0
h  168  -685157 0.999939 0 -1 -0 0
h  169  -685180 0.999939 0 -1 -0 0
h  170  -685289 0.999939 0 -1 -0 0
h  171  -682799 0.999939 0 -1 -0 0
h  172  -691500 0.999939 0 -1 -0 0
h  173  -684432 0.999939 0 -1 -0 0
h  174  -684430 0.999939 0 -1 -0 0
h  175  -684505 0.999939 0 -1 -0 0
h  176  -691227 0.999939 0 -1 -0 0
h  177  -691259 0.999939 0 -1 -0 0
h  178  -691323 0.999939 0 -1 -0 0
h  179  -682574 0.999939 0 -1 -0 0
h  180  -687923 0.999939 0 -1 -0 0
h  181  -0 0.999939 0 -1 -0 0
h  182  -726159 0.999939 0 -1 -0 0
h  183  -726158 0.999939 0 -1 -0 0
h  184  -0 0.999939 0 -1 -0 0
h  185  -0 0.999939 0 -1 -0 0
h  186  -0 0.999939 0 -1 -0 0
h  187  -0 0.999939 0 -1 -0 0
h  188  -0 0.999939 0 -1 -0 0
h  189  -727185 0.999939 0 -1 -0 0
h  190  -726210 0.999939 0 -1 -0 0
h  191  -696916 0.999939 0 -1 -0 0
h  192  -696911 0.999939 0 -1 -0 0
h  193  -691099 0.999939 0 -1 -0 0
h  194  -688410 0.999939 0 -1 -0 0
h  195  -688426 0.999939 0 -1 -0 0
h  196  -688516 0.999939 0 -1 -0 0
h  197  -730432 0.999939 0 -1 -0 0
h  198  -730430 0.999939 0 -1 -0 0
h  199  -698710 0.999939 0 -1 -0 0
h  200  -698681 0.999939 0 -1 -0 0
h  201  -698735 0.999939 0 -1 -0 0
h  202  -689714 0.999939 0 -1 -0 0
h  203  -701435 0.999939 0 -1 -0 0
h  204  -701137 0.999939 0 -1 -0 0
h  205  -698839 0.999939 0 -1 -0 0
h  206  -693018 0.999939 0 -1 -0 0
h  207  -693722 0.999939 0 -1 -0 0
h  208  -714733 0.999939 0 -1 -0 0
h  209  -714736 0.999939 0 -1 -0 0
h  210  -694593 0.999939 0 -1 -0 0
h  211  -694614 0.999939 0 -1 -0 0
h  212  -694645 0.999939 0 -1 -0 0
h  213  -0 0.999939 0 -1 -0 0
h  214  -720021 0.999939 0 -1 -0 0
h  215  -720019 0.999939 0 -1 -0 0
h  216  -727266 0.999939 0 -1 -0 0
h  217  -727267 0.999939 0 -1 -0 0
h  218  -714442 0.999939 0 -1 -0 0
h  219  -706907 0.999939 0 -1 -0 0
h  220  -706910 0.999939 0 -1 -0 0
h  221  -713936 0.999939 0 -1 -0 0
h  222  -0 0.999939 0 -1 -0 0
h  223  -0 0.999939 0 -1 -0 0
h  224  -0 0.999939 0 -1 -0 0
h  225  -0 0.999939 0 -1 -0 0
h  226  -0 0.999939 0 -1 -0 0
h  227  -0 0.999939 0 -1 -0 0
h  228  -0 0.999939 0 -1 -0 0
h  229  -0 0.999939 0 -1 -0 0
h  230  -692054 0.999939 0 -1 -0 0
h  231  -0 0.999939 0 -1 -0 0
h  232  -0 0.999939 0 -1 -0 0
h  233  -0 0.999939 0 -1 -0 0
h  234  -0 0.999939 0 -1 -0 0
h  235  -705097 0.999939 0 -1 -0 0
h  236  -705142 0.999939 0 -1 -0 0
h  237  -705148 0.999939 0 -1 -0 0
h  238  -705113 0.999939 0 -1 -0 0
h  239  -693063 0.999939 0 -1 -0 0
h  240  -702854 0.999939 0 -1 -0 0
h  241  -702896 0.999939 0 -1 -0 0
h  242  -702902 0.999939 0 -1 -0 0
h  243  -702861 0.999939 0 -1 -0 0
h  244  -697994 0.999939 0 -1 -0 0
h  245  -698026 0.999939 0 -1 -0 0
h  246  -698042 0.999939 0 -1 -0 0
h  247  -700031 0.999939 0 -1 -0 0
h  248  -699772 0.999939 0 -1 -0 0
h  249  -704056 0.999939 0 -1 -0 0
h  250  -703792 0.999939 0 -1 -0 0
h  251  -724718 0.999939 0 -1 -0 0
h  252  -724720 0.999939 0 -1 -0 0
h  253  -723170 0.999939 0 -1 -0 0
h  254  -723171 0.999939 0 -1 -0 0
h  255  -694827 0.999939 0 -1 -0 0
h  256  -698078 0.999939 0 -1 -0 0
h  257  -723964 0.999939 0 -1 -0 0
h  258  -724306 0.999939 0 -1 -0 0
h  259  -725125 0.999939 0 -1 -0 0
h  260  -724712 0.999939 0 -1 -0 0
h  261  -697485 0.999939 0 -1 -0 0
h  262  -697486 0.999939 0 -1 -0 0
h  263  -695403 0.999939 0 -1 -0 0
h  264  -695403 0.999939 0 -1 -0 0
h  265  -696802 0.999939 0 -1 -0 0
h  266  -694352 0.999939 0 -1 -0 0
h  267  -694931 0.999939 0 -1 -0 0
h  268  -694935 0.999939 0 -1 -0 0
h  269  -693935 0.999939 0 -1 -0 0
h  270  -694949 0.999939 0 -1 -0 0
h  271  -695865 0.999939 0 -1 -0 0
h  272  -695882 0.999939 0 -1 -0 0
h  273  -695897 0.999939 0 -1 -0 0
h  274  -721183 0.999939 0 -1 -0 0
h  275  -721185 0.999939 0 -1 -0 0
h  276  -718004 0.999939 0 -1 -0 0
h  277  -718006 0.999939 0 -1 -0 0
h  739  -0 0.999939 0 -1 -0 0
h  740  -0 0.999939 0 -1 -0 0
h  741  -0 0.999939 0 -1 -0 0
h  742  -0 0.999939 0 -1 -0 0
h  743  -0 0.999939 0 -1 -0 0
h  744  -0 0.999939 0 -1 -0 0
h  745  -0 0.999939 0 -1 -0 0
h  746  -0 0.999939 0 -1 -0 0
h  747  -0 0.999939 0 -1 -0 0
h  748  -0 0.999939 0 -1 -0 0
h  749  -0 0.999939 0 -1 -0 0
h  750  -0 0.999939 0 -1 -0 0
h  751  -0 0.999939 0 -1 -0 0
h  752  -0 0.999939 0 -1 -0 0
h  759  -0 0.999939 0 -1 -0 0
h  760  -0 0.999939 0 -1 -0 0
h  761  -0 0.999939 0 -1 -0 0
h  762  -0 0.999939 0 -1 -0 0
h  763  -0 0.999939 0 -1 -0 0
h  764  -0 0.999939 0 -1 -0 0
h  765  -0 0.999939 0 -1 -0 0
h  766  -0 0.999939 0 -1 -0 0
h  767  -0 0.999939 0 -1 -0 0
h  768  -0 0.999939 0 -1 -0 0
h  776  -0 0.999939 0 -1 -0 0
h  777  -0 0.999939 0 -1 -0 0
h  778  -0 0.999939 0 -1 -0 0
h  779  -0 0.999939 0 -1 -0 0
h  780  -0 0.999939 0 -1 -0 0
h  781  -0 0.999939 0 -1 -0 0
h  782  -0 0.999939 0 -1 -0 0
h  783  -0 0.999939 0 -1 -0 0
h  784  -0 0.999939 0 -1 -0 0
h  785  -0 0.999939 0 -1 -0 0
h  814  -226541 0.999939 0 -1 -0 0
h  815  -379721 0.999939 0 -1 -0 0
h  816  -79959.7 0.999939 0 -1 -0 0
h  817  -260151 0.999939 0 -1 -0 0
h  818  -222709 0.999939 0 -1 -0 0
h  819  -356700 0.999939 0 -1 -0 0
h  820  -226454 0.999939 0 -1 -0 0
h  821  -379700 0.999939 0 -1 -0 0
h  822  -79649.4 0.999939 0 -1 -0 0
h  823  -259221 0.999939 0 -1 -0 0
h  824  -222550 0.999939 0 -1 -0 0
h  825  -356727 0.999939 0 -1 -0 0
h  830  -385539 0.999939 0 -1 -0 0
h  831  -234545 0.999939 0 -1 -0 0
h  832  -305023 0.999939 0 -1 -0 0
h  833  -278847 0.999939 0 -1 -0 0
h  834  -82808.6 0.999939 0 -1 -0 0
h  838  -385645 0.999939 0 -1 -0 0
h  839  -234643 0.999939 0 -1 -0 0
h  840  -305082 0.999939 0 -1 -0 0
h  841  -278868 0.999939 0 -1 -0 0
h  842  -82833.4 0.999939 0 -1 -0 0
h  846  -0 0.999939 0 -1 -0 0
h  847  -0 0.999939 0 -1 -0 0
h  851  -0 0.999939 0 -1 -0 0
h  852  -0 0.999939 0 -1 -0 0
h  856  -642919 0.999939 0 -1 -0 0
h  858  -518005 0.999939 0 -1 -0 0
h  859  -509190 0.999939 0 -1 -0 0
h  862  -642808 0.999939 0 -1 -0 0
h  864  -517849 0.999939 0 -1 -0 0
h  865  -508832 0.999939 0 -1 -0 0
h  868  -644147 0.999939 0 -1 -0 0
h  870  -515584 0.999939 0 -1 -0 0
h  871  -525123 0.999939 0 -1 -0 0
h  874  -644171 0.999939 0 -1 -0 0
h  876  -515619 0.999939 0 -1 -0 0
h  877  -525195 0.999939 0 -1 -0 0
h  880  -0 0.999939 0 -1 -0 0
h  881  -0 0.999939 0 -1 -0 0
h  882  -0 0.999939 0 -1 -0 0
h  883  -0 0.999939 0 -1 -0 0
h  884  -0 0.999939 0 -1 -0 0
h  885  -0 0.999939 0 -1 -0 0
h  886  -0 0.999939 0 -1 -0 0
h  887  -0 0.999939 0 -1 -0 0
h  1018  -699165 0.999939 0 -1 -0 0
h  1021  -698075 0.999939 0 -1 -0 0
h  1022  -702600 0.999939 0 -1 -0 0
h  1023  -718468 0.999939 0 -1 -0 0
h  1024  -717709 0.999939 0 -1 -0 0
h  1025  -707736 0.999939 0 -1 -0 0
h  1026  -708584 0.999939 0 -1 -0 0
h  1030  -699080 0.999939 0 -1 -0 0
h  1034  -718515 0.999939 0 -1 -0 0
h  1035  -698025 0.999939 0 -1 -0 0
h  1036  -702536 0.999939 0 -1 -0 0
h  1037  -717745 0.999939 0 -1 -0 0
h  1038  -707683 0.999939 0 -1 -0 0
h  1039  -708584 0.999939 0 -1 -0 0
h  1044  -699180 0.999939 0 -1 -0 0
h  1047  -698101 0.999939 0 -1 -0 0
h  1048  -702618 0.999939 0 -1 -0 0
h  1049  -718471 0.999939 0 -1 -0 0
h  1050  -717712 0.999939 0 -1 -0 0
h  1051  -707742 0.999939 0 -1 -0 0
h  1052  -708595 0.999939 0 -1 -0 0
h  1056  -699070 0.999939 0 -1 -0 0
h  1060  -718535 0.999939 0 -1 -0 0
h  1061  -698075 0.999939 0 -1 -0 0
h  1062  -702551 0.999939 0 -1 -0 0
h  1063  -717783 0.999939 0 -1 -0 0
h  1064  -707713 0.999939 0 -1 -0 0
h  1065  -708631 0.999939 0 -1 -0 0
h  1066  -688083 0.999939 0 -1 -0 0
h  1069  -691592 0.999939 0 -1 -0 0
h  1070  -691702 0.999939 0 -1 -0 0
h  1071  -690385 0.999939 0 -1 -0 0
h  1072  -683976 0.999939 0 -1 -0 0
h  1082  -689012 0.999939 0 -1 -0 0
h  1085  -691904 0.999939 0 -1 -0 0
h  1086  -692065 0.999939 0 -1 -0 0
h  1087  -684275 0.999939 0 -1 -0 0
h  1088  -690749 0.999939 0 -1 -0 0
h  1098  -689028 0.999939 0 -1 -0 0
h  1101  -691918 0.999939 0 -1 -0 0
h  1102  -692079 0.999939 0 -1 -0 0
h  1103  -684316 0.999939 0 -1 -0 0
h  1104  -690776 0.999939 0 -1 -0 0
h  1105  -729019 0.999939 0 -1 -0 0
h  1108  -723104 0.999939 0 -1 -0 0
h  1109  -724673 0.999939 0 -1 -0 0
h  1110  -720893 0.999939 0 -1 -0 0
h  1114  -729343 0.999939 0 -1 -0 0
h  1117  -723250 0.999939 0 -1 -0 0
h  1118  -724727 0.999939 0 -1 -0 0
h  1119  -720996 0.999939 0 -1 -0 0
h  1120  -0 0.999939 0 -1 -0 0
h  1121  -0 0.999939 0 -1 -0 0
h  1122  -0 0.999939 0 -1 -0 0
h  1123  -0 0.999939 0 -1 -0 0
h  1124  -0 0.999939 0 -1 -0 0
h  1125  -0 0.999939 0 -1 -0 0
h  1126  -0 0.999939 0 -1 -0 0
h  1127  -0 0.999939 0 -1 -0 0
h  1128  -0 0.999939 0 -1 -0 0
h  1129  -0 0.999939 0 -1 -0 0
h  1130  -0 0.999939 0 -1 -0 0
h  1131  -0 0.999939 0 -1 -0 0
h  1132  -0 0.999939 0 -1 -0 0
h  1133  -0 0.999939 0 -1 -0 0
h  1134  -0 0.999939 0 -1 -0 0
SolidID  29   16 
h  530  -0 0.999939 0 -1 -0 0
h  531  -0 0.999939 0 -1 -0 0
h  532  -0 0.999939 0 -1 -0 0
h  533  -0 0.999939 0 -1 -0 0
h  534  -0 0.999939 0 -1 -0 0
h  535  -0 0.999939 0 -1 -0 0
h  536  -0 0.999939 0 -1 -0 0
h  537  -0 0.999939 0 -1 -0 0
h  538  -0 0.999939 0 -1 -0 0
h  539  -0 0.999939 0 -1 -0 0
h  540  -0 0.999939 0 -1 -0 0
h  541  -0 0.999939 0 -1 -0 0
h  542  -0 0.999939 0 -1 -0 0
h  543  -0 0.999939 0 -1 -0 0
h  544  -0 0.999939 0 -1 -0 0
h  545  -0 0.999939 0 -1 -0 0
SolidID  35   16 
h  294  -699801 0.999939 0 -1 -0 0
h  295  -712721 0.999939 0 -1 -0 0
h  296  -707326 0.999939 0 -1 -0 0
h  297  -704344 0.999939 0 -1 -0 0
h  298  -708074 0.999939 0 -1 -0 0
h  299  -704757 0.999939 0 -1 -0 0
h  300  -710156 0.999939 0 -1 -0 0
h  301  -701048 0.999939 0 -1 -0 0
h  302  -700060 0.999939 0 -1 -0 0
h  303  -701718 0.999939 0 -1 -0 0
h  304  -700334 0.999939 0 -1 -0 0
h  305  -715574 0.999939 0 -1 -0 0
h  306  -714687 0.999939 0 -1 -0 0
h  307  -702653 0.999939 0 -1 -0 0
h  308  -711930 0.999939 0 -1 -0 0
h  309  -714741 0.999939 0 -1 -0 0
SolidID  41   16 
h  59  -711686 0.999939 0 -1 -0 0
h  60  -704681 0.999939 0 -1 -0 0
h  61  -710038 0.999939 0 -1 -0 0
h  62  -701845 0.999939 0 -1 -0 0
h  63  -700349 0.999939 0 -1 -0 0
h  64  -712586 0.999939 0 -1 -0 0
h  65  -700035 0.999939 0 -1 -0 0
h  66  -701005 0.999939 0 -1 -0 0
h  67  -707230 0.999939 0 -1 -0 0
h  68  -704458 0.999939 0 -1 -0 0
h  69  -708131 0.999939 0 -1 -0 0
h  70  -715078 0.999939 0 -1 -0 0
h  71  -714165 0.999939 0 -1 -0 0
h  72  -714436 0.999939 0 -1 -0 0
h  73  -702593 0.999939 0 -1 -0 0
h  74  -699798 0.999939 0 -1 -0 0
SolidID  47   16 
h  75  -702586 0.999939 0 -1 -0 0
h  76  -707865 0.999939 0 -1 -0 0
h  77  -710051 0.999939 0 -1 -0 0
h  78  -701728 0.999939 0 -1 -0 0
h  79  -700319 0.999939 0 -1 -0 0
h  80  -712612 0.999939 0 -1 -0 0
h  81  -700024 0.999939 0 -1 -0 0
h  82  -701006 0.999939 0 -1 -0 0
h  83  -707231 0.999939 0 -1 -0 0
h  84  -704142 0.999939 0 -1 -0 0
h  85  -704670 0.999939 0 -1 -0 0
h  86  -715085 0.999939 0 -1 -0 0
h  87  -714082 0.999939 0 -1 -0 0
h  88  -714465 0.999939 0 -1 -0 0
h  89  -711472 0.999939 0 -1 -0 0
h  90  -699754 0.999939 0 -1 -0 0
SolidID  6   333 
h  91  -492345 0.999939 0 -1 -0 0
h  92  -492250 0.999939 0 -1 -0 0
h  93  -494007 0.999939 0 -1 -0 0
h  94  -494193 0.999939 0 -1 -0 0
h  95  -0 0.999939 0 -1 -0 0
h  96  -0 0.999939 0 -1 -0 0
h  97  -24149.3 0.999939 0 -1 -0 0
h  98  -24043.9 0.999939 0 -1 -0 0
h  99  -25511.1 0.999939 0 -1 -0 0
h  100  -25424.8 0.999939 0 -1 -0 0
h  101  -0 0.999939 0 -1 -0 0
h  102  -0 0.999939 0 -1 -0 0
h  103  -0 0.999939 0 -1 -0 0
h  104  -0 0.999939 0 -1 -0 0
h  105  -614394 0.999939 0 -1 -0 0
h  106  -615322 0.999939 0 -1 -0 0
h  107  -614364 0.999939 0 -1 -0 0
h  108  -615468 0.999939 0 -1 -0 0
h  109  -0 0.999939 0 -1 -0 0
h  110  -0 0.999939 0 -1 -0 0
h  111  -655618 0.999939 0 -1 -0 0
h  112  -655647 0.999939 0 -1 -0 0
h  113  -656626 0.999939 0 -1 -0 0
h  114  -656673 0.999939 0 -1 -0 0
h  115  -659658 0.999939 0 -1 -0 0
h  116  -659569 0.999939 0 -1 -0 0
h  117  -659751 0.999939 0 -1 -0 0
h  118  -659871 0.999939 0 -1 -0 0
h  119  -0 0.999939 0 -1 -0 0
h  120  -0 0.999939 0 -1 -0 0
h  121  -0 0.999939 0 -1 -0 0
h  122  -0 0.999939 0 -1 -0 0
h  123  -662546 0.999939 0 -1 -0 0
h  124  -662459 0.999939 0 -1 -0 0
h  125  -662508 0.999939 0 -1 -0 0
h  126  -662660 0.999939 0 -1 -0 0
h  127  -0 0.999939 0 -1 -0 0
h  128  -0 0.999939 0 -1 -0 0
h  129  -0 0.999939 0 -1 -0 0
h  130  -0 0.999939 0 -1 -0 0
h  131  -0 0.999939 0 -1 -0 0
h  132  -0 0.999939 0 -1 -0 0
h  133  -0 0.999939 0 -1 -0 0
h  134  -0 0.999939 0 -1 -0 0
h  135  -677629 0.999939 0 -1 -0 0
h  136  -677605 0.999939 0 -1 -0 0
h  137  -677682 0.999939 0 -1 -0 0
h  138  -677487 0.999939 0 -1 -0 0
h  139  -0 0.999939 0 -1 -0 0
h  140  -0 0.999939 0 -1 -0 0
h  141  -0 0.999939 0 -1 -0 0
h  142  -0 0.999939 0 -1 -0 0
h  143  -677942 0.999939 0 -1 -0 0
h  144  -677988 0.999939 0 -1 -0 0
h  145  -686779 0.999939 0 -1 -0 0
h  146  -686841 0.999939 0 -1 -0 0
h  147  -686755 0.999939 0 -1 -0 0
h  148  -686914 0.999939 0 -1 -0 0
h  149  -678036 0.999939 0 -1 -0 0
h  150  -677754 0.999939 0 -1 -0 0
h  151  -677880 0.999939 0 -1 -0 0
h  152  -677887 0.999939 0 -1 -0 0
h  153  -678019 0.999939 0 -1 -0 0
h  154  -677259 0.999939 0 -1 -0 0
h  155  -685106 0.999939 0 -1 -0 0
h  156  -0 0.999939 0 -1 -0 0
h  157  -0 0.999939 0 -1 -0 0
h  158  -0 0.999939 0 -1 -0 0
h  159  -0 0.999939 0 -1 -0 0
h  160  -0 0.999939 0 -1 -0 0
h  161  -0 0.999939 0 -1 -0 0
h  162  -0 0.999939 0 -1 -0 0
h  163  -0 0.999939 0 -1 -0 0
h  164  -0 0.999939 0 -1 -0 0
h  165  -0 0.999939 0 -1 -0 0
h  166  -0 0.999939 0 -1 -0 0
h  167  -0 0.999939 0 -1 -0 0
h  168  -685157 0.999939 0 -1 -0 0
h  169  -685180 0.999939 0 -1 -0 0
h  170  -685289 0.999939 0 -1 -0 0
h  171  -682799 0.999939 0 -1 -0 0
h  172  -691500 0.999939 0 -1 -0 0
h  173  -684432 0.999939 0 -1 -0 0
h  174  -684430 0.999939 0 -1 -0 0
h  175  -684505 0.999939 0 -1 -0 0
h  176  -691227 0.999939 0 -1 -0 0
h  177  -691259 0.999939 0 -1 -0 0
h  178  -691323 0.999939 0 -1 -0 0
h  179  -682574 0.999939 0 -1 -0 0
h  180  -687923 0.999939 0 -1 -0 0
h  181  -0 0.999939 0 -1 -0 0
h  182  -726159 0.999939 0 -1 -0 0
h  183  -726158 0.999939 0 -1 -0 0
h  184  -0 0.999939 0 -1 -0 0
h  185  -0 0.999939 0 -1 -0 0
h  186  -0 0.999939 0 -1 -0 0
h  187  -0 0.999939 0 -1 -0 0
h  188  -0 0.999939 0 -1 -0 0
h  189  -727185 0.999939 0 -1 -0 0
h  190  -726210 0.999939 0 -1 -0 0
h  191  -696916 0.999939 0 -1 -0 0
h  192  -696911 0.999939 0 -1 -0 0
h  193  -691099 0.999939 0 -1 -0 0
h  194  -688410 0.999939 0 -1 -0 0
h  195  -688426 0.999939 0 -1 -0 0
h  196  -688516 0.999939 0 -1 -0 0
h  197  -730432 0.999939 0 -1 -0 0
h  198  -730430 0.999939 0 -1 -0 0
h  199  -698710 0.999939 0 -1 -0 0
h  200  -698681 0.999939 0 -1 -0 0
h  201  -698735 0.999939 0 -1 -0 0
h  202  -689714 0.999939 0 -1 -0 0
h  203  -701435 0.999939 0 -1 -0 0
h  204  -701137 0.999939 0 -1 -0 0
h  205  -698839 0.999939 0 -1 -0 0
h  206  -693018 0.999939 0 -1 -0 0
h  207  -693722 0.999939 0 -1 -0 0
h  208  -714733 0.999939 0 -1 -0 0
h  209  -714736 0.999939 0 -1 -0 0
h  210  -694593 0.999939 0 -1 -0 0
h  211  -694614 0.999939 0 -1 -0 0
h  212  -694645 0.999939 0 -1 -0 0
h  213  -0 0.999939 0 -1 -0 0
h  214  -720021 0.999939 0 -1 -0 0
h  215  -720019 0.999939 0 -1 -0 0
h  216  -727266 0.999939 0 -1 -0 0
h  217  -727267 0.999939 0 -1 -0 0
h  218  -714442 0.999939 0 -1 -0 0
h  219  -706907 0.999939 0 -1 -0 0
h  220  -706910 0.999939 0 -1 -0 0
h  221  -713936 0.999939 0 -1 -0 0
h  222  -0 0.999939 0 -1 -0 0
h  223  -0 0.999939 0 -1 -0 0
h  224  -0 0.999939 0 -1 -0 0
h  225  -0 0.999939 0 -1 -0 0
h  226  -0 0.999939 0 -1 -0 0
h  227  -0 0.999939 0 -1 -0 0
h  228  -0 0.999939 0 -1 -0 0
h  229  -0 0.999939 0 -1 -0 0
h  230  -692054 0.999939 0 -1 -0 0
h  231  -0 0.999939 0 -1 -0 0
h  232  -0 0.999939 0 -1 -0 0
h  233  -0 0.999939 0 -1 -0 0
h  234  -0 0.999939 0 -1 -0 0
h  235  -705097 0.999939 0 -1 -0 0
h  236  -705142 0.999939 0 -1 -0 0
h  237  -705148 0.999939 0 -1 -0 0
h  238  -705113 0.999939 0 -1 -0 0
h  239  -693063 0.999939 0 -1 -0 0
h  240  -702854 0.999939 0 -1 -0 0
h  241  -702896 0.999939 0 -1 -0 0
h  242  -702902 0.999939 0 -1 -0 0
h  243  -702861 0.999939 0 -1 -0 0
h  244  -697994 0.999939 0 -1 -0 0
h  245  -698026 0.999939 0 -1 -0 0
h  246  -698042 0.999939 0 -1 -0 0
h  247  -700031 0.999939 0 -1 -0 0
h  248  -699772 0.999939 0 -1 -0 0
h  249  -704056 0.999939 0 -1 -0 0
h  250  -703792 0.999939 0 -1 -0 0
h  251  -724718 0.999939 0 -1 -0 0
h  252  -724720 0.999939 0 -1 -0 0
h  253  -723170 0.999939 0 -1 -0 0
h  254  -723171 0.999939 0 -1 -0 0
h  255  -694827 0.999939 0 -1 -0 0
h  256  -698078 0.999939 0 -1 -0 0
h  257  -723964 0.999939 0 -1 -0 0
h  258  -724306 0.999939 0 -1 -0 0
h  259  -725125 0.999939 0 -1 -0 0
h  260  -724712 0.999939 0 -1 -0 0
h  261  -697485 0.999939 0 -1 -0 0
h  262  -697486 0.999939 0 -1 -0 0
h  263  -695403 0.999939 0 -1 -0 0
h  264  -695403 0.999939 0 -1 -0 0
h  265  -696802 0.999939 0 -1 -0 0
h  266  -694352 0.999939 0 -1 -0 0
h  267  -694931 0.999939 0 -1 -0 0
h  268  -694935 0.999939 0 -1 -0 0
h  269  -693935 0.999939 0 -1 -0 0
h  270  -694949 0.999939 0 -1 -0 0
h  271  -695865 0.999939 0 -1 -0 0
h  272  -695882 0.999939 0 -1 -0 0
h  273  -695897 0.999939 0 -1 -0 0
h  274  -721183 0.999939 0 -1 -0 0
h  275  -721185 0.999939 0 -1 -0 0
h  276  -718004 0.999939 0 -1 -0 0
h  277  -718006 0.999939 0 -1 -0 0
h  739  -0 0.999939 0 -1 -0 0
h  740  -0 0.999939 0 -1 -0 0
h  741  -0 0.999939 0 -1 -0 0
h  742  -0 0.999939 0 -1 -0 0
h  743  -0 0.999939 0 -1 -0 0
h  744  -0 0.999939 0 -1 -0 0
h  745  -0 0.999939 0 -1 -0 0
h  746  -0 0.999939 0 -1 -0 0
h  747  -0 0.999939 0 -1 -0 0
h  748  -0 0.999939 0 -1 -0 0
h  749  -0 0.999939 0 -1 -0 0
h  750  -0 0.999939 0 -1 -0 0
h  751  -0 0.999939 0 -1 -0 0
h  752  -0 0.999939 0 -1 -0 0
h  759  -0 0.999939 0 -1 -0 0
h  760  -0 0.999939 0 -1 -0 0
h  761  -0 0.999939 0 -1 -0 0
h  762  -0 0.999939 0 -1 -0 0
h  763  -0 0.999939 0 -1 -0 0
h  764  -0 0.999939 0 -1 -0 0
h  765  -0 0.999939 0 -1 -0 0
h  766  -0 0.999939 0 -1 -0 0
h  767  -0 0.999939 0 -1 -0 0
h  768  -0 0.999939 0 -1 -0 0
h  776  -0 0.999939 0 -1 -0 0
h  777  -0 0.999939 0 -1 -0 0
h  778  -0 0.999939 0 -1 -0 0
h  779  -0 0.999939 0 -1 -0 0
h  780  -0 0.999939 0 -1 -0 0
h  781  -0 0.999939 0 -1 -0 0
h  782  -0 0.999939 0 -1 -0 0
h  783  -0 0.999939 0 -1 -0 0
h  784  -0 0.999939 0 -1 -0 0
h  785  -0 0.999939 0 -1 -0 0
h  814  -226541 0.999939 0 -1 -0 0
h  815  -379721 0.999939 0 -1 -0 0
h  816  -79959.7 0.999939 0 -1 -0 0
h  817  -260151 0.999939 0 -1 -0 0
h  818  -222709 0.999939 0 -1 -0 0
h  819  -356700 0.999939 0 -1 -0 0
h  820  -226454 0.999939 0 -1 -0 0
h  821  -379700 0.999939 0 -1 -0 0
h  822  -79649.4 0.999939 0 -1 -0 0
h  823  -259221 0.999939 0 -1 -0 0
h  824  -222550 0.999939 0 -1 -0 0
h  825  -356727 0.999939 0 -1 -0 0
h  830  -385539 0.999939 0 -1 -0 0
h  831  -234545 0.999939 0 -1 -0 0
h  832  -305023 0.999939 0 -1 -0 0
h  833  -278847 0.999939 0 -1 -0 0
h  834  -82808.6 0.999939 0 -1 -0 0
h  838  -385645 0.999939 0 -1 -0 0
h  839  -234643 0.999939 0 -1 -0 0
h  840  -305082 0.999939 0 -1 -0 0
h  841  -278868 0.999939 0 -1 -0 0
h  842  -82833.4 0.999939 0 -1 -0 0
h  846  -0 0.999939 0 -1 -0 0
h  847  -0 0.999939 0 -1 -0 0
h  851  -0 0.999939 0 -1 -0 0
h  852  -0 0.999939 0 -1 -0 0
h  856  -642919 0.999939 0 -1 -0 0
h  858  -518005 0.999939 0 -1 -0 0
h  859  -509190 0.999939 0 -1 -0 0
h  862  -642808 0.999939 0 -1 -0 0
h  864  -517849 0.999939 0 -1 -0 0
h  865  -508832 0.999939 0 -1 -0 0
h  868  -644147 0.999939 0 -1 -0 0
h  870  -515584 0.999939 0 -1 -0 0
h  871  -525123 0.999939 0 -1 -0 0
h  874  -644171 0.999939 0 -1 -0 0
h  876  -515619 0.999939 0 -1 -0 0
h  877  -525195 0.999939 0 -1 -0 0
h  880  -0 0.999939 0 -1 -0 0
h  881  -0 0.999939 0 -1 -0 0
h  882  -0 0.999939 0 -1 -0 0
h  883  -0 0.999939 0 -1 -0 0
h  884  -0 0.999939 0 -1 -0 0
h  885  -0 0.999939 0 -1 -0 0
h  886  -0 0.999939 0 -1 -0 0
h  887  -0 0.999939 0 -1 -0 0
h  1018  -699165 0.999939 0 -1 -0 0
h  1021  -698075 0.999939 0 -1 -0 0
h  1022  -702600 0.999939 0 -1 -0 0
h  1023  -718468 0.999939 0 -1 -0 0
h  1024  -717709 0.999939 0 -1 -0 0
h  1025  -707736 0.999939 0 -1 -0 0
h  1026  -708584 0.999939 0 -1 -0 0
h  1030  -699080 0.999939 0 -1 -0 0
h  1034  -718515 0.999939 0 -1 -0 0
h  1035  -698025 0.999939 0 -1 -0 0
h  1036  -702536 0.999939 0 -1 -0 0
h  1037  -717745 0.999939 0 -1 -0 0
h  1038  -707683 0.999939 0 -1 -0 0
h  1039  -708584 0.999939 0 -1 -0 0
h  1044  -699180 0.999939 0 -1 -0 0
h  1047  -698101 0.999939 0 -1 -0 0
h  1048  -702618 0.999939 0 -1 -0 0
h  1049  -718471 0.999939 0 -1 -0 0
h  1050  -717712 0.999939 0 -1 -0 0
h  1051  -707742 0.999939 0 -1 -0 0
h  1052  -708595 0.999939 0 -1 -0 0
h  1056  -699070 0.999939 0 -1 -0 0
h  1060  -718535 0.999939 0 -1 -0 0
h  1061  -698075 0.999939 0 -1 -0 0
h  1062  -702551 0.999939 0 -1 -0 0
h  1063  -717783 0.999939 0 -1 -0 0
h  1064  -707713 0.999939 0 -1 -0 0
h  1065  -708631 0.999939 0 -1 -0 0
h  1066  -688083 0.999939 0 -1 -0 0
h  1069  -691592 0.999939 0 -1 -0 0
h  1070  -691702 0.999939 0 -1 -0 0
h  1071  -690385 0.999939 0 -1 -0 0
h  1072  -683976 0.999939 0 -1 -0 0
h  1082  -689012 0.999939 0 -1 -0 0
h  1085  -691904 0.999939 0 -1 -0 0
h  1086  -692065 0.999939 0 -1 -0 0
h  1087  -684275 0.999939 0 -1 -0 0
h  1088  -690749 0.999939 0 -1 -0 0
h  1098  -689028 0.999939 0 -1 -0 0
h  1101  -691918 0.999939 0 -1 -0 0
h  1102  -692079 0.999939 0 -1 -0 0
h  1103  -684316 0.999939 0 -1 -0 0
h  1104  -690776 0.999939 0 -1 -0 0
h  1105  -729019 0.999939 0 -1 -0 0
h  1108  -723104 0.999939 0 -1 -0 0
h  1109  -724673 0.999939 0 -1 -0 0
h  1110  -720893 0.999939 0 -1 -0 0
h  1114  -729343 0.999939 0 -1 -0 0
h  1117  -723250 0.999939 0 -1 -0 0
h  1118  -724727 0.999939 0 -1 -0 0
h  1119  -720996 0.999939 0 -1 -0 0
h  1120  -0 0.999939 0 -1 -0 0
h  1121  -0 0.999939 0 -1 -0 0
h  1122  -0 0.999939 0 -1 -0 0
h  1123  -0 0.999939 0 -1 -0 0
h  1124  -0 0.999939 0 -1 -0 0
h  1125  -0 0.999939 0 -1 -0 0
h  1126  -0 0.999939 0 -1 -0 0
h  1127  -0 0.999939 0 -1 -0 0
h  1128  -0 0.999939 0 -1 -0 0
h  1129  -0 0.999939 0 -1 -0 0
h  1130  -0 0.999939 0 -1 -0 0
h  1131  -0 0.999939 0 -1 -0 0
h  1132  -0 0.999939 0 -1 -0 0
h  1133  -0 0.999939 0 -1 -0 0
h  1134  -0 0.999939 0 -1 -0 0
SolidID  29   16 
h  530  -0 0.999939 0 -1 -0 0
h  531  -0 0.999939 0 -1 -0 0
h  532  -0 0.999939 0 -1 -0 0
h  533  -0 0.999939 0 -1 -0 0
h  534  -0 0.999939 0 -1 -0 0
h  535  -0 0.999939 0 -1 -0 0
h  536  -0 0.999939 0 -1 -0 0
h  537  -0 0.999939 0 -1 -0 0
h  538  -0 0.999939 0 -1 -0 0
h  539  -0 0.999939 0 -1 -0 0
h  540  -0 0.999939 0 -1 -0 0
h  541  -0 0.999939 0 -1 -0 0
h  542  -0 0.999939 0 -1 -0 0
h  543  -0 0.999939 0 -1 -0 0
h  544  -0 0.999939 0 -1 -0 0
h  545  -0 0.999939 0 -1 -0 0
SolidID  35   16 
h  294  -699801 0.999939 0 -1 -0 0
h  295  -712721 0.999939 0 -1 -0 0
h  296  -707326 0.999939 0 -1 -0 0
h  297  -704344 0.999939 0 -1 -0 0
h  298  -708074 0.999939 0 -1 -0 0
h  299  -704757 0.999939 0 -1 -0 0
h  300  -710156 0.999939 0 -1 -0 0
h  301  -701048 0.999939 0 -1 -0 0
h  302  -700060 0.999939 0 -1 -0 0
h  303  -701718 0.999939 0 -1 -0 0
h  304  -700334 0.999939 0 -1 -0 0
h  305  -715574 0.999939 0 -1 -0 0
h  306  -714687 0.999939 0 -1 -0 0
h  307  -702653 0.999939 0 -1 -0 0
h  308  -711930 0.999939 0 -1 -0 0
h  309  -714741 0.999939 0 -1 -0 0
SolidID  41   16 
h  59  -711686 0.999939 0 -1 -0 0
h  60  -704681 0.999939 0 -1 -0 0
h  61  -710038 0.999939 0 -1 -0 0
h  62  -701845 0.999939 0 -1 -0 0
h  63  -700349 0.999939 0 -1 -0 0
h  64  -712586 0.999939 0 -1 -0 0
h  65  -700035 0.999939 0 -1 -0 0
h  66  -701005 0.999939 0 -1 -0 0
h  67  -707230 0.999939 0 -1 -0 0
h  68  -704458 0.999939 0 -1 -0 0
h  69  -708131 0.999939 0 -1 -0 0
h  70  -715078 0.999939 0 -1 -0 0
h  71  -714165 0.999939 0 -1 -0 0
h  72  -714436 0.999939 0 -1 -0 0
h  73  -702593 0.999939 0 -1 -0 0
h  74  -699798 0.999939 0 -1 -0 0
SolidID  47   16 
h  75  -702586 0.999939 0 -1 -0 0
h  76  -707865 0.999939 0 -1 -0 0
h  77  -710051 0.999939 0 -1 -0 0
h  78  -701728 0.999939 0 -1 -0 0
h  79  -700319 0.999939 0 -1 -0 0
h  80  -712612 0.999939 0 -1 -0 0
h  81  -700024 0.999939 0 -1 -0 0
h  82  -701006 0.999939 0 -1 -0 0
h  83  -707231 0.999939 0 -1 -0 0
h  84  -704142 0.999939 0 -1 -0 0
h  85  -704670 0.999939 0 -1 -0 0
h  86  -715085 0.999939 0 -1 -0 0
h  87  -714082 0.999939 0 -1 -0 0
h  88  -714465 0.999939 0 -1 -0 0
h  89  -711472 0.999939 0 -1 -0 0
h  90  -699754 0.999939 0 -1 -0 0
SolidID  53   16 
h  278  -714739 0.999939 0 -1 -0 0
h  279  -700333 0.999939 0 -1 -0 0
h  280  -704342 0.999939 0 -1 -0 0
h  281  -707324 0.999939 0 -1 -0 0
h  282  -708072 0.999939 0 -1 -0 0
h  283  -704755 0.999939 0 -1 -0 0
h  284  -701717 0.999939 0 -1 -0 0
h  285  -710153 0.999939 0 -1 -0 0
h  286  -700057 0.999939 0 -1 -0 0
h  287  -701046 0.999939 0 -1 -0 0
h  288  -712719 0.999939 0 -1 -0 0
h  289  -714686 0.999939 0 -1 -0 0
h  290  -715572 0.999939 0 -1 -0 0
h  291  -699799 0.999939 0 -1 -0 0
h  292  -702650 0.999939 0 -1 -0 0
h  293  -711928 0.999939 0 -1 -0 0
E_DATA
B_MESH_DATA
Dim 2 
NumPts 241 
NumElems 413 
1   0.00046194   -0.000191342    0
2   0   0    0
3   0.0005   0    0
4   0   -0.0005    0
5   -0.000191342   -0.00046194    0
6   0.000191342   -0.00046194    0
7   0   0.0005    0
8   0.000191342   0.00046194    0
9   -0.00046194   0.000191342    0
10   -0.0005   0    0
11   -0.000353553   0.000353553    0
12   -0.000353553   -0.000353553    0
13   -0.00046194   -0.000191342    0
14   0.00046194   0.000191342    0
15   0.000353553   0.000353553    0
16   -0.000191342   0.00046194    0
17   0.000353553   -0.000353553    0
18   -0.0191913   0.00253806    0
19   -0.0193536   0.00264645    0
20   -0.019   0.003    0
21   -0.0185381   0.00319134    0
22   -0.0186464   0.00335355    0
23   -0.0185381   0.00280866    0
24   -0.0185   0.003    0
25   -0.0195   0.003    0
26   -0.0194619   0.00319134    0
27   -0.0193536   0.00335355    0
28   -0.0186464   0.00264645    0
29   -0.019   0.0025    0
30   -0.0188087   0.00253806    0
31   -0.0194619   0.00280866    0
32   -0.0188087   0.00346194    0
33   -0.019   0.0035    0
34   -0.0191913   0.00346194    0
35   0.0188087   -0.00346194    0
36   0.0186464   -0.00335355    0
37   0.019   -0.003    0
38   0.0194619   -0.00280866    0
39   0.0193536   -0.00264645    0
40   0.0195   -0.003    0
41   0.0194619   -0.00319134    0
42   0.0185381   -0.00280866    0
43   0.0185   -0.003    0
44   0.0193536   -0.00335355    0
45   0.0186464   -0.00264645    0
46   0.0185381   -0.00319134    0
47   0.0191913   -0.00253806    0
48   0.019   -0.0025    0
49   0.0188087   -0.00253806    0
50   0.0191913   -0.00346194    0
51   0.019   -0.0035    0
52   0.0122872   -9.9324e-05    0
53   0.0136695   0.00209724    0
54   0.0156146   -1.77949e-05    0
55   -0.0122866   9.84594e-05    0
56   -0.0136685   -0.00209833    0
57   -0.0156109   1.22478e-05    0
58   -0.0136654   0.00216612    0
59   0.0136661   -0.00216702    0
60   0.0108434   0.00204768    0
61   0.00932781   -0.000361583    0
62   0.00809979   0.00227818    0
63   -0.0108432   -0.00204787    0
64   -0.0093277   0.000361471    0
65   -0.00809977   -0.0022782    0
66   0.0108137   -0.00242839    0
67   -0.0108135   0.00242822    0
68   0.00213698   0.00167564    0
69   0.00172475   0.004    0
70   0.00445878   0.004    0
71   -0.00213698   -0.00167564    0
72   -0.00172475   -0.004    0
73   -0.00445878   -0.004    0
74   -0.00213698   0.00168472    0
75   -0.00445878   0.004    0
76   -0.00172475   0.004    0
77   0.00213698   -0.00168472    0
78   0.00445878   -0.004    0
79   0.00172475   -0.004    0
80   0.0162659   0.00236746    0
81   -0.0162618   0.00237855    0
82   -0.0162621   -0.00237057    0
83   0.0162628   -0.00238025    0
84   0.01   0.004    0
85   -0.01   -0.004    0
86   0.0152937   0.004    0
87   -0.0152937   -0.004    0
88   -0.0152937   0.004    0
89   0.0152937   -0.004    0
90   0.0175053   0.00136899    0
91   -0.0174857   -0.00138262    0
92   -0.0174857   0.00138499    0
93   0.0174884   -0.00139223    0
94   0.00346513   -4.13823e-05    0
95   0.00139798   -3.72798e-06    0
96   -0.00346513   4.13817e-05    0
97   -0.00139798   3.72795e-06    0
98   0.0180153   -2.701e-05    0
99   -0.0180056   9.89457e-07    0
100   0.000774773   0.00154661    0
101   -0.000774773   -0.00154661    0
102   0.000774773   -0.00154726    0
103   -0.000774773   0.00154726    0
104   0   0.00267957    0
105   0   -0.00267957    0
106   -0.0188095   -0.00120225    0
107   -0.02   0    0
108   -0.0188095   0.00120247    0
109   0.02   -5.58436e-05    0
110   0.0188118   -0.00121841    0
111   0.0188534   0.00113319    0
112   0   0.004    0
113   0   -0.004    0
114   -0.02   0.0016728    0
115   -0.02   -0.0016728    0
116   0.0179395   0.00261664    0
117   -0.0179285   0.00261737    0
118   -0.0179285   -0.00261682    0
119   0.0179291   -0.00261862    0
120   0.02   -0.001681    0
121   0.02   0.00134084    0
122   0.0185377   0.00211314    0
123   0   0.00117155    0
124   0   -0.00117155    0
125   0.00102345   0.000725765    0
126   -0.00102345   -0.000725765    0
127   0.00102345   -0.000727271    0
128   -0.00102345   0.000727271    0
129   -0.0184405   -0.002078    0
130   -0.0184405   0.00207815    0
131   0.0184415   -0.00208189    0
132   0.0192478   0.00208059    0
133   -0.0190348   -0.00208625    0
134   -0.0190348   0.00208626    0
135   0.0190354   -0.00209027    0
136   0.02   0.00234087    0
137   -0.0186464   0.004    0
138   -0.017684   0.004    0
139   0.0186464   -0.004    0
140   0.017684   -0.004    0
141   -0.0191913   -0.00346194    0
142   -0.019   -0.004    0
143   -0.02   -0.004    0
144   0.0191913   0.00346194    0
145   0.019   0.004    0
146   0.02   0.004    0
147   -0.02   0.003    0
148   -0.02   0.004    0
149   0.02   -0.003    0
150   0.02   -0.004    0
151   0.0195   0.003    0
152   0.02   0.00340176    0
153   -0.0192442   0.00366996    0
154   0.0192442   -0.00366996    0
155   -0.0186464   -0.00264645    0
156   0.0193536   0.00264645    0
157   0.0193536   0.00335355    0
158   -0.02   -0.00340903    0
159   -0.0193536   -0.00335355    0
160   0.0186464   0.00264645    0
161   -0.02   -0.00280866    0
162   -0.0195   -0.003    0
163   0.019   0.0025    0
164   -0.0188087   -0.00253806    0
165   0.0194619   0.00280866    0
166   -0.0185381   -0.00280866    0
167   -0.0185   -0.003    0
168   0.0185381   0.00280866    0
169   0.0185   0.003    0
170   -0.0194619   -0.00319134    0
171   0.0194619   0.00319134    0
172   -0.0194619   -0.00280866    0
173   0.0188087   0.00253806    0
174   -0.019   -0.0035    0
175   0.019   0.0035    0
176   0.0188087   0.00346194    0
177   -0.0188087   -0.00346194    0
178   0.0191913   0.00253806    0
179   -0.0191913   -0.00253806    0
180   -0.019   -0.0025    0
181   0.00535878   -0.00215716    0
182   0.00787303   -0.004    0
183   0.00625879   -0.000314318    0
184   0.00706591   -0.00215716    0
185   -0.00535878   0.00215715    0
186   -0.00787303   0.004    0
187   -0.00625878   0.000314308    0
188   -0.0070659   0.00215715    0
189   0.00893978   -0.00229278    0
190   0.01   -0.004    0
191   -0.00893971   0.00229269    0
192   -0.01   0.004    0
193   -0.00535878   -0.00184285    0
194   -0.00787303   -0.004    0
195   0.00535878   0.00184284    0
196   0.00787303   0.004    0
197   0.0122565   0.00207246    0
198   0.0113486   0.00302384    0
199   0.0118537   0.004    0
200   -0.0122559   -0.0020731    0
201   -0.0113485   -0.00302394    0
202   -0.0118537   -0.004    0
203   -0.0122395   0.00229717    0
204   -0.0118537   0.004    0
205   -0.0109269   0.004    0
206   0.0122399   -0.00229771    0
207   0.0118537   -0.004    0
208   0.0109269   -0.004    0
209   0.00893652   0.004    0
210   -0.00893652   -0.004    0
211   -0.0135737   -0.004    0
212   0.0135737   0.004    0
213   -0.0135737   0.004    0
214   0.0135737   -0.004    0
215   -0.00717927   -0.000981947    0
216   0.00717929   0.00098193    0
217   -0.0164888   0.004    0
218   -0.0172087   0.00330868    0
219   -0.0164888   -0.004    0
220   -0.0172087   -0.00330841    0
221   -0.017684   -0.004    0
222   -0.0185381   -0.00319134    0
223   0.0164888   -0.004    0
224   0.017209   -0.00330931    0
225   0.0164889   0.004    0
226   0.0172142   0.00330832    0
227   0.0176841   0.004    0
228   0.0185381   0.00319134    0
229   -0.02   -0.00224073    0
230   -0.0193536   -0.00264645    0
231   -0.02   0.0023364    0
232   0.02   -0.0023405    0
233   -0.018342   -0.004    0
234   -0.0186464   -0.00335355    0
235   0.0183421   0.004    0
236   0.0186464   0.00335355    0
237   0.000564163   -0.000950405    0
238   -0.000564163   0.000950405    0
239   -0.000564163   -0.000950081    0
240   -0.019   -0.003    0
241   0.019   0.003    0
530  29  1  2  3 
531  29  4  5  2 
532  29  4  2  6 
533  29  7  8  2 
534  29  9  2  10 
535  29  9  11  2 
536  29  12  13  2 
537  29  14  3  2 
538  29  15  14  2 
539  29  15  2  8 
540  29  11  16  2 
541  29  7  2  16 
542  29  13  10  2 
543  29  1  17  2 
544  29  17  6  2 
545  29  12  2  5 
294  35  18  19  20 
295  35  21  20  22 
296  35  23  20  24 
297  35  25  26  20 
298  35  26  27  20 
299  35  23  28  20 
300  35  21  24  20 
301  35  29  20  30 
302  35  18  20  29 
303  35  31  25  20 
304  35  31  20  19 
305  35  32  20  33 
306  35  34  33  20 
307  35  28  30  20 
308  35  34  20  27 
309  35  32  22  20 
278  53  35  36  37 
279  53  38  37  39 
280  53  40  41  37 
281  53  42  37  43 
282  53  41  44  37 
283  53  42  45  37 
284  53  38  40  37 
285  53  46  43  37 
286  53  47  37  48 
287  53  48  37  49 
288  53  46  37  36 
289  53  50  51  37 
290  53  35  37  51 
291  53  47  39  37 
292  53  45  49  37 
293  53  50  37  44 
91  6  52  53  54 
92  6  55  56  57 
93  6  55  57  58 
94  6  52  54  59 
95  6  60  61  62 
96  6  63  64  65 
97  6  52  61  60 
98  6  55  64  63 
99  6  52  66  61 
100  6  55  67  64 
101  6  68  69  70 
102  6  71  72  73 
103  6  74  75  76 
104  6  77  78  79 
105  6  54  53  80 
106  6  58  57  81 
107  6  57  56  82 
108  6  59  54  83 
109  6  84  60  62 
110  6  85  63  65 
111  6  86  80  53 
112  6  87  82  56 
113  6  88  58  81 
114  6  89  59  83 
115  6  90  54  80 
116  6  91  57  82 
117  6  92  81  57 
118  6  93  83  54 
119  6  94  95  68 
120  6  96  97  71 
121  6  94  77  95 
122  6  96  74  97 
123  6  98  54  90 
124  6  99  57  91 
125  6  92  57  99 
126  6  93  54  98 
127  6  69  68  100 
128  6  72  71  101 
129  6  79  102  77 
130  6  76  103  74 
131  6  69  100  104 
132  6  72  101  105 
133  6  76  104  103 
134  6  79  105  102 
135  6  99  106  107 
136  6  99  107  108 
137  6  98  109  110 
138  6  98  111  109 
139  6  112  104  76 
140  6  112  69  104 
141  6  113  72  105 
142  6  113  105  79 
143  6  108  107  114 
144  6  107  106  115 
145  6  80  116  90 
146  6  81  92  117 
147  6  82  118  91 
148  6  83  93  119 
149  6  110  109  120 
150  6  98  90  111 
151  6  99  91  106 
152  6  99  108  92 
153  6  98  110  93 
154  6  109  111  121 
155  6  111  90  122 
156  6  123  104  100 
157  6  124  102  105 
158  6  123  103  104 
159  6  124  105  101 
160  6  125  68  95 
161  6  126  71  97 
162  6  127  95  77 
163  6  128  97  74 
164  6  127  77  102 
165  6  128  74  103 
166  6  125  100  68 
167  6  126  101  71 
168  6  106  91  129 
169  6  130  92  108 
170  6  131  93  110 
171  6  132  121  111 
172  6  122  90  116 
173  6  133  115  106 
174  6  134  108  114 
175  6  135  110  120 
176  6  129  91  118 
177  6  92  130  117 
178  6  93  131  119 
179  6  136  121  132 
180  6  111  122  132 
181  6  15  100  125 
182  6  22  137  138 
183  6  36  139  140 
184  6  100  8  123 
185  6  14  125  95 
186  6  13  126  97 
187  6  1  95  127 
188  6  9  97  128 
189  6  141  142  143 
190  6  144  145  146 
191  6  26  147  148 
192  6  41  149  150 
193  6  136  151  152 
194  6  106  129  133 
195  6  108  134  130 
196  6  110  135  131 
197  6  148  137  153 
198  6  150  139  154 
199  6  28  117  130 
200  6  155  129  118 
201  6  45  119  131 
202  6  156  136  132 
203  6  146  152  157 
204  6  143  158  159 
205  6  160  122  116 
206  6  161  162  158 
207  6  163  132  122 
208  6  150  154  44 
209  6  148  153  27 
210  6  164  133  129 
211  6  134  30  130 
212  6  135  49  131 
213  6  15  8  100 
214  6  21  22  138 
215  6  46  36  140 
216  6  51  154  139 
217  6  33  153  137 
218  6  143  159  141 
219  6  150  44  41 
220  6  148  27  26 
221  6  146  157  144 
222  6  1  3  95 
223  6  9  10  97 
224  6  14  95  3 
225  6  13  97  10 
226  6  1  127  17 
227  6  9  128  11 
228  6  15  125  14 
229  6  12  126  13 
230  6  165  136  156 
231  6  4  6  124 
232  6  4  124  5 
233  6  7  123  8 
234  6  7  16  123 
235  6  166  118  167 
236  6  23  24  117 
237  6  42  43  119 
238  6  168  116  169 
239  6  136  165  151 
240  6  155  118  166 
241  6  23  117  28 
242  6  42  119  45 
243  6  160  116  168 
244  6  155  164  129 
245  6  28  130  30 
246  6  45  131  49 
247  6  162  170  158 
248  6  151  171  152 
249  6  170  159  158 
250  6  157  152  171 
251  6  35  51  139 
252  6  32  33  137 
253  6  35  139  36 
254  6  32  137  22 
255  6  161  172  162 
256  6  160  173  122 
257  6  141  174  142 
258  6  144  175  145 
259  6  176  145  175 
260  6  177  142  174 
261  6  41  40  149 
262  6  26  25  147 
263  6  147  25  31 
264  6  149  40  38 
265  6  163  122  173 
266  6  163  178  132 
267  6  179  133  180 
268  6  18  29  134 
269  6  156  132  178 
270  6  47  48  135 
271  6  180  133  164 
272  6  29  30  134 
273  6  48  49  135 
274  6  50  154  51 
275  6  34  153  33 
276  6  50  44  154 
277  6  34  27  153 
739  6  78  181  182 
740  6  183  181  94 
741  6  181  78  77 
742  6  77  94  181 
743  6  184  183  61 
744  6  183  184  181 
745  6  184  182  181 
746  6  75  185  186 
747  6  187  185  96 
748  6  185  75  74 
749  6  74  96  185 
750  6  188  187  64 
751  6  187  188  185 
752  6  188  186  185 
759  6  66  189  61 
760  6  189  184  61 
761  6  184  189  182 
762  6  189  66  190 
763  6  190  182  189 
764  6  67  191  64 
765  6  191  188  64 
766  6  188  191  186 
767  6  191  67  192 
768  6  192  186  191 
776  6  193  187  96 
777  6  193  73  194 
778  6  194  65  193 
779  6  193  96  71 
780  6  71  73  193 
781  6  195  183  94 
782  6  195  70  196 
783  6  196  62  195 
784  6  195  94  68 
785  6  68  70  195 
814  6  60  197  52 
815  6  197  53  52 
816  6  198  60  84 
817  6  199  198  84 
818  6  60  198  197 
819  6  198  199  197 
820  6  63  200  55 
821  6  200  56  55 
822  6  201  63  85 
823  6  202  201  85 
824  6  63  201  200 
825  6  201  202  200 
830  6  58  203  55 
831  6  203  67  55 
832  6  67  203  204 
833  6  204  205  67 
834  6  205  192  67 
838  6  59  206  52 
839  6  206  66  52 
840  6  66  206  207 
841  6  207  208  66 
842  6  208  190  66 
846  6  196  209  62 
847  6  209  84  62 
851  6  194  210  65 
852  6  210  85  65 
856  6  211  87  56 
858  6  211  56  200 
859  6  200  202  211 
862  6  212  86  53 
864  6  212  53  197 
865  6  197  199  212 
868  6  88  213  58 
870  6  213  204  203 
871  6  203  58  213 
874  6  89  214  59 
876  6  214  207  206 
877  6  206  59  214 
880  6  215  65  64 
881  6  187  215  64 
882  6  65  215  193 
883  6  215  187  193 
884  6  216  62  61 
885  6  183  216  61 
886  6  62  216  195 
887  6  216  183  195 
1018  6  217  88  81 
1021  6  117  218  81 
1022  6  218  217  81 
1023  6  217  218  138 
1024  6  21  138  218 
1025  6  117  24  21 
1026  6  21  218  117 
1030  6  87  219  82 
1034  6  220  219  221 
1035  6  220  118  82 
1036  6  219  220  82 
1037  6  220  221  222 
1038  6  222  167  118 
1039  6  118  220  222 
1044  6  223  89  83 
1047  6  119  224  83 
1048  6  224  223  83 
1049  6  223  224  140 
1050  6  46  140  224 
1051  6  119  43  46 
1052  6  46  224  119 
1056  6  86  225  80 
1060  6  226  225  227 
1061  6  226  116  80 
1062  6  225  226  80 
1063  6  226  227  228 
1064  6  228  169  116 
1065  6  116  226  228 
1066  6  161  229  172 
1069  6  230  172  229 
1070  6  179  230  229 
1071  6  133  179  229 
1072  6  229  115  133 
1082  6  231  147  31 
1085  6  231  31  19 
1086  6  231  19  18 
1087  6  134  114  231 
1088  6  231  18  134 
1098  6  232  149  38 
1101  6  232  38  39 
1102  6  232  39  47 
1103  6  135  120  232 
1104  6  232  47  135 
1105  6  233  142  177 
1108  6  233  177  234 
1109  6  222  221  233 
1110  6  233  234  222 
1114  6  235  145  176 
1117  6  235  176  236 
1118  6  228  227  235 
1119  6  235  236  228 
1120  6  102  237  127 
1121  6  237  17  127 
1122  6  17  237  6 
1123  6  124  6  237 
1124  6  237  102  124 
1125  6  103  238  128 
1126  6  238  11  128 
1127  6  11  238  16 
1128  6  123  16  238 
1129  6  238  103  123 
1130  6  12  239  126 
1131  6  239  101  126 
1132  6  239  12  5 
1133  6  124  101  239 
1134  6  239  5  124 
59  41  141  159  240 
60  41  155  166  240 
61  41  222  240  167 
62  41  172  240  162 
63  41  172  230  240 
64  41  222  234  240 
65  41  179  180  240 
66  41  180  164  240 
67  41  166  167  240 
68  41  162  240  170 
69  41  170  240  159 
70  41  177  174  240 
71  41  141  240  174 
72  41  234  177  240 
73  41  155  240  164 
74  41  179  240  230 
75  47  160  241  173 
76  47  157  171  241 
77  47  228  241  169 
78  47  165  241  151 
79  47  165  156  241 
80  47  228  236  241 
81  47  163  241  178 
82  47  163  173  241 
83  47  168  169  241 
84  47  151  241  171 
85  47  160  168  241 
86  47  176  175  241 
87  47  144  241  175 
88  47  236  176  241 
89  47  144  157  241 
90  47  156  178  241 
E_MESH_DATA
