PhaseA
  5 10
  0.0071
  -1.73356  0  0  -0.00901131  -3.71645  
  0.0072
  -1.80291  0  0  -0.00937125  -3.59935  
  0.0073
  -1.87047  0  0  -0.00972212  -3.50869  
  0.0074
  -1.93619  0  0  -0.0100651  -3.42955  
  0.0075
  -2  0  0  -0.0104059  -3.40817  
  0.0076
  -2.06183  0  0  -0.0107179  -3.12019  
  0.0077
  -2.12163  0  0  -0.0110274  -3.09497  
  0.0078
  -2.17934  0  0  -0.0113301  -3.02709  
  0.0079
  -2.2349  0  0  -0.0116178  -2.87687  
  0.008
  -2.28825  0  0  -0.0118923  -2.74538  
