371
16 85   0.00627245 0.00198795 1.08875
16 86   -0.00627244 -0.00198796 1.08875
16 87   -0.00619686 0.00277144 1.08752
16 88   0.00619686 -0.00277144 1.08752
16 89   0.00472756 0.00121477 1.08669
16 90   -0.00472756 -0.00121477 1.0867
16 91   0.00781988 -0.00155863 1.09321
16 92   -0.00781984 0.00155859 1.09321
16 93   0.00472756 -0.0014519 1.08656
16 94   -0.00472756 0.0014519 1.08656
16 95   0.00933817 -0.00226332 1.09844
16 96   -0.00933808 0.00226323 1.09844
16 97   0.00789546 0.000534092 1.0944
16 98   -0.00789542 -0.000534141 1.09439
16 99   0.0138571 0.000660041 1.12829
16 100   -0.0138553 -0.000662542 1.12827
16 101   0.00335363 0.00187809 1.08483
16 102   -0.00335363 -0.00187809 1.08483
16 103   -0.0138543 0.000758943 1.12824
16 104   0.013856 -0.000761381 1.12825
16 105   0.00942367 0.00132142 1.10023
16 106   -0.00942356 -0.00132153 1.10023
16 107   0.00335363 -0.0019087 1.08482
16 108   -0.00335363 0.0019087 1.08482
16 109   0.0108195 0.000528924 1.10818
16 110   -0.0108192 -0.000529314 1.10818
16 111   0.0136057 0.00336575 1.12555
16 112   -0.0136053 -0.00336611 1.12555
16 113   0.0108096 -0.000963099 1.10806
16 114   -0.0108093 0.000962716 1.10806
16 115   0.0027735 0.00322521 1.08363
16 116   -0.0027735 -0.00322521 1.08363
16 117   -0.0027735 0.00322824 1.08361
16 118   0.0027735 -0.00322824 1.08361
16 119   -0.0136043 0.00338871 1.12548
16 120   0.0136045 -0.00338901 1.12548
16 121   0.0122557 -0.00156491 1.11698
16 122   -0.0122552 0.00156427 1.11698
16 123   0.0122667 0.00134853 1.11708
16 124   -0.0122661 -0.00134925 1.11707
16 125   0.0151834 0.0014823 1.13819
16 126   -0.0151794 0.00151897 1.13812
16 127   -0.0151805 -0.00148555 1.13816
16 128   0.0151812 -0.00152169 1.13813
16 129   0.00681053 0.00342606 1.08773
16 130   -0.00681053 -0.00342607 1.08772
16 131   0.0121222 0.00271497 1.11642
16 132   -0.0121218 -0.0027154 1.11642
16 133   0.00964773 0.00277529 1.09969
16 134   -0.00964766 -0.00277536 1.09969
16 135   -0.0121109 0.00286478 1.11632
16 136   0.0121112 -0.00286514 1.11632
16 137   0.0150764 0.00282157 1.1344
16 138   -0.0150748 -0.00282297 1.13439
16 139   -0.0150736 0.00284822 1.13442
16 140   0.0150742 -0.00284909 1.13442
16 141   0.00865761 0.00342606 1.09249
16 142   -0.0086576 -0.00342607 1.09247
16 143   0.010899 0.00334923 1.1081
16 144   -0.010899 -0.00334929 1.10811
16 145   0.0164619 0.00123955 1.15131
16 146   -0.0164529 -0.00124698 1.15117
16 147   -0.0164528 0.0012586 1.15114
16 148   0.0164553 -0.00126343 1.15116
16 149   0.00233337 0.00054351 1.08475
16 150   -0.00233337 -0.000543511 1.08475
16 151   0.00233337 -0.000576611 1.08476
16 152   -0.00233337 0.000576611 1.08476
16 153   0.0170451 0.000441395 1.16182
16 154   -0.00956218 0.00347607 1.09745
16 155   0.00956223 -0.00347613 1.09745
16 156   -0.0170341 -0.00045646 1.16161
16 157   -0.0170341 0.000466077 1.1616
16 158   0.0170394 -0.000479013 1.16166
16 159   0.0015455 0.00240742 1.08365
16 160   -0.0015455 -0.00240742 1.08364
16 161   0.0015455 -0.00241066 1.08365
16 162   -0.0015455 0.00241066 1.08365
16 163   0.000833174 0.00274206 1.0833
16 164   -0.000833174 -0.00274206 1.08329
16 165   -0.000833174 0.00274228 1.0833
16 166   0.000833174 -0.00274228 1.0833
16 167   -0.0108891 0.00347607 1.10804
16 168   0.0108891 -0.00347613 1.10804
16 169   -0.0189384 -0.00040042 1.20477
16 170   -0.0189384 0.000401153 1.20478
16 171   0.0189424 -0.000433754 1.20482
16 172   0.0189562 0.000350112 1.20548
16 173   -0.000574916 0.00355986 1.08275
16 174   0.000574916 0.00355986 1.08275
16 175   -0.000574916 -0.00355986 1.08274
16 176   0.000574916 -0.00355986 1.08275
16 177   -0.0196032 0.000958423 1.22467
16 178   -0.0196032 -0.00095835 1.22468
16 179   0.0172369 0.0021177 1.15651
16 180   -0.0172253 0.00212697 1.15629
16 181   -0.0172254 -0.00212334 1.15632
16 182   0.0172267 -0.00213037 1.15628
16 183   0.0196039 -0.000985083 1.22453
16 184   0.0181246 0.000825056 1.18082
16 185   -0.0181003 -0.000861292 1.18009
16 186   -0.0181003 0.000862817 1.18008
16 187   0.0181052 -0.000879217 1.18011
16 188   0.0196178 0.000806063 1.22616
16 189   0.0182988 0.00153844 1.17979
16 190   0.000258258 0.00179924 1.08374
16 191   0.000258258 -0.00179946 1.08374
16 192   -0.000258258 0.00179946 1.08374
16 193   -0.000258258 -0.00179924 1.08374
16 194   0.00151947 0.000799226 1.08429
16 195   -0.00151947 -0.000799226 1.08429
16 196   0.00151947 -0.000805241 1.0843
16 197   -0.00151947 0.000805241 1.08429
16 198   0.00131173 -0.00131975 1.0841
16 199   -0.00131173 0.00131975 1.0841
16 200   0.00131173 0.001316 1.0841
16 201   -0.00131173 -0.001316 1.0841
16 202   -0.0182453 -0.00155429 1.17845
16 203   -0.0182452 0.0015552 1.17843
16 204   0.0182472 -0.00156418 1.17838
16 205   0.019367 0.00151821 1.21094
16 206   0.0179942 0.00203292 1.16811
16 207   -0.0192814 -0.00165377 1.20628
16 208   -0.0192814 0.00165384 1.20628
16 209   0.0192824 -0.00166323 1.2062
16 210   -0.0179516 -0.00202581 1.16745
16 211   -0.0179516 0.00202684 1.16742
16 212   0.017953 -0.00203091 1.1674
16 213   0.0197493 0.00192077 1.22019
16 214   0.0188796 0.00177564 1.19157
16 215   0.000717258 0.000875309 1.08407
16 216   -0.000717258 -0.000875309 1.08407
16 217   -0.0183256 0.00378452 1.14489
16 218   0.0183256 -0.00378452 1.14489
16 219   0.000322038 0.00106003 1.08399
16 220   -0.000322038 -0.00106003 1.08398
16 221   0.000961123 0.00030446 1.08421
16 222   -0.000961123 -0.00030446 1.08421
16 223   0.000961123 -0.000307447 1.08421
16 224   -0.000961123 0.000307447 1.08421
16 225   -0.0193971 -0.00382065 1.14082
16 226   0.0193971 0.00382065 1.1408
16 227   -0.0198206 0.00339711 1.17839
16 228   0.0198206 -0.00339711 1.17839
16 229   0.0198333 0.00291421 1.19977
16 230   -0.0187616 -0.00178883 1.18814
16 231   -0.0187616 0.00178896 1.18812
16 232   0.0187629 -0.00179686 1.18805
16 233   -0.0192969 0.00388999 1.13756
16 234   0.0192969 -0.00388999 1.13756
16 235   -0.0183385 0.00244732 1.1688
16 236   -0.0183385 -0.00244709 1.16885
16 237   0.018339 -0.00244899 1.16878
16 238   0.0195338 0.00235597 1.20288
16 239   0.0197845 0.0035851 1.1668
16 240   -0.0197845 -0.00358753 1.16684
16 241   0.0183745 0.00245874 1.16935
16 242   -0.0198333 -0.00307256 1.19407
16 243   0.0189285 0.00223124 1.18563
16 244   0.0195326 -0.0036745 1.15163
16 245   -0.0195326 0.0036745 1.15163
16 246   -0.0187613 -0.0022341 1.18119
16 247   -0.0187613 0.00223416 1.18116
16 248   0.0187618 -0.00223674 1.18113
16 249   -0.00043989 -0.000787367 1.08405
16 250   0.00043989 0.000787367 1.08405
16 251   -0.0182895 0.00351497 1.14964
16 252   0.0182895 -0.00351497 1.14964
16 253   0.0189635 -0.00372332 1.14603
16 254   -0.0189635 0.00372332 1.14603
16 255   -0.019515 -0.00360516 1.15382
16 256   0.0196052 -0.00351497 1.16298
16 257   -0.0196052 0.00351497 1.16298
16 258   0.019515 0.00360516 1.15377
16 259   0.000786641 -6.50232e-05 1.08419
16 260   -0.000786641 6.50232e-05 1.08419
16 261   0.000786641 6.25379e-05 1.08419
16 262   -0.000786641 -6.25379e-05 1.08419
16 263   0.00061298 -0.000424055 1.08413
16 264   -0.00061298 0.000424055 1.08413
16 265   0.00061298 0.000423554 1.08413
16 266   -0.00061298 -0.000423554 1.08413
16 267   0.0196052 0.00259866 1.19933
16 268   6.37806e-05 -0.000711163 1.08405
16 269   -6.37806e-05 -0.000711163 1.08405
16 270   6.37806e-05 0.000711163 1.08405
16 271   -6.37806e-05 0.000711163 1.08405
16 272   -0.0183222 -0.00280849 1.16254
16 273   -0.0183222 0.00280868 1.16247
16 274   0.0183224 -0.00280909 1.16246
16 275   0.0183259 0.00280843 1.1626
16 276   0.019654 0.00271651 1.19759
16 277   -0.018371 -0.00269064 1.16538
16 278   -0.018371 0.00269082 1.16531
16 279   0.0183712 -0.00269124 1.16531
16 280   0.0183747 0.00269058 1.16544
16 281   -0.0186319 -0.00242084 1.17478
16 282   -0.0186319 0.00242088 1.17474
16 283   0.0186322 -0.00242213 1.17472
16 284   -0.019654 -0.00320013 1.18037
16 285   0.019654 0.0031977 1.18033
16 286   -0.0196052 -0.00331798 1.17304
16 287   0.0196052 0.00331555 1.17302
16 288   0.0188184 -0.00365398 1.14854
16 289   -0.0188184 0.00365398 1.14854
16 290   0.0187005 -0.00360516 1.14954
16 291   -0.0187005 0.00360516 1.14954
16 292   -0.019654 -0.00287244 1.19319
16 293   0.0186643 0.00243255 1.17529
16 294   -0.0190638 -0.00365398 1.14908
16 295   0.0190638 0.00365398 1.14908
16 296   0.0189362 0.00365398 1.14829
16 297   -0.0189362 -0.00365398 1.14828
16 298   0.019654 -0.00306378 1.18677
16 299   -0.019654 0.00306378 1.18677
16 300   -0.019654 0.00293622 1.19161
16 301   0.019654 -0.00293622 1.19161
16 302   0.0187821 0.00238373 1.17889
16 303   0.0191464 0.00237288 1.18892
16 304   -0.0190754 -0.00237477 1.1868
16 305   -0.0190754 0.00237477 1.18682
16 306   0.0192642 0.0024217 1.1915
16 307   0.0190756 -0.00237611 1.18679
16 308   -0.0189478 -0.00237477 1.18324
16 309   -0.0189478 0.00237477 1.18323
16 310   0.018948 -0.00237611 1.18321
16 311   0.0191452 -0.00354397 1.15176
16 312   -0.0191452 0.00354397 1.15176
16 313   0.019263 -0.00349515 1.15486
16 314   -0.019263 0.00349515 1.15486
16 1036   -0.0160148 0.00345952 1.13797
16 1039   -0.017133 0.0027682 1.14981
16 1040   -0.0166531 0.00322908 1.14262
16 1041   -0.0171272 0.00376956 1.14093
16 1042   -0.0178103 0.00350001 1.14703
16 1043   -0.0183222 0.00293624 1.16008
16 1044   -0.0178917 0.00303913 1.15392
16 1048   -0.0160149 -0.00345686 1.13791
16 1052   -0.0171272 -0.00376947 1.14099
16 1053   -0.0171331 -0.00276527 1.14983
16 1054   -0.0166532 -0.00322633 1.1426
16 1055   -0.0178103 -0.00349992 1.14708
16 1056   -0.0183222 -0.00293606 1.16016
16 1057   -0.0178917 -0.00303886 1.15395
16 1066   0.0160151 -0.00346008 1.13797
16 1069   0.0171336 -0.00276939 1.1498
16 1070   0.0166535 -0.00322985 1.14261
16 1071   0.0171273 -0.00376977 1.14093
16 1072   0.0178103 -0.00350022 1.14703
16 1073   0.0183224 -0.00293665 1.16008
16 1074   0.017892 -0.00303976 1.15391
16 1078   0.0160162 0.00345582 1.13793
16 1082   0.0171291 0.00376944 1.141
16 1083   0.0171399 0.00276414 1.14991
16 1084   0.0166564 0.00322526 1.14263
16 1085   0.0178121 0.00349989 1.14709
16 1086   0.0183259 0.00293599 1.16021
16 1087   0.0178973 0.00303877 1.15401
16 1088   -0.0198206 -0.00261935 1.20846
16 1091   -0.0196052 -0.00256528 1.20042
16 1092   -0.019515 -0.00247508 1.19933
16 1093   -0.0194087 -0.00228835 1.19987
16 1094   -0.0196783 -0.00199993 1.21618
16 1104   -0.0198206 0.00271502 1.20643
16 1107   -0.0196052 0.00259717 1.19991
16 1108   -0.019515 0.00250697 1.19875
16 1109   -0.0196783 0.00203182 1.21562
16 1110   -0.0194087 0.00232024 1.19929
16 1120   0.0198206 -0.00271639 1.20639
16 1123   0.0196052 -0.00259853 1.19987
16 1124   0.019515 -0.00250834 1.19872
16 1125   0.0196785 -0.00203726 1.21553
16 1126   0.0194089 -0.00232294 1.19924
16 1127   -0.0187169 -0.00382065 1.14391
16 1130   -0.018599 -0.00360516 1.14892
16 1131   -0.018188 -0.00373045 1.1453
16 1132   -0.0185088 -0.00351497 1.15039
16 1133   0.0187169 0.00382065 1.14392
16 1136   0.0185991 0.00360516 1.14892
16 1137   0.0181881 0.00373045 1.1453
16 1138   0.0185089 0.00351497 1.1504
16 1139   0.000787461 -0.00107498 1.08404
16 1140   0.000647054 -0.000677076 1.08411
16 1141   0.000369686 -0.000588633 1.08408
16 1142   0.000251835 -0.000861298 1.08403
16 1143   0.000446312 -0.00122307 1.08396
16 1144   -0.000787461 0.00107498 1.08404
16 1145   -0.000647054 0.000677076 1.08411
16 1146   -0.000369686 0.000588633 1.08408
16 1147   -0.000251835 0.000861298 1.08403
16 1148   -0.000446312 0.00122307 1.08396
33 564   0.000320647 -6.37806e-05 1.08412
33 565   -6.37806e-05 -0.000320647 1.0841
33 566   6.37806e-05 -0.000320647 1.0841
33 567   6.37806e-05 0.000320647 1.0841
33 568   -0.000320647 6.37806e-05 1.08412
33 569   -0.000271831 0.000181632 1.08411
33 570   -0.000271831 -0.000181632 1.08411
33 571   0.000320647 6.37806e-05 1.08412
33 572   0.000271831 0.000181632 1.08411
33 573   0.000181632 0.000271831 1.0841
33 574   -0.000181632 0.000271831 1.0841
33 575   -6.37806e-05 0.000320647 1.0841
33 576   -0.000320647 -6.37806e-05 1.08412
33 577   0.000271831 -0.000181632 1.08411
33 578   0.000181632 -0.000271831 1.0841
33 579   -0.000181632 -0.000271831 1.0841
39 331   -0.0191816 0.00272817 1.18118
39 332   -0.0187282 0.00318163 1.15987
39 333   -0.0186794 0.00293622 1.16509
39 334   -0.0193206 0.00306378 1.17461
39 335   -0.0192718 0.00318163 1.16861
39 336   -0.0187282 0.00281837 1.16857
39 337   -0.0186794 0.00306378 1.16209
39 338   -0.0189362 0.00267935 1.17607
39 339   -0.0190638 0.00267935 1.17926
39 340   -0.0193206 0.00293622 1.17913
39 341   -0.0192718 0.00281837 1.18127
39 342   -0.0189362 0.00332065 1.15816
39 343   -0.0190638 0.00332065 1.15951
39 344   -0.0188184 0.00272817 1.17231
39 345   -0.0191816 0.00327183 1.16312
39 346   -0.0188184 0.00327183 1.15843
45 53   -0.0191816 -0.00327183 1.16383
45 54   -0.0187282 -0.00281837 1.1687
45 55   -0.0186794 -0.00306378 1.16227
45 56   -0.0193206 -0.00293622 1.17903
45 57   -0.0192718 -0.00281837 1.18125
45 58   -0.0187282 -0.00318163 1.16006
45 59   -0.0190638 -0.00267935 1.17931
45 60   -0.0189362 -0.00267935 1.17615
45 61   -0.0186794 -0.00293622 1.16524
45 62   -0.0193206 -0.00306378 1.17467
45 63   -0.0192718 -0.00318163 1.1689
45 64   -0.0189362 -0.00332065 1.15883
45 65   -0.0190638 -0.00332065 1.16044
45 66   -0.0188184 -0.00327183 1.15882
45 67   -0.0188184 -0.00272817 1.17242
45 68   -0.0191816 -0.00272817 1.1812
51 69   0.0188184 0.00272817 1.17242
51 70   0.0192718 0.00318163 1.16897
51 71   0.0186794 0.00306378 1.16229
51 72   0.0193206 0.00293622 1.17917
51 73   0.0192718 0.00281837 1.18126
51 74   0.0187282 0.00318163 1.16008
51 75   0.0190638 0.00267935 1.17931
51 76   0.0189362 0.00267935 1.17614
51 77   0.0186794 0.00293622 1.16526
51 78   0.0193206 0.00306378 1.17494
51 79   0.0187282 0.00281837 1.16872
51 80   0.0189362 0.00332065 1.15885
51 81   0.0190638 0.00332065 1.16047
51 82   0.0188184 0.00327183 1.15884
51 83   0.0191816 0.00327183 1.16387
51 84   0.0191816 0.00272817 1.18122
57 315   0.0188184 -0.00327183 1.15843
57 316   0.0192718 -0.00281837 1.18127
57 317   0.0193206 -0.00306378 1.17461
57 318   0.0186794 -0.00293622 1.16509
57 319   0.0192718 -0.00318163 1.16861
57 320   0.0187282 -0.00281837 1.16857
57 321   0.0193206 -0.00293622 1.17912
57 322   0.0186794 -0.00306378 1.16209
57 323   0.0190638 -0.00267935 1.17926
57 324   0.0189362 -0.00267935 1.17607
57 325   0.0187282 -0.00318163 1.15987
57 326   0.0190638 -0.00332065 1.15951
57 327   0.0189362 -0.00332065 1.15816
57 328   0.0191816 -0.00272817 1.18118
57 329   0.0188184 -0.00272817 1.17231
57 330   0.0191816 -0.00327183 1.16312
end
