417
33 527   0.000320647 -6.37806e-05 1.10243
33 528   -6.37806e-05 -0.000320647 1.10231
33 529   6.37806e-05 -0.000320647 1.10231
33 530   6.37806e-05 0.000320647 1.10231
33 531   -0.000320647 6.37806e-05 1.10243
33 532   -0.000271831 0.000181632 1.10239
33 533   -0.000271831 -0.000181632 1.10239
33 534   0.000320647 6.37806e-05 1.10243
33 535   0.000271831 0.000181632 1.10239
33 536   0.000181632 0.000271831 1.10234
33 537   -0.000181632 0.000271831 1.10234
33 538   -6.37806e-05 0.000320647 1.10231
33 539   -0.000320647 -6.37806e-05 1.10243
33 540   0.000271831 -0.000181632 1.10239
33 541   0.000181632 -0.000271831 1.10234
33 542   -0.000181632 -0.000271831 1.10234
39 304   -0.0191816 0.00272817 1.33017
39 305   -0.0187282 0.00318163 1.30519
39 306   -0.0186794 0.00293622 1.31581
39 307   -0.0193206 0.00306378 1.31689
39 308   -0.0192718 0.00318163 1.30868
39 309   -0.0187282 0.00281837 1.32083
39 310   -0.0186794 0.00306378 1.31048
39 311   -0.0189362 0.00267935 1.32833
39 312   -0.0190638 0.00267935 1.33017
39 313   -0.0193206 0.00293622 1.32367
39 314   -0.0192718 0.00281837 1.32807
39 315   -0.0189362 0.00332065 1.29772
39 316   -0.0190638 0.00332065 1.29764
39 317   -0.0188184 0.00272817 1.32506
39 318   -0.0191816 0.00327183 1.30156
39 319   -0.0188184 0.00327183 1.30059
45 74   -0.0191816 -0.00327183 1.30261
45 75   -0.0187282 -0.00281837 1.32104
45 76   -0.0186794 -0.00306378 1.31055
45 77   -0.0193206 -0.00293622 1.32364
45 78   -0.0192718 -0.00281837 1.32813
45 79   -0.0187282 -0.00318163 1.30534
45 80   -0.0190638 -0.00267935 1.3303
45 81   -0.0189362 -0.00267935 1.32848
45 82   -0.0186794 -0.00293622 1.31604
45 83   -0.0193206 -0.00306378 1.31702
45 84   -0.0192718 -0.00318163 1.30906
45 85   -0.0189362 -0.00332065 1.29873
45 86   -0.0190638 -0.00332065 1.29911
45 87   -0.0188184 -0.00327183 1.3011
45 88   -0.0188184 -0.00272817 1.32523
45 89   -0.0191816 -0.00272817 1.33028
51 90   0.0188184 0.00272817 1.32524
51 91   0.0192718 0.00318163 1.30918
51 92   0.0186794 0.00306378 1.31058
51 93   0.0193206 0.00293622 1.32386
51 94   0.0192718 0.00281837 1.32817
51 95   0.0187282 0.00318163 1.30538
51 96   0.0190638 0.00267935 1.33031
51 97   0.0189362 0.00267935 1.32846
51 98   0.0186794 0.00293622 1.31608
51 99   0.0193206 0.00306378 1.31744
51 100   0.0187282 0.00281837 1.32107
51 101   0.0189362 0.00332065 1.29878
51 102   0.0190638 0.00332065 1.29917
51 103   0.0188184 0.00327183 1.30114
51 104   0.0191816 0.00327183 1.30268
51 105   0.0191816 0.00272817 1.33032
57 288   0.0188184 -0.00327183 1.30056
57 289   0.0192718 -0.00281837 1.3281
57 290   0.0193206 -0.00306378 1.31692
57 291   0.0186794 -0.00293622 1.31586
57 292   0.0192718 -0.00318163 1.30871
57 293   0.0187282 -0.00281837 1.32089
57 294   0.0193206 -0.00293622 1.3237
57 295   0.0186794 -0.00306378 1.31034
57 296   0.0190638 -0.00267935 1.33021
57 297   0.0189362 -0.00267935 1.32837
57 298   0.0187282 -0.00318163 1.30511
57 299   0.0190638 -0.00332065 1.29766
57 300   0.0189362 -0.00332065 1.29773
57 301   0.0191816 -0.00272817 1.3302
57 302   0.0188184 -0.00272817 1.3251
57 303   0.0191816 -0.00327183 1.30158
16 106   0.00942367 0.00132142 1.24457
16 107   -0.00942356 -0.00132153 1.24454
16 108   0.0108195 0.000528924 1.35289
16 109   -0.0108192 -0.000529314 1.35285
16 110   0.0136057 0.00336575 1.30013
16 111   -0.0136053 -0.00336611 1.30003
16 112   0.0108096 -0.000963099 1.34175
16 113   -0.0108093 0.000962716 1.34173
16 114   0.0027735 0.00322521 1.09969
16 115   -0.0027735 -0.00322521 1.09971
16 116   -0.0027735 0.00322824 1.09968
16 117   0.0027735 -0.00322824 1.09969
16 118   -0.0136043 0.00338871 1.29879
16 119   0.0136045 -0.00338901 1.29879
16 120   0.0151834 0.0014823 1.36083
16 121   -0.0151794 0.00151897 1.36004
16 122   -0.0151805 -0.00148555 1.36079
16 123   0.0151812 -0.00152169 1.35998
16 124   0.00964773 0.00277529 1.18708
16 125   -0.00964766 -0.00277536 1.18708
16 126   0.0150764 0.00282157 1.32658
16 127   -0.0150748 -0.00282297 1.32654
16 128   -0.0150736 0.00284822 1.32569
16 129   0.0150742 -0.00284909 1.32567
16 130   0.0164619 0.00123955 1.35079
16 131   -0.0164529 -0.00124698 1.35073
16 132   -0.0164528 0.0012586 1.35059
16 133   0.0164553 -0.00126343 1.35053
16 134   0.00233337 0.00054351 1.10542
16 135   -0.00233337 -0.000543511 1.10541
16 136   0.00233337 -0.000576611 1.10539
16 137   -0.00233337 0.000576611 1.10538
16 138   0.0170451 0.000441395 1.35638
16 139   -0.0170341 -0.00045646 1.35629
16 140   -0.0170341 0.000466077 1.35626
16 141   0.0170394 -0.000479013 1.3562
16 142   0.0015455 0.00240742 1.10025
16 143   -0.0015455 -0.00240742 1.10021
16 144   0.0015455 -0.00241066 1.10026
16 145   -0.0015455 0.00241066 1.10025
16 146   0.000833174 0.00274206 1.09866
16 147   -0.000833174 -0.00274206 1.09862
16 148   -0.000833174 0.00274228 1.09866
16 149   0.000833174 -0.00274228 1.09867
16 150   -0.0189384 -0.00040042 1.36794
16 151   -0.0189384 0.000401153 1.36796
16 152   0.0189424 -0.000433754 1.36792
16 153   0.0189562 0.000350112 1.36839
16 154   -0.000574916 0.00355986 1.09628
16 155   0.000574916 0.00355986 1.09628
16 156   -0.000574916 -0.00355986 1.09626
16 157   0.000574916 -0.00355986 1.09631
16 158   -0.0196032 0.000958423 1.37537
16 159   -0.0196032 -0.00095835 1.37535
16 160   0.0172369 0.0021177 1.33438
16 161   -0.0172253 0.00212697 1.33417
16 162   -0.0172254 -0.00212334 1.33426
16 163   0.0172267 -0.00213037 1.33411
16 164   0.0196039 -0.000985083 1.3752
16 165   0.0181246 0.000825056 1.35637
16 166   -0.0181003 -0.000861292 1.35588
16 167   -0.0181003 0.000862817 1.35587
16 168   0.0181052 -0.000879217 1.3558
16 169   0.0196178 0.000806063 1.37682
16 170   0.0182988 0.00153844 1.34976
16 171   0.000258258 0.00179924 1.10068
16 172   0.000258258 -0.00179946 1.10068
16 173   -0.000258258 0.00179946 1.10068
16 174   -0.000258258 -0.00179924 1.10067
16 175   0.00151947 0.000799226 1.10323
16 176   -0.00151947 -0.000799226 1.10322
16 177   0.00151947 -0.000805241 1.10322
16 178   -0.00151947 0.000805241 1.10322
16 179   0.00131173 -0.00131975 1.10232
16 180   -0.00131173 0.00131975 1.10232
16 181   0.00131173 0.001316 1.10233
16 182   -0.00131173 -0.001316 1.10232
16 183   -0.0182453 -0.00155429 1.34904
16 184   -0.0182452 0.0015552 1.34901
16 185   0.0182472 -0.00156418 1.34891
16 186   0.019367 0.00151821 1.3648
16 187   0.0179942 0.00203292 1.33767
16 188   -0.0192814 -0.00165377 1.3612
16 189   -0.0192814 0.00165384 1.36117
16 190   0.0192824 -0.00166323 1.36107
16 191   -0.0179516 -0.00202581 1.33756
16 192   -0.0179516 0.00202684 1.33754
16 193   0.017953 -0.00203091 1.33745
16 194   0.0197493 0.00192077 1.3659
16 195   0.0188796 0.00177564 1.35221
16 196   0.0183256 -0.00378452 1.27878
16 197   0.000961123 0.00030446 1.10283
16 198   -0.000961123 -0.00030446 1.10283
16 199   0.000961123 -0.000307447 1.10284
16 200   -0.000961123 0.000307447 1.10283
16 201   -0.0193971 -0.00382065 1.25045
16 202   0.0193971 0.00382065 1.2504
16 203   -0.0198206 0.00339711 1.30755
16 204   0.0198206 -0.00339711 1.3076
16 205   0.0198333 0.00291421 1.33722
16 206   -0.0187616 -0.00178883 1.35038
16 207   -0.0187616 0.00178896 1.35033
16 208   0.0187629 -0.00179686 1.35023
16 209   -0.0192969 0.00388999 1.24543
16 210   0.0192969 -0.00388999 1.24548
16 211   -0.0183385 0.00244732 1.33001
16 212   -0.0183385 -0.00244709 1.33012
16 213   0.018339 -0.00244899 1.33004
16 214   0.0195338 0.00235597 1.35044
16 215   0.0197845 0.0035851 1.28769
16 216   -0.0197845 -0.00358753 1.2877
16 217   0.0183745 0.00245874 1.33016
16 218   -0.0198333 -0.00307256 1.32951
16 219   0.0189285 0.00223124 1.34275
16 220   0.0195326 -0.0036745 1.27026
16 221   -0.0195326 0.0036745 1.27021
16 222   -0.0187613 -0.0022341 1.34026
16 223   -0.0187613 0.00223416 1.34019
16 224   0.0187618 -0.00223674 1.34017
16 225   0.0182895 -0.00351497 1.29116
16 226   0.0189635 -0.00372332 1.27211
16 227   -0.0189635 0.00372332 1.27205
16 228   -0.019515 -0.00360516 1.27446
16 229   0.0196052 -0.00351497 1.28967
16 230   -0.0196052 0.00351497 1.28963
16 231   0.019515 0.00360516 1.27437
16 232   0.000786641 -6.50232e-05 1.10275
16 233   -0.000786641 6.50232e-05 1.10275
16 234   0.000786641 6.25379e-05 1.10275
16 235   -0.000786641 -6.25379e-05 1.10275
16 236   0.00061298 -0.000424055 1.10248
16 237   -0.00061298 0.000424055 1.10248
16 238   0.00061298 0.000423554 1.10248
16 239   -0.00061298 -0.000423554 1.10248
16 240   0.0196052 0.00259866 1.34395
16 241   6.37806e-05 -0.000711163 1.10209
16 242   -6.37806e-05 -0.000711163 1.10209
16 243   6.37806e-05 0.000711163 1.10209
16 244   -6.37806e-05 0.000711163 1.10209
16 245   -0.0183222 -0.00280849 1.31881
16 246   -0.0183222 0.00280868 1.31852
16 247   0.0183224 -0.00280909 1.31873
16 248   0.0183259 0.00280843 1.31885
16 249   0.019654 0.00271651 1.34032
16 250   -0.018371 -0.00269064 1.32309
16 251   -0.018371 0.00269082 1.32287
16 252   0.0183712 -0.00269124 1.32301
16 253   0.0183747 0.00269058 1.32313
16 254   -0.0186319 -0.00242084 1.33336
16 255   -0.0186319 0.00242088 1.33326
16 256   0.0186322 -0.00242213 1.33328
16 257   -0.019654 -0.00320013 1.3161
16 258   0.019654 0.0031977 1.316
16 259   -0.0196052 -0.00331798 1.30637
16 260   0.0196052 0.00331555 1.30634
16 261   0.0188184 -0.00365398 1.27998
16 262   -0.0188184 0.00365398 1.27992
16 263   0.0187005 -0.00360516 1.28415
16 264   -0.0187005 0.00360516 1.28408
16 265   -0.019654 -0.00287244 1.33439
16 266   0.0186643 0.00243255 1.33342
16 267   -0.0190638 -0.00365398 1.2766
16 268   0.0190638 0.00365398 1.27661
16 269   0.0189362 0.00365398 1.27733
16 270   -0.0189362 -0.00365398 1.27731
16 271   0.019654 -0.00306378 1.3252
16 272   -0.019654 0.00306378 1.32516
16 273   -0.019654 0.00293622 1.33188
16 274   0.019654 -0.00293622 1.33192
16 275   0.0187821 0.00238373 1.33631
16 276   0.0191464 0.00237288 1.34212
16 277   -0.0190754 -0.00237477 1.34092
16 278   -0.0190754 0.00237477 1.34086
16 279   0.0192642 0.0024217 1.34272
16 280   0.0190756 -0.00237611 1.34087
16 281   -0.0189478 -0.00237477 1.33886
16 282   -0.0189478 0.00237477 1.33879
16 283   0.018948 -0.00237611 1.3388
16 284   0.0191452 -0.00354397 1.2812
16 285   -0.0191452 0.00354397 1.28116
16 286   0.019263 -0.00349515 1.28463
16 287   -0.019263 0.00349515 1.28459
16 719   0.00589686 -0.00338572 1.10879
16 720   0.00502757 -0.00083762 1.11977
16 721   0.00398485 -0.00261396 1.1058
16 722   0.00365363 -0.00129442 1.10928
16 723   0.00755083 -0.000944353 1.16451
16 724   0.00622783 -0.00154288 1.12955
16 725   0.00676591 -0.00277144 1.12234
16 726   -0.00589686 0.00338572 1.10878
16 727   -0.00502756 0.000837614 1.11977
16 728   -0.00398485 0.00261396 1.1058
16 729   -0.00365363 0.00129442 1.10927
16 730   -0.00755079 0.000944311 1.1645
16 731   -0.00622782 0.00154287 1.12955
16 732   -0.0067659 0.00277144 1.12233
16 786   0.00969375 -0.00169425 1.24702
16 787   0.0084445 -0.00160384 1.18498
16 788   0.00795958 -0.00281664 1.13742
16 789   0.00991781 -0.00290706 1.19036
16 790   0.00893761 -0.00343093 1.13221
16 791   -0.00969364 0.00169413 1.247
16 792   -0.00844444 0.00160377 1.18496
16 793   -0.00795955 0.00281661 1.13741
16 794   -0.00991774 0.00290697 1.19035
16 795   -0.00893758 0.0034309 1.1322
16 808   0.0117957 0.00134027 1.37657
16 809   0.0127378 0.00135679 1.39704
16 810   0.0125932 0.00272323 1.32138
16 811   0.0107307 0.00302384 1.22379
16 812   0.0110674 0.00367461 1.19137
16 813   0.0114828 0.00238133 1.30981
16 814   0.0118196 0.0030321 1.28074
16 815   -0.0117952 -0.00134084 1.3765
16 816   -0.012737 -0.00135766 1.39698
16 817   -0.0125927 -0.00272381 1.32126
16 818   -0.0107306 -0.00302394 1.2238
16 819   -0.0110674 -0.00367465 1.19124
16 820   -0.0114825 -0.00238164 1.30972
16 821   -0.0118194 -0.00303235 1.28055
16 832   -0.00502756 -0.000495719 1.12063
16 833   -0.00589686 -0.00328095 1.10979
16 834   -0.00711053 -0.00270702 1.12728
16 835   -0.00365363 -0.00115904 1.10966
16 836   -0.00398485 -0.00250616 1.10639
16 837   0.00502757 0.000495714 1.12064
16 838   0.00589686 0.00328095 1.10978
16 839   0.00711054 0.00270701 1.12728
16 840   0.00365363 0.00115903 1.10966
16 841   0.00398485 0.00250616 1.10639
16 849   -0.0127305 0.00152058 1.3889
16 850   -0.0117798 0.00160795 1.3627
16 851   -0.0125862 0.0028211 1.31589
16 852   -0.0116356 0.00290846 1.28198
16 853   -0.011198 0.00347607 1.21726
16 854   -0.0105801 0.00347607 1.18042
16 865   0.0127311 -0.00152135 1.38888
16 866   0.0117803 -0.00160847 1.3627
16 867   0.0125866 -0.00282158 1.31589
16 868   0.0116358 -0.0029087 1.28199
16 869   0.0111981 -0.00347613 1.21727
16 870   0.0105802 -0.00347613 1.18043
16 874   0.00830311 0.00342606 1.12456
16 875   0.0090121 0.00342606 1.1313
16 879   -0.00830311 -0.00342607 1.12454
16 880   -0.00901209 -0.00342607 1.13127
16 921   -0.00820225 -0.000966226 1.18683
16 922   -0.00758858 -0.000102056 1.17066
16 923   -0.00687927 -0.001701 1.13875
16 924   -0.00626561 -0.000836828 1.13478
16 925   0.0082023 0.000966175 1.18684
16 926   0.00758863 0.00010201 1.17067
16 927   0.00687929 0.00170098 1.13875
16 928   0.00626562 0.000836818 1.13478
16 979   0.0144117 0.000673629 1.38968
16 980   0.0133026 0.000646452 1.41928
16 981   0.0144106 -0.000747793 1.38858
16 982   0.0133014 -0.000774969 1.41585
16 983   -0.0144094 -0.00067691 1.38968
16 984   -0.0133013 -0.000648173 1.41926
16 985   -0.0144084 0.000744574 1.38866
16 986   -0.0133003 0.000773312 1.41591
16 1042   -0.0160148 0.00345952 1.30105
16 1045   -0.017133 0.0027682 1.31844
16 1046   -0.0166531 0.00322908 1.3059
16 1047   -0.0171272 0.00376956 1.28651
16 1051   -0.0160149 -0.00345686 1.30108
16 1055   -0.0171272 -0.00376947 1.28646
16 1056   -0.0171331 -0.00276527 1.31854
16 1057   -0.0166532 -0.00322633 1.30594
16 1058   -0.0178103 -0.00349992 1.29337
16 1059   -0.0183222 -0.00293606 1.31414
16 1060   -0.0178917 -0.00303886 1.30982
16 1065   0.0160151 -0.00346008 1.30104
16 1068   0.0171336 -0.00276939 1.31846
16 1069   0.0166535 -0.00322985 1.30589
16 1070   0.0171273 -0.00376977 1.28652
16 1071   0.0178103 -0.00350022 1.29344
16 1072   0.0183224 -0.00293665 1.31406
16 1073   0.017892 -0.00303976 1.30982
16 1077   0.0160162 0.00345582 1.30111
16 1081   0.0171291 0.00376944 1.28645
16 1082   0.0171399 0.00276414 1.31857
16 1083   0.0166564 0.00322526 1.30596
16 1084   0.0178121 0.00349989 1.29337
16 1085   0.0183259 0.00293599 1.31418
16 1086   0.0178973 0.00303877 1.30984
16 1087   -0.0198206 -0.00261935 1.34915
16 1090   -0.0196052 -0.00256528 1.34536
16 1091   -0.019515 -0.00247508 1.3464
16 1092   -0.0194087 -0.00228835 1.34988
16 1093   -0.0196783 -0.00199993 1.36296
16 1103   -0.0198206 0.00271502 1.34593
16 1106   -0.0196052 0.00259717 1.34438
16 1107   -0.019515 0.00250697 1.34542
16 1108   -0.0196783 0.00203182 1.36218
16 1109   -0.0194087 0.00232024 1.34898
16 1119   0.0198206 -0.00271639 1.34591
16 1122   0.0196052 -0.00259853 1.34437
16 1123   0.019515 -0.00250834 1.34541
16 1124   0.0196785 -0.00203726 1.3621
16 1125   0.0194089 -0.00232294 1.34894
16 1126   -0.0187169 -0.00382065 1.27065
16 1129   -0.018599 -0.00360516 1.28432
16 1130   -0.018188 -0.00373045 1.28176
16 1131   -0.0185088 -0.00351497 1.28922
16 1132   0.0187169 0.00382065 1.27066
16 1135   0.0185991 0.00360516 1.28434
16 1136   0.0181881 0.00373045 1.28177
16 1137   0.0185089 0.00351497 1.28924
16 1138   0.000787461 -0.00107498 1.10206
16 1139   0.000647054 -0.000677076 1.10235
16 1140   0.000369686 -0.000588633 1.10225
16 1141   0.000251835 -0.000861298 1.102
16 1142   0.000446312 -0.00122307 1.10167
16 1143   -0.000787461 0.00107498 1.10206
16 1144   -0.000647054 0.000677076 1.10235
16 1145   -0.000369686 0.000588633 1.10225
16 1146   -0.000251835 0.000861298 1.102
16 1147   -0.000446312 0.00122307 1.10167
16 1148   -0.000647054 -0.000676466 1.10235
16 1149   -0.000787461 -0.00107415 1.10205
16 1150   -0.000369686 -0.000588525 1.10225
16 1151   -0.000446312 -0.00122275 1.10167
16 1152   -0.000251835 -0.00086119 1.102
16 1153   0.000647054 0.000676466 1.10235
16 1154   0.000787461 0.00107415 1.10206
16 1155   0.000369686 0.000588525 1.10225
16 1156   0.000446312 0.00122275 1.10167
16 1157   0.000251835 0.00086119 1.102
16 1158   -0.0175887 0.00351957 1.29331
16 1159   -0.0176702 0.00305869 1.3093
16 1160   -0.0183526 0.00326497 1.30125
16 1161   -0.0183038 0.00314712 1.30604
16 1162   -0.0181006 0.00295579 1.31267
16 1163   -0.0180679 0.00375 1.28151
16 1164   -0.0183888 0.00353452 1.28927
end
