403
16 113   0.00789546 0.000534092 1.40863
16 114   -0.00789542 -0.000534141 1.40861
16 115   0.0138571 0.000660041 1.31079
16 116   -0.0138553 -0.000662542 1.31079
16 117   -0.0138543 0.000758943 1.3101
16 118   0.013856 -0.000761381 1.31006
16 119   0.00942367 0.00132142 1.40709
16 120   -0.00942356 -0.00132153 1.40707
16 121   0.0108195 0.000528924 1.39561
16 122   -0.0108192 -0.000529314 1.39561
16 123   0.0136057 0.00336575 1.26074
16 124   -0.0136053 -0.00336611 1.26065
16 125   0.0108096 -0.000963099 1.38814
16 126   -0.0108093 0.000962716 1.38816
16 127   0.0027735 0.00322521 1.29432
16 128   -0.0027735 -0.00322521 1.29436
16 129   -0.0027735 0.00322824 1.29426
16 130   0.0027735 -0.00322824 1.29429
16 131   -0.0136043 0.00338871 1.25991
16 132   0.0136045 -0.00338901 1.2599
16 133   0.0151834 0.0014823 1.28648
16 134   -0.0151794 0.00151897 1.28603
16 135   -0.0151805 -0.00148555 1.28645
16 136   0.0151812 -0.00152169 1.286
16 137   0.00964773 0.00277529 1.33555
16 138   -0.00964766 -0.00277536 1.3355
16 139   0.0150764 0.00282157 1.2649
16 140   -0.0150748 -0.00282297 1.26486
16 141   -0.0150736 0.00284822 1.26434
16 142   0.0150742 -0.00284909 1.26432
16 143   0.010899 0.00334923 1.28204
16 144   -0.010899 -0.00334929 1.28205
16 145   0.0164619 0.00123955 1.28446
16 146   -0.0164529 -0.00124698 1.28436
16 147   -0.0164528 0.0012586 1.28424
16 148   0.0164553 -0.00126343 1.28421
16 149   0.00233337 0.00054351 1.30977
16 150   -0.00233337 -0.000543511 1.30977
16 151   0.00233337 -0.000576611 1.30972
16 152   -0.00233337 0.000576611 1.30971
16 153   0.0170451 0.000441395 1.29342
16 154   -0.0170341 -0.00045646 1.29327
16 155   -0.0170341 0.000466077 1.29323
16 156   0.0170394 -0.000479013 1.29322
16 157   0.0015455 0.00240742 1.29652
16 158   -0.0015455 -0.00240742 1.2964
16 159   0.0015455 -0.00241066 1.29654
16 160   -0.0015455 0.00241066 1.29651
16 161   0.000833174 0.00274206 1.2923
16 162   -0.000833174 -0.00274206 1.2922
16 163   -0.000833174 0.00274228 1.29231
16 164   0.000833174 -0.00274228 1.29234
16 165   -0.0108891 0.00347607 1.27427
16 166   0.0108891 -0.00347613 1.27427
16 167   -0.0189384 -0.00040042 1.31895
16 168   -0.0189384 0.000401153 1.31897
16 169   0.0189424 -0.000433754 1.31894
16 170   0.0189562 0.000350112 1.31949
16 171   -0.000574916 0.00355986 1.28561
16 172   0.000574916 0.00355986 1.2856
16 173   -0.000574916 -0.00355986 1.28553
16 174   0.000574916 -0.00355986 1.2857
16 175   -0.0196032 0.000958423 1.33053
16 176   -0.0196032 -0.00095835 1.33052
16 177   0.0172369 0.0021177 1.27594
16 178   -0.0172253 0.00212697 1.27569
16 179   -0.0172254 -0.00212334 1.27577
16 180   0.0172267 -0.00213037 1.27563
16 181   0.0196039 -0.000985083 1.33036
16 182   0.0181246 0.000825056 1.30212
16 183   -0.0181003 -0.000861292 1.30148
16 184   -0.0181003 0.000862817 1.30147
16 185   0.0181052 -0.000879217 1.30142
16 186   0.0196178 0.000806063 1.33198
16 187   0.0182988 0.00153844 1.29705
16 188   0.000258258 0.00179924 1.29784
16 189   0.000258258 -0.00179946 1.29784
16 190   -0.000258258 0.00179946 1.29784
16 191   -0.000258258 -0.00179924 1.29782
16 192   0.00151947 0.000799226 1.30441
16 193   -0.00151947 -0.000799226 1.3044
16 194   0.00151947 -0.000805241 1.3044
16 195   -0.00151947 0.000805241 1.30439
16 196   0.00131173 -0.00131975 1.3021
16 197   -0.00131173 0.00131975 1.30209
16 198   0.00131173 0.001316 1.30211
16 199   -0.00131173 -0.001316 1.30208
16 200   -0.0182453 -0.00155429 1.29601
16 201   -0.0182452 0.0015552 1.29596
16 202   0.0182472 -0.00156418 1.29586
16 203   0.019367 0.00151821 1.31883
16 204   0.0179942 0.00203292 1.28354
16 205   -0.0192814 -0.00165377 1.3148
16 206   -0.0192814 0.00165384 1.31476
16 207   0.0192824 -0.00166323 1.31464
16 208   -0.0179516 -0.00202581 1.28318
16 209   -0.0179516 0.00202684 1.28315
16 210   0.017953 -0.00203091 1.28306
16 211   0.0197493 0.00192077 1.32271
16 212   0.0188796 0.00177564 1.30335
16 213   0.0183256 -0.00378452 1.22966
16 214   0.000961123 0.00030446 1.30344
16 215   -0.000961123 -0.00030446 1.30343
16 216   0.000961123 -0.000307447 1.30344
16 217   -0.000961123 0.000307447 1.30344
16 218   -0.0193971 -0.00382065 1.20795
16 219   0.0193971 0.00382065 1.20789
16 220   -0.0198206 0.00339711 1.26821
16 221   0.0198206 -0.00339711 1.26821
16 222   0.0198333 0.00291421 1.29643
16 223   -0.0187616 -0.00178883 1.30079
16 224   -0.0187616 0.00178896 1.30073
16 225   0.0187629 -0.00179686 1.30062
16 226   -0.0192969 0.00388999 1.20241
16 227   0.0192969 -0.00388999 1.20242
16 228   -0.0183385 0.00244732 1.27839
16 229   -0.0183385 -0.00244709 1.2785
16 230   0.018339 -0.00244899 1.27839
16 231   0.0195338 0.00235597 1.30628
16 232   0.0197845 0.0035851 1.24873
16 233   -0.0197845 -0.00358753 1.24878
16 234   0.0183745 0.00245874 1.27874
16 235   -0.0198333 -0.00307256 1.28913
16 236   0.0189285 0.00223124 1.29446
16 237   0.0195326 -0.0036745 1.22811
16 238   -0.0195326 0.0036745 1.22811
16 239   -0.0187613 -0.0022341 1.29095
16 240   -0.0187613 0.00223416 1.29087
16 241   0.0187618 -0.00223674 1.29083
16 242   0.0182895 -0.00351497 1.24124
16 243   0.0189635 -0.00372332 1.22529
16 244   -0.0189635 0.00372332 1.22528
16 245   -0.019515 -0.00360516 1.23205
16 246   0.0196052 -0.00351497 1.24815
16 247   -0.0196052 0.00351497 1.24815
16 248   0.019515 0.00360516 1.23194
16 249   0.000786641 -6.50232e-05 1.30322
16 250   -0.000786641 6.50232e-05 1.30321
16 251   0.000786641 6.25379e-05 1.30322
16 252   -0.000786641 -6.25379e-05 1.30321
16 253   0.00061298 -0.000424055 1.30253
16 254   -0.00061298 0.000424055 1.30253
16 255   0.00061298 0.000423554 1.30253
16 256   -0.00061298 -0.000423554 1.30252
16 257   0.0196052 0.00259866 1.3006
16 258   6.37806e-05 -0.000711163 1.30152
16 259   -6.37806e-05 -0.000711163 1.30152
16 260   6.37806e-05 0.000711163 1.30153
16 261   -6.37806e-05 0.000711163 1.30153
16 262   -0.0183222 -0.00280849 1.26755
16 263   -0.0183222 0.00280868 1.26725
16 264   0.0183224 -0.00280909 1.26744
16 265   0.0183259 0.00280843 1.26759
16 266   0.019654 0.00271651 1.2975
16 267   -0.018371 -0.00269064 1.27192
16 268   -0.018371 0.00269082 1.2717
16 269   0.0183712 -0.00269124 1.27181
16 270   0.0183747 0.00269058 1.27197
16 271   -0.0186319 -0.00242084 1.28341
16 272   -0.0186319 0.00242088 1.28329
16 273   0.0186322 -0.00242213 1.28329
16 274   -0.019654 -0.00320013 1.27424
16 275   0.019654 0.0031977 1.27415
16 276   -0.0196052 -0.00331798 1.26418
16 277   0.0196052 0.00331555 1.26414
16 278   0.0188184 -0.00365398 1.23241
16 279   -0.0188184 0.00365398 1.23239
16 280   0.0187005 -0.00360516 1.23599
16 281   -0.0187005 0.00360516 1.23594
16 282   -0.019654 -0.00287244 1.29187
16 283   0.0186643 0.00243255 1.28365
16 284   -0.0190638 -0.00365398 1.23027
16 285   0.0190638 0.00365398 1.23027
16 286   0.0189362 0.00365398 1.2303
16 287   -0.0189362 -0.00365398 1.2303
16 288   0.019654 -0.00306378 1.28298
16 289   -0.019654 0.00306378 1.28299
16 290   -0.019654 0.00293622 1.28948
16 291   0.019654 -0.00293622 1.28948
16 292   0.0187821 0.00238373 1.28722
16 293   0.0191464 0.00237288 1.29533
16 294   -0.0190754 -0.00237477 1.29367
16 295   -0.0190754 0.00237477 1.29361
16 296   0.0192642 0.0024217 1.29676
16 297   0.0190756 -0.00237611 1.29358
16 298   -0.0189478 -0.00237477 1.2908
16 299   -0.0189478 0.00237477 1.29072
16 300   0.018948 -0.00237611 1.2907
16 301   0.0191452 -0.00354397 1.23515
16 302   -0.0191452 0.00354397 1.23516
16 303   0.019263 -0.00349515 1.23941
16 304   -0.019263 0.00349515 1.23942
16 801   0.00589686 -0.00338572 1.30906
16 802   0.00502757 -0.00083762 1.33972
16 803   0.00398485 -0.00261396 1.30899
16 804   0.00365363 -0.00129442 1.31833
16 805   0.00755083 -0.000944353 1.39429
16 806   0.00622783 -0.00154288 1.35358
16 807   0.00676591 -0.00277144 1.33255
16 808   0.00969375 -0.00169425 1.38942
16 809   0.0084445 -0.00160384 1.39421
16 810   0.00795958 -0.00281664 1.34072
16 811   0.00991781 -0.00290706 1.3244
16 812   0.00893761 -0.00343093 1.30227
16 813   -0.00589686 0.00338572 1.30905
16 814   -0.00502756 0.000837614 1.33971
16 815   -0.00398485 0.00261396 1.30898
16 816   -0.00365363 0.00129442 1.31832
16 817   -0.00755079 0.000944311 1.39428
16 818   -0.00622782 0.00154287 1.35357
16 819   -0.0067659 0.00277144 1.33254
16 820   -0.00969364 0.00169413 1.38943
16 821   -0.00844444 0.00160377 1.39421
16 822   -0.00795955 0.00281661 1.34072
16 823   -0.00991774 0.00290697 1.32441
16 824   -0.00893758 0.0034309 1.30227
16 892   -0.00657244 -0.00126891 1.36417
16 893   -0.00502756 -0.000495719 1.34143
16 894   -0.00589686 -0.00328095 1.31158
16 895   -0.00711053 -0.00270702 1.33777
16 896   -0.00365363 -0.00115904 1.31918
16 897   -0.00398485 -0.00250616 1.31053
16 898   0.0117957 0.00134027 1.34992
16 899   0.0127378 0.00135679 1.32578
16 900   0.0116512 0.00270671 1.30821
16 901   0.0125932 0.00272323 1.29279
16 902   0.00657245 0.0012689 1.36418
16 903   0.00502757 0.000495714 1.34144
16 904   0.00589686 0.00328095 1.31154
16 905   0.00711054 0.00270701 1.3378
16 906   0.00365363 0.00115903 1.31918
16 907   0.00398485 0.00250616 1.31051
16 908   -0.0117952 -0.00134084 1.3499
16 909   -0.012737 -0.00135766 1.32575
16 910   -0.0116509 -0.00270699 1.30812
16 911   -0.0125927 -0.00272381 1.2927
16 912   -0.0127305 0.00152058 1.32293
16 913   -0.0117798 0.00160795 1.34367
16 914   -0.0125862 0.0028211 1.28987
16 915   -0.0116356 0.00290846 1.29983
16 916   0.0127311 -0.00152135 1.32291
16 917   0.0117803 -0.00160847 1.34365
16 918   0.0125866 -0.00282158 1.28985
16 919   0.0116358 -0.0029087 1.29981
16 920   0.00830311 0.00342606 1.31056
16 921   0.0090121 0.00342606 1.29659
16 925   -0.00830311 -0.00342607 1.31038
16 926   -0.00901209 -0.00342607 1.29644
16 1036   -0.0160148 0.00345952 1.246
16 1039   -0.017133 0.0027682 1.26158
16 1040   -0.0166531 0.00322908 1.2499
16 1041   -0.0171272 0.00376956 1.23458
16 1045   -0.0160149 -0.00345686 1.24601
16 1049   -0.0171272 -0.00376947 1.23458
16 1050   -0.0171331 -0.00276527 1.26168
16 1051   -0.0166532 -0.00322633 1.24991
16 1052   -0.0178103 -0.00349992 1.24182
16 1053   -0.0183222 -0.00293606 1.26308
16 1054   -0.0178917 -0.00303886 1.25707
16 1059   0.0160151 -0.00346008 1.24599
16 1062   0.0171336 -0.00276939 1.2616
16 1063   0.0166535 -0.00322985 1.24988
16 1064   0.0171273 -0.00376977 1.23458
16 1065   0.0178103 -0.00350022 1.24183
16 1066   0.0183224 -0.00293665 1.26296
16 1067   0.017892 -0.00303976 1.25704
16 1071   0.0160162 0.00345582 1.24602
16 1075   0.0171291 0.00376944 1.23456
16 1076   0.0171399 0.00276414 1.26172
16 1077   0.0166564 0.00322526 1.24993
16 1078   0.0178121 0.00349989 1.24181
16 1079   0.0183259 0.00293599 1.26311
16 1080   0.0178973 0.00303877 1.25709
16 1081   -0.0198206 -0.00261935 1.30755
16 1084   -0.0196052 -0.00256528 1.30196
16 1085   -0.019515 -0.00247508 1.30223
16 1086   -0.0194087 -0.00228835 1.30479
16 1087   -0.0196783 -0.00199993 1.31938
16 1097   -0.0198206 0.00271502 1.30452
16 1100   -0.0196052 0.00259717 1.30103
16 1101   -0.019515 0.00250697 1.30128
16 1102   -0.0196783 0.00203182 1.31863
16 1103   -0.0194087 0.00232024 1.30392
16 1113   0.0198206 -0.00271639 1.30446
16 1116   0.0196052 -0.00259853 1.30098
16 1117   0.019515 -0.00250834 1.30124
16 1118   0.0196785 -0.00203726 1.31853
16 1119   0.0194089 -0.00232294 1.30385
16 1120   -0.0187169 -0.00382065 1.22305
16 1123   -0.018599 -0.00360516 1.23577
16 1124   -0.018188 -0.00373045 1.23214
16 1125   -0.0185088 -0.00351497 1.24013
16 1126   0.0187169 0.00382065 1.22305
16 1129   0.0185991 0.00360516 1.23577
16 1130   0.0181881 0.00373045 1.23214
16 1131   0.0185089 0.00351497 1.24013
16 1132   0.000787461 -0.00107498 1.30145
16 1133   0.000647054 -0.000677076 1.3022
16 1134   0.000369686 -0.000588633 1.30195
16 1135   0.000251835 -0.000861298 1.3013
16 1136   0.000446312 -0.00122307 1.30045
16 1137   -0.000787461 0.00107498 1.30144
16 1138   -0.000647054 0.000677076 1.3022
16 1139   -0.000369686 0.000588633 1.30195
16 1140   -0.000251835 0.000861298 1.3013
16 1141   -0.000446312 0.00122307 1.30045
16 1142   -0.000647054 -0.000676466 1.30219
16 1143   -0.000787461 -0.00107415 1.30143
16 1144   -0.000369686 -0.000588525 1.30194
16 1145   -0.000446312 -0.00122275 1.30043
16 1146   -0.000251835 -0.00086119 1.30129
16 1147   0.000647054 0.000676466 1.3022
16 1148   0.000787461 0.00107415 1.30145
16 1149   0.000369686 0.000588525 1.30195
16 1150   0.000446312 0.00122275 1.30045
16 1151   0.000251835 0.00086119 1.3013
16 1152   -0.0175887 0.00351957 1.24114
16 1153   -0.0176702 0.00305869 1.2557
16 1154   -0.0183526 0.00326497 1.25095
16 1155   -0.0183038 0.00314712 1.2553
16 1156   -0.0181006 0.00295579 1.26061
16 1157   -0.0180679 0.00375 1.23151
16 1158   -0.0183888 0.00353452 1.2397
33 546   0.000320647 -6.37806e-05 1.30241
33 547   -6.37806e-05 -0.000320647 1.3021
33 548   6.37806e-05 -0.000320647 1.3021
33 549   6.37806e-05 0.000320647 1.3021
33 550   -0.000320647 6.37806e-05 1.30241
33 551   -0.000271831 0.000181632 1.30232
33 552   -0.000271831 -0.000181632 1.30231
33 553   0.000320647 6.37806e-05 1.30241
33 554   0.000271831 0.000181632 1.30232
33 555   0.000181632 0.000271831 1.30219
33 556   -0.000181632 0.000271831 1.30219
33 557   -6.37806e-05 0.000320647 1.3021
33 558   -0.000320647 -6.37806e-05 1.30241
33 559   0.000271831 -0.000181632 1.30232
33 560   0.000181632 -0.000271831 1.30219
33 561   -0.000181632 -0.000271831 1.30218
39 321   -0.0191816 0.00272817 1.28389
39 322   -0.0187282 0.00318163 1.25653
39 323   -0.0186794 0.00293622 1.26659
39 324   -0.0193206 0.00306378 1.27191
39 325   -0.0192718 0.00318163 1.26342
39 326   -0.0187282 0.00281837 1.27178
39 327   -0.0186794 0.00306378 1.26142
39 328   -0.0189362 0.00267935 1.28041
39 329   -0.0190638 0.00267935 1.28307
39 330   -0.0193206 0.00293622 1.27857
39 331   -0.0192718 0.00281837 1.28249
39 332   -0.0189362 0.00332065 1.25033
39 333   -0.0190638 0.00332065 1.25102
39 334   -0.0188184 0.00272817 1.27645
39 335   -0.0191816 0.00327183 1.25569
39 336   -0.0188184 0.00327183 1.25252
45 81   -0.0191816 -0.00327183 1.25674
45 82   -0.0187282 -0.00281837 1.27199
45 83   -0.0186794 -0.00306378 1.26149
45 84   -0.0193206 -0.00293622 1.27853
45 85   -0.0192718 -0.00281837 1.28256
45 86   -0.0187282 -0.00318163 1.25669
45 87   -0.0190638 -0.00267935 1.2832
45 88   -0.0189362 -0.00267935 1.28056
45 89   -0.0186794 -0.00293622 1.26683
45 90   -0.0193206 -0.00306378 1.27203
45 91   -0.0192718 -0.00318163 1.26379
45 92   -0.0189362 -0.00332065 1.25137
45 93   -0.0190638 -0.00332065 1.2525
45 94   -0.0188184 -0.00327183 1.25304
45 95   -0.0188184 -0.00272817 1.27664
45 96   -0.0191816 -0.00272817 1.284
51 97   0.0188184 0.00272817 1.27663
51 98   0.0192718 0.00318163 1.26389
51 99   0.0186794 0.00306378 1.26152
51 100   0.0193206 0.00293622 1.27873
51 101   0.0192718 0.00281837 1.28258
51 102   0.0187282 0.00318163 1.25672
51 103   0.0190638 0.00267935 1.2832
51 104   0.0189362 0.00267935 1.28054
51 105   0.0186794 0.00293622 1.26686
51 106   0.0193206 0.00306378 1.27243
51 107   0.0187282 0.00281837 1.27201
51 108   0.0189362 0.00332065 1.25141
51 109   0.0190638 0.00332065 1.25255
51 110   0.0188184 0.00327183 1.25307
51 111   0.0191816 0.00327183 1.2568
51 112   0.0191816 0.00272817 1.28402
57 305   0.0188184 -0.00327183 1.25245
57 306   0.0192718 -0.00281837 1.28248
57 307   0.0193206 -0.00306378 1.2719
57 308   0.0186794 -0.00293622 1.26661
57 309   0.0192718 -0.00318163 1.26341
57 310   0.0187282 -0.00281837 1.2718
57 311   0.0193206 -0.00293622 1.27856
57 312   0.0186794 -0.00306378 1.26124
57 313   0.0190638 -0.00267935 1.28307
57 314   0.0189362 -0.00267935 1.28041
57 315   0.0187282 -0.00318163 1.25642
57 316   0.0190638 -0.00332065 1.251
57 317   0.0189362 -0.00332065 1.2503
57 318   0.0191816 -0.00272817 1.28389
57 319   0.0188184 -0.00272817 1.27646
57 320   0.0191816 -0.00327183 1.25567
end
