SolidID  6   323 
h  113  -652617 0.999939 0 -1 -0 0
h  114  -652596 0.999939 0 -1 -0 0
h  115  -750856 0.999939 0 -1 -0 0
h  116  -750856 0.999939 0 -1 -0 0
h  117  -750986 0.999939 0 -1 -0 0
h  118  -750994 0.999939 0 -1 -0 0
h  119  -692935 0.999939 0 -1 -0 0
h  120  -692921 0.999939 0 -1 -0 0
h  121  -720499 0.999939 0 -1 -0 0
h  122  -720492 0.999939 0 -1 -0 0
h  123  -758656 0.999939 0 -1 -0 0
h  124  -758671 0.999939 0 -1 -0 0
h  125  -720776 0.999939 0 -1 -0 0
h  126  -720769 0.999939 0 -1 -0 0
h  127  -513478 0.999939 0 -1 -0 0
h  128  -513551 0.999939 0 -1 -0 0
h  129  -513388 0.999939 0 -1 -0 0
h  130  -513419 0.999939 0 -1 -0 0
h  131  -758758 0.999939 0 -1 -0 0
h  132  -758759 0.999939 0 -1 -0 0
h  133  -756207 0.999939 0 -1 -0 0
h  134  -756289 0.999939 0 -1 -0 0
h  135  -756213 0.999939 0 -1 -0 0
h  136  -756295 0.999939 0 -1 -0 0
h  137  -696504 0.999939 0 -1 -0 0
h  138  -696502 0.999939 0 -1 -0 0
h  139  -759635 0.999939 0 -1 -0 0
h  140  -759640 0.999939 0 -1 -0 0
h  141  -759711 0.999939 0 -1 -0 0
h  142  -759713 0.999939 0 -1 -0 0
h  143  -734033 0.999939 0 -1 -0 0
h  144  -734002 0.999939 0 -1 -0 0
h  145  -756688 0.999939 0 -1 -0 0
h  146  -756708 0.999939 0 -1 -0 0
h  147  -756729 0.999939 0 -1 -0 0
h  148  -756736 0.999939 0 -1 -0 0
h  149  -531439 0.999939 0 -1 -0 0
h  150  -531430 0.999939 0 -1 -0 0
h  151  -531377 0.999939 0 -1 -0 0
h  152  -531364 0.999939 0 -1 -0 0
h  153  -754934 0.999939 0 -1 -0 0
h  154  -754966 0.999939 0 -1 -0 0
h  155  -754973 0.999939 0 -1 -0 0
h  156  -754975 0.999939 0 -1 -0 0
h  157  -514264 0.999939 0 -1 -0 0
h  158  -514106 0.999939 0 -1 -0 0
h  159  -514280 0.999939 0 -1 -0 0
h  160  -514246 0.999939 0 -1 -0 0
h  161  -508317 0.999939 0 -1 -0 0
h  162  -508174 0.999939 0 -1 -0 0
h  163  -508325 0.999939 0 -1 -0 0
h  164  -508368 0.999939 0 -1 -0 0
h  165  -735232 0.999939 0 -1 -0 0
h  166  -735234 0.999939 0 -1 -0 0
h  167  -748865 0.999939 0 -1 -0 0
h  168  -748860 0.999939 0 -1 -0 0
h  169  -748857 0.999939 0 -1 -0 0
h  170  -748736 0.999939 0 -1 -0 0
h  171  -499174 0.999939 0 -1 -0 0
h  172  -499160 0.999939 0 -1 -0 0
h  173  -499054 0.999939 0 -1 -0 0
h  174  -499289 0.999939 0 -1 -0 0
h  175  -745135 0.999939 0 -1 -0 0
h  176  -745140 0.999939 0 -1 -0 0
h  177  -758059 0.999939 0 -1 -0 0
h  178  -758103 0.999939 0 -1 -0 0
h  179  -758090 0.999939 0 -1 -0 0
h  180  -758112 0.999939 0 -1 -0 0
h  181  -745152 0.999939 0 -1 -0 0
h  182  -752942 0.999939 0 -1 -0 0
h  183  -753079 0.999939 0 -1 -0 0
h  184  -753082 0.999939 0 -1 -0 0
h  185  -753088 0.999939 0 -1 -0 0
h  186  -744898 0.999939 0 -1 -0 0
h  187  -753737 0.999939 0 -1 -0 0
h  188  -515587 0.999939 0 -1 -0 0
h  189  -515582 0.999939 0 -1 -0 0
h  190  -515585 0.999939 0 -1 -0 0
h  191  -515564 0.999939 0 -1 -0 0
h  192  -524374 0.999939 0 -1 -0 0
h  193  -524356 0.999939 0 -1 -0 0
h  194  -524356 0.999939 0 -1 -0 0
h  195  -524342 0.999939 0 -1 -0 0
h  196  -521353 0.999939 0 -1 -0 0
h  197  -521338 0.999939 0 -1 -0 0
h  198  -521370 0.999939 0 -1 -0 0
h  199  -521334 0.999939 0 -1 -0 0
h  200  -753982 0.999939 0 -1 -0 0
h  201  -753991 0.999939 0 -1 -0 0
h  202  -754007 0.999939 0 -1 -0 0
h  203  -747720 0.999939 0 -1 -0 0
h  204  -756401 0.999939 0 -1 -0 0
h  205  -748621 0.999939 0 -1 -0 0
h  206  -748628 0.999939 0 -1 -0 0
h  207  -748641 0.999939 0 -1 -0 0
h  208  -756500 0.999939 0 -1 -0 0
h  209  -756505 0.999939 0 -1 -0 0
h  210  -756519 0.999939 0 -1 -0 0
h  211  -745200 0.999939 0 -1 -0 0
h  212  -751685 0.999939 0 -1 -0 0
h  213  -762694 0.999939 0 -1 -0 0
h  214  -523026 0.999939 0 -1 -0 0
h  215  -523012 0.999939 0 -1 -0 0
h  216  -523031 0.999939 0 -1 -0 0
h  217  -523022 0.999939 0 -1 -0 0
h  218  -761472 0.999939 0 -1 -0 0
h  219  -761479 0.999939 0 -1 -0 0
h  220  -748555 0.999939 0 -1 -0 0
h  221  -748554 0.999939 0 -1 -0 0
h  222  -746755 0.999939 0 -1 -0 0
h  223  -752384 0.999939 0 -1 -0 0
h  224  -752395 0.999939 0 -1 -0 0
h  225  -752411 0.999939 0 -1 -0 0
h  226  -762345 0.999939 0 -1 -0 0
h  227  -762344 0.999939 0 -1 -0 0
h  228  -756857 0.999939 0 -1 -0 0
h  229  -756832 0.999939 0 -1 -0 0
h  230  -756851 0.999939 0 -1 -0 0
h  231  -748548 0.999939 0 -1 -0 0
h  232  -750434 0.999939 0 -1 -0 0
h  233  -750373 0.999939 0 -1 -0 0
h  234  -756742 0.999939 0 -1 -0 0
h  235  -747316 0.999939 0 -1 -0 0
h  236  -753022 0.999939 0 -1 -0 0
h  237  -757160 0.999939 0 -1 -0 0
h  238  -757161 0.999939 0 -1 -0 0
h  239  -754036 0.999939 0 -1 -0 0
h  240  -754052 0.999939 0 -1 -0 0
h  241  -754056 0.999939 0 -1 -0 0
h  242  -761760 0.999939 0 -1 -0 0
h  243  -762200 0.999939 0 -1 -0 0
h  244  -762202 0.999939 0 -1 -0 0
h  245  -757204 0.999939 0 -1 -0 0
h  246  -753904 0.999939 0 -1 -0 0
h  247  -753904 0.999939 0 -1 -0 0
h  248  -757216 0.999939 0 -1 -0 0
h  249  -522736 0.999939 0 -1 -0 0
h  250  -522727 0.999939 0 -1 -0 0
h  251  -522735 0.999939 0 -1 -0 0
h  252  -522726 0.999939 0 -1 -0 0
h  253  -521829 0.999939 0 -1 -0 0
h  254  -521824 0.999939 0 -1 -0 0
h  255  -521828 0.999939 0 -1 -0 0
h  256  -521816 0.999939 0 -1 -0 0
h  257  -748826 0.999939 0 -1 -0 0
h  258  -520484 0.999939 0 -1 -0 0
h  259  -520482 0.999939 0 -1 -0 0
h  260  -520489 0.999939 0 -1 -0 0
h  261  -520489 0.999939 0 -1 -0 0
h  262  -758502 0.999939 0 -1 -0 0
h  263  -758552 0.999939 0 -1 -0 0
h  264  -758522 0.999939 0 -1 -0 0
h  265  -758492 0.999939 0 -1 -0 0
h  266  -748854 0.999939 0 -1 -0 0
h  267  -757788 0.999939 0 -1 -0 0
h  268  -757829 0.999939 0 -1 -0 0
h  269  -757808 0.999939 0 -1 -0 0
h  270  -757776 0.999939 0 -1 -0 0
h  271  -755542 0.999939 0 -1 -0 0
h  272  -755564 0.999939 0 -1 -0 0
h  273  -755563 0.999939 0 -1 -0 0
h  274  -751156 0.999939 0 -1 -0 0
h  275  -751108 0.999939 0 -1 -0 0
h  276  -752987 0.999939 0 -1 -0 0
h  277  -752975 0.999939 0 -1 -0 0
h  278  -761878 0.999939 0 -1 -0 0
h  279  -761881 0.999939 0 -1 -0 0
h  280  -761738 0.999939 0 -1 -0 0
h  281  -761744 0.999939 0 -1 -0 0
h  282  -749342 0.999939 0 -1 -0 0
h  283  -755436 0.999939 0 -1 -0 0
h  284  -761297 0.999939 0 -1 -0 0
h  285  -761296 0.999939 0 -1 -0 0
h  286  -761696 0.999939 0 -1 -0 0
h  287  -761697 0.999939 0 -1 -0 0
h  288  -750223 0.999939 0 -1 -0 0
h  289  -750221 0.999939 0 -1 -0 0
h  290  -749493 0.999939 0 -1 -0 0
h  291  -749495 0.999939 0 -1 -0 0
h  292  -754578 0.999939 0 -1 -0 0
h  293  -752145 0.999939 0 -1 -0 0
h  294  -752665 0.999939 0 -1 -0 0
h  295  -752673 0.999939 0 -1 -0 0
h  296  -751402 0.999939 0 -1 -0 0
h  297  -752676 0.999939 0 -1 -0 0
h  298  -753558 0.999939 0 -1 -0 0
h  299  -753572 0.999939 0 -1 -0 0
h  300  -753575 0.999939 0 -1 -0 0
h  301  -760503 0.999939 0 -1 -0 0
h  302  -760504 0.999939 0 -1 -0 0
h  303  -759302 0.999939 0 -1 -0 0
h  304  -759302 0.999939 0 -1 -0 0
h  801  -554053 0.999939 0 -1 -0 0
h  802  -570956 0.999939 0 -1 -0 0
h  803  -535045 0.999939 0 -1 -0 0
h  804  -543685 0.999939 0 -1 -0 0
h  805  -640721 0.999939 0 -1 -0 0
h  806  -594731 0.999939 0 -1 -0 0
h  807  -590847 0.999939 0 -1 -0 0
h  808  -699133 0.999939 0 -1 -0 0
h  809  -664264 0.999939 0 -1 -0 0
h  810  -630069 0.999939 0 -1 -0 0
h  811  -704484 0.999939 0 -1 -0 0
h  812  -658256 0.999939 0 -1 -0 0
h  813  -554041 0.999939 0 -1 -0 0
h  814  -570944 0.999939 0 -1 -0 0
h  815  -535027 0.999939 0 -1 -0 0
h  816  -543670 0.999939 0 -1 -0 0
h  817  -640708 0.999939 0 -1 -0 0
h  818  -594718 0.999939 0 -1 -0 0
h  819  -590837 0.999939 0 -1 -0 0
h  820  -699128 0.999939 0 -1 -0 0
h  821  -664256 0.999939 0 -1 -0 0
h  822  -630061 0.999939 0 -1 -0 0
h  823  -704481 0.999939 0 -1 -0 0
h  824  -658253 0.999939 0 -1 -0 0
h  892  -607581 0.999939 0 -1 -0 0
h  893  -572386 0.999939 0 -1 -0 0
h  894  -556401 0.999939 0 -1 -0 0
h  895  -602854 0.999939 0 -1 -0 0
h  896  -544532 0.999939 0 -1 -0 0
h  897  -536705 0.999939 0 -1 -0 0
h  898  -736113 0.999939 0 -1 -0 0
h  899  -745625 0.999939 0 -1 -0 0
h  900  -741607 0.999939 0 -1 -0 0
h  901  -750656 0.999939 0 -1 -0 0
h  902  -607605 0.999939 0 -1 -0 0
h  903  -572394 0.999939 0 -1 -0 0
h  904  -556396 0.999939 0 -1 -0 0
h  905  -602946 0.999939 0 -1 -0 0
h  906  -544528 0.999939 0 -1 -0 0
h  907  -536685 0.999939 0 -1 -0 0
h  908  -736112 0.999939 0 -1 -0 0
h  909  -745629 0.999939 0 -1 -0 0
h  910  -741615 0.999939 0 -1 -0 0
h  911  -750671 0.999939 0 -1 -0 0
h  912  -746095 0.999939 0 -1 -0 0
h  913  -736820 0.999939 0 -1 -0 0
h  914  -751074 0.999939 0 -1 -0 0
h  915  -742785 0.999939 0 -1 -0 0
h  916  -746100 0.999939 0 -1 -0 0
h  917  -736826 0.999939 0 -1 -0 0
h  918  -751079 0.999939 0 -1 -0 0
h  919  -742789 0.999939 0 -1 -0 0
h  920  -627107 0.999939 0 -1 -0 0
h  921  -662547 0.999939 0 -1 -0 0
h  925  -626946 0.999939 0 -1 -0 0
h  926  -662534 0.999939 0 -1 -0 0
h  1036  -762047 0.999939 0 -1 -0 0
h  1039  -760203 0.999939 0 -1 -0 0
h  1040  -761670 0.999939 0 -1 -0 0
h  1041  -762884 0.999939 0 -1 -0 0
h  1045  -762046 0.999939 0 -1 -0 0
h  1049  -762884 0.999939 0 -1 -0 0
h  1050  -760190 0.999939 0 -1 -0 0
h  1051  -761670 0.999939 0 -1 -0 0
h  1052  -762086 0.999939 0 -1 -0 0
h  1053  -759135 0.999939 0 -1 -0 0
h  1054  -760381 0.999939 0 -1 -0 0
h  1059  -762048 0.999939 0 -1 -0 0
h  1062  -760201 0.999939 0 -1 -0 0
h  1063  -761673 0.999939 0 -1 -0 0
h  1064  -762885 0.999939 0 -1 -0 0
h  1065  -762085 0.999939 0 -1 -0 0
h  1066  -759156 0.999939 0 -1 -0 0
h  1067  -760386 0.999939 0 -1 -0 0
h  1071  -762045 0.999939 0 -1 -0 0
h  1075  -762885 0.999939 0 -1 -0 0
h  1076  -760182 0.999939 0 -1 -0 0
h  1077  -761667 0.999939 0 -1 -0 0
h  1078  -762086 0.999939 0 -1 -0 0
h  1079  -759126 0.999939 0 -1 -0 0
h  1080  -760373 0.999939 0 -1 -0 0
h  1081  -746046 0.999939 0 -1 -0 0
h  1084  -748659 0.999939 0 -1 -0 0
h  1085  -749263 0.999939 0 -1 -0 0
h  1086  -749494 0.999939 0 -1 -0 0
h  1087  -746024 0.999939 0 -1 -0 0
h  1097  -746272 0.999939 0 -1 -0 0
h  1100  -748743 0.999939 0 -1 -0 0
h  1101  -749369 0.999939 0 -1 -0 0
h  1102  -746109 0.999939 0 -1 -0 0
h  1103  -749602 0.999939 0 -1 -0 0
h  1113  -746279 0.999939 0 -1 -0 0
h  1116  -748748 0.999939 0 -1 -0 0
h  1117  -749374 0.999939 0 -1 -0 0
h  1118  -746118 0.999939 0 -1 -0 0
h  1119  -749609 0.999939 0 -1 -0 0
h  1120  -762748 0.999939 0 -1 -0 0
h  1123  -761874 0.999939 0 -1 -0 0
h  1124  -762637 0.999939 0 -1 -0 0
h  1125  -761595 0.999939 0 -1 -0 0
h  1126  -762748 0.999939 0 -1 -0 0
h  1129  -761874 0.999939 0 -1 -0 0
h  1130  -762638 0.999939 0 -1 -0 0
h  1131  -761595 0.999939 0 -1 -0 0
h  1132  -520409 0.999939 0 -1 -0 0
h  1133  -521393 0.999939 0 -1 -0 0
h  1134  -521054 0.999939 0 -1 -0 0
h  1135  -520187 0.999939 0 -1 -0 0
h  1136  -519064 0.999939 0 -1 -0 0
h  1137  -520403 0.999939 0 -1 -0 0
h  1138  -521388 0.999939 0 -1 -0 0
h  1139  -521053 0.999939 0 -1 -0 0
h  1140  -520190 0.999939 0 -1 -0 0
h  1141  -519064 0.999939 0 -1 -0 0
h  1142  -521378 0.999939 0 -1 -0 0
h  1143  -520387 0.999939 0 -1 -0 0
h  1144  -521045 0.999939 0 -1 -0 0
h  1145  -519046 0.999939 0 -1 -0 0
h  1146  -520180 0.999939 0 -1 -0 0
h  1147  -521394 0.999939 0 -1 -0 0
h  1148  -520413 0.999939 0 -1 -0 0
h  1149  -521056 0.999939 0 -1 -0 0
h  1150  -519068 0.999939 0 -1 -0 0
h  1151  -520192 0.999939 0 -1 -0 0
h  1152  -762266 0.999939 0 -1 -0 0
h  1153  -760722 0.999939 0 -1 -0 0
h  1154  -760633 0.999939 0 -1 -0 0
h  1155  -760181 0.999939 0 -1 -0 0
h  1156  -759748 0.999939 0 -1 -0 0
h  1157  -762750 0.999939 0 -1 -0 0
h  1158  -761795 0.999939 0 -1 -0 0
SolidID  6   323 
h  113  -652617 0.999939 0 -1 -0 0
h  114  -652596 0.999939 0 -1 -0 0
h  115  -750856 0.999939 0 -1 -0 0
h  116  -750856 0.999939 0 -1 -0 0
h  117  -750986 0.999939 0 -1 -0 0
h  118  -750994 0.999939 0 -1 -0 0
h  119  -692935 0.999939 0 -1 -0 0
h  120  -692921 0.999939 0 -1 -0 0
h  121  -720499 0.999939 0 -1 -0 0
h  122  -720492 0.999939 0 -1 -0 0
h  123  -758656 0.999939 0 -1 -0 0
h  124  -758671 0.999939 0 -1 -0 0
h  125  -720776 0.999939 0 -1 -0 0
h  126  -720769 0.999939 0 -1 -0 0
h  127  -513478 0.999939 0 -1 -0 0
h  128  -513551 0.999939 0 -1 -0 0
h  129  -513388 0.999939 0 -1 -0 0
h  130  -513419 0.999939 0 -1 -0 0
h  131  -758758 0.999939 0 -1 -0 0
h  132  -758759 0.999939 0 -1 -0 0
h  133  -756207 0.999939 0 -1 -0 0
h  134  -756289 0.999939 0 -1 -0 0
h  135  -756213 0.999939 0 -1 -0 0
h  136  -756295 0.999939 0 -1 -0 0
h  137  -696504 0.999939 0 -1 -0 0
h  138  -696502 0.999939 0 -1 -0 0
h  139  -759635 0.999939 0 -1 -0 0
h  140  -759640 0.999939 0 -1 -0 0
h  141  -759711 0.999939 0 -1 -0 0
h  142  -759713 0.999939 0 -1 -0 0
h  143  -734033 0.999939 0 -1 -0 0
h  144  -734002 0.999939 0 -1 -0 0
h  145  -756688 0.999939 0 -1 -0 0
h  146  -756708 0.999939 0 -1 -0 0
h  147  -756729 0.999939 0 -1 -0 0
h  148  -756736 0.999939 0 -1 -0 0
h  149  -531439 0.999939 0 -1 -0 0
h  150  -531430 0.999939 0 -1 -0 0
h  151  -531377 0.999939 0 -1 -0 0
h  152  -531364 0.999939 0 -1 -0 0
h  153  -754934 0.999939 0 -1 -0 0
h  154  -754966 0.999939 0 -1 -0 0
h  155  -754973 0.999939 0 -1 -0 0
h  156  -754975 0.999939 0 -1 -0 0
h  157  -514264 0.999939 0 -1 -0 0
h  158  -514106 0.999939 0 -1 -0 0
h  159  -514280 0.999939 0 -1 -0 0
h  160  -514246 0.999939 0 -1 -0 0
h  161  -508317 0.999939 0 -1 -0 0
h  162  -508174 0.999939 0 -1 -0 0
h  163  -508325 0.999939 0 -1 -0 0
h  164  -508368 0.999939 0 -1 -0 0
h  165  -735232 0.999939 0 -1 -0 0
h  166  -735234 0.999939 0 -1 -0 0
h  167  -748865 0.999939 0 -1 -0 0
h  168  -748860 0.999939 0 -1 -0 0
h  169  -748857 0.999939 0 -1 -0 0
h  170  -748736 0.999939 0 -1 -0 0
h  171  -499174 0.999939 0 -1 -0 0
h  172  -499160 0.999939 0 -1 -0 0
h  173  -499054 0.999939 0 -1 -0 0
h  174  -499289 0.999939 0 -1 -0 0
h  175  -745135 0.999939 0 -1 -0 0
h  176  -745140 0.999939 0 -1 -0 0
h  177  -758059 0.999939 0 -1 -0 0
h  178  -758103 0.999939 0 -1 -0 0
h  179  -758090 0.999939 0 -1 -0 0
h  180  -758112 0.999939 0 -1 -0 0
h  181  -745152 0.999939 0 -1 -0 0
h  182  -752942 0.999939 0 -1 -0 0
h  183  -753079 0.999939 0 -1 -0 0
h  184  -753082 0.999939 0 -1 -0 0
h  185  -753088 0.999939 0 -1 -0 0
h  186  -744898 0.999939 0 -1 -0 0
h  187  -753737 0.999939 0 -1 -0 0
h  188  -515587 0.999939 0 -1 -0 0
h  189  -515582 0.999939 0 -1 -0 0
h  190  -515585 0.999939 0 -1 -0 0
h  191  -515564 0.999939 0 -1 -0 0
h  192  -524374 0.999939 0 -1 -0 0
h  193  -524356 0.999939 0 -1 -0 0
h  194  -524356 0.999939 0 -1 -0 0
h  195  -524342 0.999939 0 -1 -0 0
h  196  -521353 0.999939 0 -1 -0 0
h  197  -521338 0.999939 0 -1 -0 0
h  198  -521370 0.999939 0 -1 -0 0
h  199  -521334 0.999939 0 -1 -0 0
h  200  -753982 0.999939 0 -1 -0 0
h  201  -753991 0.999939 0 -1 -0 0
h  202  -754007 0.999939 0 -1 -0 0
h  203  -747720 0.999939 0 -1 -0 0
h  204  -756401 0.999939 0 -1 -0 0
h  205  -748621 0.999939 0 -1 -0 0
h  206  -748628 0.999939 0 -1 -0 0
h  207  -748641 0.999939 0 -1 -0 0
h  208  -756500 0.999939 0 -1 -0 0
h  209  -756505 0.999939 0 -1 -0 0
h  210  -756519 0.999939 0 -1 -0 0
h  211  -745200 0.999939 0 -1 -0 0
h  212  -751685 0.999939 0 -1 -0 0
h  213  -762694 0.999939 0 -1 -0 0
h  214  -523026 0.999939 0 -1 -0 0
h  215  -523012 0.999939 0 -1 -0 0
h  216  -523031 0.999939 0 -1 -0 0
h  217  -523022 0.999939 0 -1 -0 0
h  218  -761472 0.999939 0 -1 -0 0
h  219  -761479 0.999939 0 -1 -0 0
h  220  -748555 0.999939 0 -1 -0 0
h  221  -748554 0.999939 0 -1 -0 0
h  222  -746755 0.999939 0 -1 -0 0
h  223  -752384 0.999939 0 -1 -0 0
h  224  -752395 0.999939 0 -1 -0 0
h  225  -752411 0.999939 0 -1 -0 0
h  226  -762345 0.999939 0 -1 -0 0
h  227  -762344 0.999939 0 -1 -0 0
h  228  -756857 0.999939 0 -1 -0 0
h  229  -756832 0.999939 0 -1 -0 0
h  230  -756851 0.999939 0 -1 -0 0
h  231  -748548 0.999939 0 -1 -0 0
h  232  -750434 0.999939 0 -1 -0 0
h  233  -750373 0.999939 0 -1 -0 0
h  234  -756742 0.999939 0 -1 -0 0
h  235  -747316 0.999939 0 -1 -0 0
h  236  -753022 0.999939 0 -1 -0 0
h  237  -757160 0.999939 0 -1 -0 0
h  238  -757161 0.999939 0 -1 -0 0
h  239  -754036 0.999939 0 -1 -0 0
h  240  -754052 0.999939 0 -1 -0 0
h  241  -754056 0.999939 0 -1 -0 0
h  242  -761760 0.999939 0 -1 -0 0
h  243  -762200 0.999939 0 -1 -0 0
h  244  -762202 0.999939 0 -1 -0 0
h  245  -757204 0.999939 0 -1 -0 0
h  246  -753904 0.999939 0 -1 -0 0
h  247  -753904 0.999939 0 -1 -0 0
h  248  -757216 0.999939 0 -1 -0 0
h  249  -522736 0.999939 0 -1 -0 0
h  250  -522727 0.999939 0 -1 -0 0
h  251  -522735 0.999939 0 -1 -0 0
h  252  -522726 0.999939 0 -1 -0 0
h  253  -521829 0.999939 0 -1 -0 0
h  254  -521824 0.999939 0 -1 -0 0
h  255  -521828 0.999939 0 -1 -0 0
h  256  -521816 0.999939 0 -1 -0 0
h  257  -748826 0.999939 0 -1 -0 0
h  258  -520484 0.999939 0 -1 -0 0
h  259  -520482 0.999939 0 -1 -0 0
h  260  -520489 0.999939 0 -1 -0 0
h  261  -520489 0.999939 0 -1 -0 0
h  262  -758502 0.999939 0 -1 -0 0
h  263  -758552 0.999939 0 -1 -0 0
h  264  -758522 0.999939 0 -1 -0 0
h  265  -758492 0.999939 0 -1 -0 0
h  266  -748854 0.999939 0 -1 -0 0
h  267  -757788 0.999939 0 -1 -0 0
h  268  -757829 0.999939 0 -1 -0 0
h  269  -757808 0.999939 0 -1 -0 0
h  270  -757776 0.999939 0 -1 -0 0
h  271  -755542 0.999939 0 -1 -0 0
h  272  -755564 0.999939 0 -1 -0 0
h  273  -755563 0.999939 0 -1 -0 0
h  274  -751156 0.999939 0 -1 -0 0
h  275  -751108 0.999939 0 -1 -0 0
h  276  -752987 0.999939 0 -1 -0 0
h  277  -752975 0.999939 0 -1 -0 0
h  278  -761878 0.999939 0 -1 -0 0
h  279  -761881 0.999939 0 -1 -0 0
h  280  -761738 0.999939 0 -1 -0 0
h  281  -761744 0.999939 0 -1 -0 0
h  282  -749342 0.999939 0 -1 -0 0
h  283  -755436 0.999939 0 -1 -0 0
h  284  -761297 0.999939 0 -1 -0 0
h  285  -761296 0.999939 0 -1 -0 0
h  286  -761696 0.999939 0 -1 -0 0
h  287  -761697 0.999939 0 -1 -0 0
h  288  -750223 0.999939 0 -1 -0 0
h  289  -750221 0.999939 0 -1 -0 0
h  290  -749493 0.999939 0 -1 -0 0
h  291  -749495 0.999939 0 -1 -0 0
h  292  -754578 0.999939 0 -1 -0 0
h  293  -752145 0.999939 0 -1 -0 0
h  294  -752665 0.999939 0 -1 -0 0
h  295  -752673 0.999939 0 -1 -0 0
h  296  -751402 0.999939 0 -1 -0 0
h  297  -752676 0.999939 0 -1 -0 0
h  298  -753558 0.999939 0 -1 -0 0
h  299  -753572 0.999939 0 -1 -0 0
h  300  -753575 0.999939 0 -1 -0 0
h  301  -760503 0.999939 0 -1 -0 0
h  302  -760504 0.999939 0 -1 -0 0
h  303  -759302 0.999939 0 -1 -0 0
h  304  -759302 0.999939 0 -1 -0 0
h  801  -554053 0.999939 0 -1 -0 0
h  802  -570956 0.999939 0 -1 -0 0
h  803  -535045 0.999939 0 -1 -0 0
h  804  -543685 0.999939 0 -1 -0 0
h  805  -640721 0.999939 0 -1 -0 0
h  806  -594731 0.999939 0 -1 -0 0
h  807  -590847 0.999939 0 -1 -0 0
h  808  -699133 0.999939 0 -1 -0 0
h  809  -664264 0.999939 0 -1 -0 0
h  810  -630069 0.999939 0 -1 -0 0
h  811  -704484 0.999939 0 -1 -0 0
h  812  -658256 0.999939 0 -1 -0 0
h  813  -554041 0.999939 0 -1 -0 0
h  814  -570944 0.999939 0 -1 -0 0
h  815  -535027 0.999939 0 -1 -0 0
h  816  -543670 0.999939 0 -1 -0 0
h  817  -640708 0.999939 0 -1 -0 0
h  818  -594718 0.999939 0 -1 -0 0
h  819  -590837 0.999939 0 -1 -0 0
h  820  -699128 0.999939 0 -1 -0 0
h  821  -664256 0.999939 0 -1 -0 0
h  822  -630061 0.999939 0 -1 -0 0
h  823  -704481 0.999939 0 -1 -0 0
h  824  -658253 0.999939 0 -1 -0 0
h  892  -607581 0.999939 0 -1 -0 0
h  893  -572386 0.999939 0 -1 -0 0
h  894  -556401 0.999939 0 -1 -0 0
h  895  -602854 0.999939 0 -1 -0 0
h  896  -544532 0.999939 0 -1 -0 0
h  897  -536705 0.999939 0 -1 -0 0
h  898  -736113 0.999939 0 -1 -0 0
h  899  -745625 0.999939 0 -1 -0 0
h  900  -741607 0.999939 0 -1 -0 0
h  901  -750656 0.999939 0 -1 -0 0
h  902  -607605 0.999939 0 -1 -0 0
h  903  -572394 0.999939 0 -1 -0 0
h  904  -556396 0.999939 0 -1 -0 0
h  905  -602946 0.999939 0 -1 -0 0
h  906  -544528 0.999939 0 -1 -0 0
h  907  -536685 0.999939 0 -1 -0 0
h  908  -736112 0.999939 0 -1 -0 0
h  909  -745629 0.999939 0 -1 -0 0
h  910  -741615 0.999939 0 -1 -0 0
h  911  -750671 0.999939 0 -1 -0 0
h  912  -746095 0.999939 0 -1 -0 0
h  913  -736820 0.999939 0 -1 -0 0
h  914  -751074 0.999939 0 -1 -0 0
h  915  -742785 0.999939 0 -1 -0 0
h  916  -746100 0.999939 0 -1 -0 0
h  917  -736826 0.999939 0 -1 -0 0
h  918  -751079 0.999939 0 -1 -0 0
h  919  -742789 0.999939 0 -1 -0 0
h  920  -627107 0.999939 0 -1 -0 0
h  921  -662547 0.999939 0 -1 -0 0
h  925  -626946 0.999939 0 -1 -0 0
h  926  -662534 0.999939 0 -1 -0 0
h  1036  -762047 0.999939 0 -1 -0 0
h  1039  -760203 0.999939 0 -1 -0 0
h  1040  -761670 0.999939 0 -1 -0 0
h  1041  -762884 0.999939 0 -1 -0 0
h  1045  -762046 0.999939 0 -1 -0 0
h  1049  -762884 0.999939 0 -1 -0 0
h  1050  -760190 0.999939 0 -1 -0 0
h  1051  -761670 0.999939 0 -1 -0 0
h  1052  -762086 0.999939 0 -1 -0 0
h  1053  -759135 0.999939 0 -1 -0 0
h  1054  -760381 0.999939 0 -1 -0 0
h  1059  -762048 0.999939 0 -1 -0 0
h  1062  -760201 0.999939 0 -1 -0 0
h  1063  -761673 0.999939 0 -1 -0 0
h  1064  -762885 0.999939 0 -1 -0 0
h  1065  -762085 0.999939 0 -1 -0 0
h  1066  -759156 0.999939 0 -1 -0 0
h  1067  -760386 0.999939 0 -1 -0 0
h  1071  -762045 0.999939 0 -1 -0 0
h  1075  -762885 0.999939 0 -1 -0 0
h  1076  -760182 0.999939 0 -1 -0 0
h  1077  -761667 0.999939 0 -1 -0 0
h  1078  -762086 0.999939 0 -1 -0 0
h  1079  -759126 0.999939 0 -1 -0 0
h  1080  -760373 0.999939 0 -1 -0 0
h  1081  -746046 0.999939 0 -1 -0 0
h  1084  -748659 0.999939 0 -1 -0 0
h  1085  -749263 0.999939 0 -1 -0 0
h  1086  -749494 0.999939 0 -1 -0 0
h  1087  -746024 0.999939 0 -1 -0 0
h  1097  -746272 0.999939 0 -1 -0 0
h  1100  -748743 0.999939 0 -1 -0 0
h  1101  -749369 0.999939 0 -1 -0 0
h  1102  -746109 0.999939 0 -1 -0 0
h  1103  -749602 0.999939 0 -1 -0 0
h  1113  -746279 0.999939 0 -1 -0 0
h  1116  -748748 0.999939 0 -1 -0 0
h  1117  -749374 0.999939 0 -1 -0 0
h  1118  -746118 0.999939 0 -1 -0 0
h  1119  -749609 0.999939 0 -1 -0 0
h  1120  -762748 0.999939 0 -1 -0 0
h  1123  -761874 0.999939 0 -1 -0 0
h  1124  -762637 0.999939 0 -1 -0 0
h  1125  -761595 0.999939 0 -1 -0 0
h  1126  -762748 0.999939 0 -1 -0 0
h  1129  -761874 0.999939 0 -1 -0 0
h  1130  -762638 0.999939 0 -1 -0 0
h  1131  -761595 0.999939 0 -1 -0 0
h  1132  -520409 0.999939 0 -1 -0 0
h  1133  -521393 0.999939 0 -1 -0 0
h  1134  -521054 0.999939 0 -1 -0 0
h  1135  -520187 0.999939 0 -1 -0 0
h  1136  -519064 0.999939 0 -1 -0 0
h  1137  -520403 0.999939 0 -1 -0 0
h  1138  -521388 0.999939 0 -1 -0 0
h  1139  -521053 0.999939 0 -1 -0 0
h  1140  -520190 0.999939 0 -1 -0 0
h  1141  -519064 0.999939 0 -1 -0 0
h  1142  -521378 0.999939 0 -1 -0 0
h  1143  -520387 0.999939 0 -1 -0 0
h  1144  -521045 0.999939 0 -1 -0 0
h  1145  -519046 0.999939 0 -1 -0 0
h  1146  -520180 0.999939 0 -1 -0 0
h  1147  -521394 0.999939 0 -1 -0 0
h  1148  -520413 0.999939 0 -1 -0 0
h  1149  -521056 0.999939 0 -1 -0 0
h  1150  -519068 0.999939 0 -1 -0 0
h  1151  -520192 0.999939 0 -1 -0 0
h  1152  -762266 0.999939 0 -1 -0 0
h  1153  -760722 0.999939 0 -1 -0 0
h  1154  -760633 0.999939 0 -1 -0 0
h  1155  -760181 0.999939 0 -1 -0 0
h  1156  -759748 0.999939 0 -1 -0 0
h  1157  -762750 0.999939 0 -1 -0 0
h  1158  -761795 0.999939 0 -1 -0 0
SolidID  29   16 
h  546  -521662 0.999939 0 -1 -0 0
h  547  -521251 0.999939 0 -1 -0 0
h  548  -521252 0.999939 0 -1 -0 0
h  549  -521255 0.999939 0 -1 -0 0
h  550  -521658 0.999939 0 -1 -0 0
h  551  -521536 0.999939 0 -1 -0 0
h  552  -521533 0.999939 0 -1 -0 0
h  553  -521662 0.999939 0 -1 -0 0
h  554  -521538 0.999939 0 -1 -0 0
h  555  -521365 0.999939 0 -1 -0 0
h  556  -521363 0.999939 0 -1 -0 0
h  557  -521254 0.999939 0 -1 -0 0
h  558  -521657 0.999939 0 -1 -0 0
h  559  -521538 0.999939 0 -1 -0 0
h  560  -521363 0.999939 0 -1 -0 0
h  561  -521360 0.999939 0 -1 -0 0
SolidID  6   323 
h  113  -652617 0.999939 0 -1 -0 0
h  114  -652596 0.999939 0 -1 -0 0
h  115  -750856 0.999939 0 -1 -0 0
h  116  -750856 0.999939 0 -1 -0 0
h  117  -750986 0.999939 0 -1 -0 0
h  118  -750994 0.999939 0 -1 -0 0
h  119  -692935 0.999939 0 -1 -0 0
h  120  -692921 0.999939 0 -1 -0 0
h  121  -720499 0.999939 0 -1 -0 0
h  122  -720492 0.999939 0 -1 -0 0
h  123  -758656 0.999939 0 -1 -0 0
h  124  -758671 0.999939 0 -1 -0 0
h  125  -720776 0.999939 0 -1 -0 0
h  126  -720769 0.999939 0 -1 -0 0
h  127  -513478 0.999939 0 -1 -0 0
h  128  -513551 0.999939 0 -1 -0 0
h  129  -513388 0.999939 0 -1 -0 0
h  130  -513419 0.999939 0 -1 -0 0
h  131  -758758 0.999939 0 -1 -0 0
h  132  -758759 0.999939 0 -1 -0 0
h  133  -756207 0.999939 0 -1 -0 0
h  134  -756289 0.999939 0 -1 -0 0
h  135  -756213 0.999939 0 -1 -0 0
h  136  -756295 0.999939 0 -1 -0 0
h  137  -696504 0.999939 0 -1 -0 0
h  138  -696502 0.999939 0 -1 -0 0
h  139  -759635 0.999939 0 -1 -0 0
h  140  -759640 0.999939 0 -1 -0 0
h  141  -759711 0.999939 0 -1 -0 0
h  142  -759713 0.999939 0 -1 -0 0
h  143  -734033 0.999939 0 -1 -0 0
h  144  -734002 0.999939 0 -1 -0 0
h  145  -756688 0.999939 0 -1 -0 0
h  146  -756708 0.999939 0 -1 -0 0
h  147  -756729 0.999939 0 -1 -0 0
h  148  -756736 0.999939 0 -1 -0 0
h  149  -531439 0.999939 0 -1 -0 0
h  150  -531430 0.999939 0 -1 -0 0
h  151  -531377 0.999939 0 -1 -0 0
h  152  -531364 0.999939 0 -1 -0 0
h  153  -754934 0.999939 0 -1 -0 0
h  154  -754966 0.999939 0 -1 -0 0
h  155  -754973 0.999939 0 -1 -0 0
h  156  -754975 0.999939 0 -1 -0 0
h  157  -514264 0.999939 0 -1 -0 0
h  158  -514106 0.999939 0 -1 -0 0
h  159  -514280 0.999939 0 -1 -0 0
h  160  -514246 0.999939 0 -1 -0 0
h  161  -508317 0.999939 0 -1 -0 0
h  162  -508174 0.999939 0 -1 -0 0
h  163  -508325 0.999939 0 -1 -0 0
h  164  -508368 0.999939 0 -1 -0 0
h  165  -735232 0.999939 0 -1 -0 0
h  166  -735234 0.999939 0 -1 -0 0
h  167  -748865 0.999939 0 -1 -0 0
h  168  -748860 0.999939 0 -1 -0 0
h  169  -748857 0.999939 0 -1 -0 0
h  170  -748736 0.999939 0 -1 -0 0
h  171  -499174 0.999939 0 -1 -0 0
h  172  -499160 0.999939 0 -1 -0 0
h  173  -499054 0.999939 0 -1 -0 0
h  174  -499289 0.999939 0 -1 -0 0
h  175  -745135 0.999939 0 -1 -0 0
h  176  -745140 0.999939 0 -1 -0 0
h  177  -758059 0.999939 0 -1 -0 0
h  178  -758103 0.999939 0 -1 -0 0
h  179  -758090 0.999939 0 -1 -0 0
h  180  -758112 0.999939 0 -1 -0 0
h  181  -745152 0.999939 0 -1 -0 0
h  182  -752942 0.999939 0 -1 -0 0
h  183  -753079 0.999939 0 -1 -0 0
h  184  -753082 0.999939 0 -1 -0 0
h  185  -753088 0.999939 0 -1 -0 0
h  186  -744898 0.999939 0 -1 -0 0
h  187  -753737 0.999939 0 -1 -0 0
h  188  -515587 0.999939 0 -1 -0 0
h  189  -515582 0.999939 0 -1 -0 0
h  190  -515585 0.999939 0 -1 -0 0
h  191  -515564 0.999939 0 -1 -0 0
h  192  -524374 0.999939 0 -1 -0 0
h  193  -524356 0.999939 0 -1 -0 0
h  194  -524356 0.999939 0 -1 -0 0
h  195  -524342 0.999939 0 -1 -0 0
h  196  -521353 0.999939 0 -1 -0 0
h  197  -521338 0.999939 0 -1 -0 0
h  198  -521370 0.999939 0 -1 -0 0
h  199  -521334 0.999939 0 -1 -0 0
h  200  -753982 0.999939 0 -1 -0 0
h  201  -753991 0.999939 0 -1 -0 0
h  202  -754007 0.999939 0 -1 -0 0
h  203  -747720 0.999939 0 -1 -0 0
h  204  -756401 0.999939 0 -1 -0 0
h  205  -748621 0.999939 0 -1 -0 0
h  206  -748628 0.999939 0 -1 -0 0
h  207  -748641 0.999939 0 -1 -0 0
h  208  -756500 0.999939 0 -1 -0 0
h  209  -756505 0.999939 0 -1 -0 0
h  210  -756519 0.999939 0 -1 -0 0
h  211  -745200 0.999939 0 -1 -0 0
h  212  -751685 0.999939 0 -1 -0 0
h  213  -762694 0.999939 0 -1 -0 0
h  214  -523026 0.999939 0 -1 -0 0
h  215  -523012 0.999939 0 -1 -0 0
h  216  -523031 0.999939 0 -1 -0 0
h  217  -523022 0.999939 0 -1 -0 0
h  218  -761472 0.999939 0 -1 -0 0
h  219  -761479 0.999939 0 -1 -0 0
h  220  -748555 0.999939 0 -1 -0 0
h  221  -748554 0.999939 0 -1 -0 0
h  222  -746755 0.999939 0 -1 -0 0
h  223  -752384 0.999939 0 -1 -0 0
h  224  -752395 0.999939 0 -1 -0 0
h  225  -752411 0.999939 0 -1 -0 0
h  226  -762345 0.999939 0 -1 -0 0
h  227  -762344 0.999939 0 -1 -0 0
h  228  -756857 0.999939 0 -1 -0 0
h  229  -756832 0.999939 0 -1 -0 0
h  230  -756851 0.999939 0 -1 -0 0
h  231  -748548 0.999939 0 -1 -0 0
h  232  -750434 0.999939 0 -1 -0 0
h  233  -750373 0.999939 0 -1 -0 0
h  234  -756742 0.999939 0 -1 -0 0
h  235  -747316 0.999939 0 -1 -0 0
h  236  -753022 0.999939 0 -1 -0 0
h  237  -757160 0.999939 0 -1 -0 0
h  238  -757161 0.999939 0 -1 -0 0
h  239  -754036 0.999939 0 -1 -0 0
h  240  -754052 0.999939 0 -1 -0 0
h  241  -754056 0.999939 0 -1 -0 0
h  242  -761760 0.999939 0 -1 -0 0
h  243  -762200 0.999939 0 -1 -0 0
h  244  -762202 0.999939 0 -1 -0 0
h  245  -757204 0.999939 0 -1 -0 0
h  246  -753904 0.999939 0 -1 -0 0
h  247  -753904 0.999939 0 -1 -0 0
h  248  -757216 0.999939 0 -1 -0 0
h  249  -522736 0.999939 0 -1 -0 0
h  250  -522727 0.999939 0 -1 -0 0
h  251  -522735 0.999939 0 -1 -0 0
h  252  -522726 0.999939 0 -1 -0 0
h  253  -521829 0.999939 0 -1 -0 0
h  254  -521824 0.999939 0 -1 -0 0
h  255  -521828 0.999939 0 -1 -0 0
h  256  -521816 0.999939 0 -1 -0 0
h  257  -748826 0.999939 0 -1 -0 0
h  258  -520484 0.999939 0 -1 -0 0
h  259  -520482 0.999939 0 -1 -0 0
h  260  -520489 0.999939 0 -1 -0 0
h  261  -520489 0.999939 0 -1 -0 0
h  262  -758502 0.999939 0 -1 -0 0
h  263  -758552 0.999939 0 -1 -0 0
h  264  -758522 0.999939 0 -1 -0 0
h  265  -758492 0.999939 0 -1 -0 0
h  266  -748854 0.999939 0 -1 -0 0
h  267  -757788 0.999939 0 -1 -0 0
h  268  -757829 0.999939 0 -1 -0 0
h  269  -757808 0.999939 0 -1 -0 0
h  270  -757776 0.999939 0 -1 -0 0
h  271  -755542 0.999939 0 -1 -0 0
h  272  -755564 0.999939 0 -1 -0 0
h  273  -755563 0.999939 0 -1 -0 0
h  274  -751156 0.999939 0 -1 -0 0
h  275  -751108 0.999939 0 -1 -0 0
h  276  -752987 0.999939 0 -1 -0 0
h  277  -752975 0.999939 0 -1 -0 0
h  278  -761878 0.999939 0 -1 -0 0
h  279  -761881 0.999939 0 -1 -0 0
h  280  -761738 0.999939 0 -1 -0 0
h  281  -761744 0.999939 0 -1 -0 0
h  282  -749342 0.999939 0 -1 -0 0
h  283  -755436 0.999939 0 -1 -0 0
h  284  -761297 0.999939 0 -1 -0 0
h  285  -761296 0.999939 0 -1 -0 0
h  286  -761696 0.999939 0 -1 -0 0
h  287  -761697 0.999939 0 -1 -0 0
h  288  -750223 0.999939 0 -1 -0 0
h  289  -750221 0.999939 0 -1 -0 0
h  290  -749493 0.999939 0 -1 -0 0
h  291  -749495 0.999939 0 -1 -0 0
h  292  -754578 0.999939 0 -1 -0 0
h  293  -752145 0.999939 0 -1 -0 0
h  294  -752665 0.999939 0 -1 -0 0
h  295  -752673 0.999939 0 -1 -0 0
h  296  -751402 0.999939 0 -1 -0 0
h  297  -752676 0.999939 0 -1 -0 0
h  298  -753558 0.999939 0 -1 -0 0
h  299  -753572 0.999939 0 -1 -0 0
h  300  -753575 0.999939 0 -1 -0 0
h  301  -760503 0.999939 0 -1 -0 0
h  302  -760504 0.999939 0 -1 -0 0
h  303  -759302 0.999939 0 -1 -0 0
h  304  -759302 0.999939 0 -1 -0 0
h  801  -554053 0.999939 0 -1 -0 0
h  802  -570956 0.999939 0 -1 -0 0
h  803  -535045 0.999939 0 -1 -0 0
h  804  -543685 0.999939 0 -1 -0 0
h  805  -640721 0.999939 0 -1 -0 0
h  806  -594731 0.999939 0 -1 -0 0
h  807  -590847 0.999939 0 -1 -0 0
h  808  -699133 0.999939 0 -1 -0 0
h  809  -664264 0.999939 0 -1 -0 0
h  810  -630069 0.999939 0 -1 -0 0
h  811  -704484 0.999939 0 -1 -0 0
h  812  -658256 0.999939 0 -1 -0 0
h  813  -554041 0.999939 0 -1 -0 0
h  814  -570944 0.999939 0 -1 -0 0
h  815  -535027 0.999939 0 -1 -0 0
h  816  -543670 0.999939 0 -1 -0 0
h  817  -640708 0.999939 0 -1 -0 0
h  818  -594718 0.999939 0 -1 -0 0
h  819  -590837 0.999939 0 -1 -0 0
h  820  -699128 0.999939 0 -1 -0 0
h  821  -664256 0.999939 0 -1 -0 0
h  822  -630061 0.999939 0 -1 -0 0
h  823  -704481 0.999939 0 -1 -0 0
h  824  -658253 0.999939 0 -1 -0 0
h  892  -607581 0.999939 0 -1 -0 0
h  893  -572386 0.999939 0 -1 -0 0
h  894  -556401 0.999939 0 -1 -0 0
h  895  -602854 0.999939 0 -1 -0 0
h  896  -544532 0.999939 0 -1 -0 0
h  897  -536705 0.999939 0 -1 -0 0
h  898  -736113 0.999939 0 -1 -0 0
h  899  -745625 0.999939 0 -1 -0 0
h  900  -741607 0.999939 0 -1 -0 0
h  901  -750656 0.999939 0 -1 -0 0
h  902  -607605 0.999939 0 -1 -0 0
h  903  -572394 0.999939 0 -1 -0 0
h  904  -556396 0.999939 0 -1 -0 0
h  905  -602946 0.999939 0 -1 -0 0
h  906  -544528 0.999939 0 -1 -0 0
h  907  -536685 0.999939 0 -1 -0 0
h  908  -736112 0.999939 0 -1 -0 0
h  909  -745629 0.999939 0 -1 -0 0
h  910  -741615 0.999939 0 -1 -0 0
h  911  -750671 0.999939 0 -1 -0 0
h  912  -746095 0.999939 0 -1 -0 0
h  913  -736820 0.999939 0 -1 -0 0
h  914  -751074 0.999939 0 -1 -0 0
h  915  -742785 0.999939 0 -1 -0 0
h  916  -746100 0.999939 0 -1 -0 0
h  917  -736826 0.999939 0 -1 -0 0
h  918  -751079 0.999939 0 -1 -0 0
h  919  -742789 0.999939 0 -1 -0 0
h  920  -627107 0.999939 0 -1 -0 0
h  921  -662547 0.999939 0 -1 -0 0
h  925  -626946 0.999939 0 -1 -0 0
h  926  -662534 0.999939 0 -1 -0 0
h  1036  -762047 0.999939 0 -1 -0 0
h  1039  -760203 0.999939 0 -1 -0 0
h  1040  -761670 0.999939 0 -1 -0 0
h  1041  -762884 0.999939 0 -1 -0 0
h  1045  -762046 0.999939 0 -1 -0 0
h  1049  -762884 0.999939 0 -1 -0 0
h  1050  -760190 0.999939 0 -1 -0 0
h  1051  -761670 0.999939 0 -1 -0 0
h  1052  -762086 0.999939 0 -1 -0 0
h  1053  -759135 0.999939 0 -1 -0 0
h  1054  -760381 0.999939 0 -1 -0 0
h  1059  -762048 0.999939 0 -1 -0 0
h  1062  -760201 0.999939 0 -1 -0 0
h  1063  -761673 0.999939 0 -1 -0 0
h  1064  -762885 0.999939 0 -1 -0 0
h  1065  -762085 0.999939 0 -1 -0 0
h  1066  -759156 0.999939 0 -1 -0 0
h  1067  -760386 0.999939 0 -1 -0 0
h  1071  -762045 0.999939 0 -1 -0 0
h  1075  -762885 0.999939 0 -1 -0 0
h  1076  -760182 0.999939 0 -1 -0 0
h  1077  -761667 0.999939 0 -1 -0 0
h  1078  -762086 0.999939 0 -1 -0 0
h  1079  -759126 0.999939 0 -1 -0 0
h  1080  -760373 0.999939 0 -1 -0 0
h  1081  -746046 0.999939 0 -1 -0 0
h  1084  -748659 0.999939 0 -1 -0 0
h  1085  -749263 0.999939 0 -1 -0 0
h  1086  -749494 0.999939 0 -1 -0 0
h  1087  -746024 0.999939 0 -1 -0 0
h  1097  -746272 0.999939 0 -1 -0 0
h  1100  -748743 0.999939 0 -1 -0 0
h  1101  -749369 0.999939 0 -1 -0 0
h  1102  -746109 0.999939 0 -1 -0 0
h  1103  -749602 0.999939 0 -1 -0 0
h  1113  -746279 0.999939 0 -1 -0 0
h  1116  -748748 0.999939 0 -1 -0 0
h  1117  -749374 0.999939 0 -1 -0 0
h  1118  -746118 0.999939 0 -1 -0 0
h  1119  -749609 0.999939 0 -1 -0 0
h  1120  -762748 0.999939 0 -1 -0 0
h  1123  -761874 0.999939 0 -1 -0 0
h  1124  -762637 0.999939 0 -1 -0 0
h  1125  -761595 0.999939 0 -1 -0 0
h  1126  -762748 0.999939 0 -1 -0 0
h  1129  -761874 0.999939 0 -1 -0 0
h  1130  -762638 0.999939 0 -1 -0 0
h  1131  -761595 0.999939 0 -1 -0 0
h  1132  -520409 0.999939 0 -1 -0 0
h  1133  -521393 0.999939 0 -1 -0 0
h  1134  -521054 0.999939 0 -1 -0 0
h  1135  -520187 0.999939 0 -1 -0 0
h  1136  -519064 0.999939 0 -1 -0 0
h  1137  -520403 0.999939 0 -1 -0 0
h  1138  -521388 0.999939 0 -1 -0 0
h  1139  -521053 0.999939 0 -1 -0 0
h  1140  -520190 0.999939 0 -1 -0 0
h  1141  -519064 0.999939 0 -1 -0 0
h  1142  -521378 0.999939 0 -1 -0 0
h  1143  -520387 0.999939 0 -1 -0 0
h  1144  -521045 0.999939 0 -1 -0 0
h  1145  -519046 0.999939 0 -1 -0 0
h  1146  -520180 0.999939 0 -1 -0 0
h  1147  -521394 0.999939 0 -1 -0 0
h  1148  -520413 0.999939 0 -1 -0 0
h  1149  -521056 0.999939 0 -1 -0 0
h  1150  -519068 0.999939 0 -1 -0 0
h  1151  -520192 0.999939 0 -1 -0 0
h  1152  -762266 0.999939 0 -1 -0 0
h  1153  -760722 0.999939 0 -1 -0 0
h  1154  -760633 0.999939 0 -1 -0 0
h  1155  -760181 0.999939 0 -1 -0 0
h  1156  -759748 0.999939 0 -1 -0 0
h  1157  -762750 0.999939 0 -1 -0 0
h  1158  -761795 0.999939 0 -1 -0 0
SolidID  29   16 
h  546  -521662 0.999939 0 -1 -0 0
h  547  -521251 0.999939 0 -1 -0 0
h  548  -521252 0.999939 0 -1 -0 0
h  549  -521255 0.999939 0 -1 -0 0
h  550  -521658 0.999939 0 -1 -0 0
h  551  -521536 0.999939 0 -1 -0 0
h  552  -521533 0.999939 0 -1 -0 0
h  553  -521662 0.999939 0 -1 -0 0
h  554  -521538 0.999939 0 -1 -0 0
h  555  -521365 0.999939 0 -1 -0 0
h  556  -521363 0.999939 0 -1 -0 0
h  557  -521254 0.999939 0 -1 -0 0
h  558  -521657 0.999939 0 -1 -0 0
h  559  -521538 0.999939 0 -1 -0 0
h  560  -521363 0.999939 0 -1 -0 0
h  561  -521360 0.999939 0 -1 -0 0
SolidID  35   16 
h  321  -753703 0.999939 0 -1 -0 0
h  322  -759260 0.999939 0 -1 -0 0
h  323  -757980 0.999939 0 -1 -0 0
h  324  -754565 0.999939 0 -1 -0 0
h  325  -756063 0.999939 0 -1 -0 0
h  326  -757104 0.999939 0 -1 -0 0
h  327  -758708 0.999939 0 -1 -0 0
h  328  -755201 0.999939 0 -1 -0 0
h  329  -754334 0.999939 0 -1 -0 0
h  330  -753659 0.999939 0 -1 -0 0
h  331  -753440 0.999939 0 -1 -0 0
h  332  -759488 0.999939 0 -1 -0 0
h  333  -758888 0.999939 0 -1 -0 0
h  334  -756162 0.999939 0 -1 -0 0
h  335  -757672 0.999939 0 -1 -0 0
h  336  -759564 0.999939 0 -1 -0 0
SolidID  6   323 
h  113  -652617 0.999939 0 -1 -0 0
h  114  -652596 0.999939 0 -1 -0 0
h  115  -750856 0.999939 0 -1 -0 0
h  116  -750856 0.999939 0 -1 -0 0
h  117  -750986 0.999939 0 -1 -0 0
h  118  -750994 0.999939 0 -1 -0 0
h  119  -692935 0.999939 0 -1 -0 0
h  120  -692921 0.999939 0 -1 -0 0
h  121  -720499 0.999939 0 -1 -0 0
h  122  -720492 0.999939 0 -1 -0 0
h  123  -758656 0.999939 0 -1 -0 0
h  124  -758671 0.999939 0 -1 -0 0
h  125  -720776 0.999939 0 -1 -0 0
h  126  -720769 0.999939 0 -1 -0 0
h  127  -513478 0.999939 0 -1 -0 0
h  128  -513551 0.999939 0 -1 -0 0
h  129  -513388 0.999939 0 -1 -0 0
h  130  -513419 0.999939 0 -1 -0 0
h  131  -758758 0.999939 0 -1 -0 0
h  132  -758759 0.999939 0 -1 -0 0
h  133  -756207 0.999939 0 -1 -0 0
h  134  -756289 0.999939 0 -1 -0 0
h  135  -756213 0.999939 0 -1 -0 0
h  136  -756295 0.999939 0 -1 -0 0
h  137  -696504 0.999939 0 -1 -0 0
h  138  -696502 0.999939 0 -1 -0 0
h  139  -759635 0.999939 0 -1 -0 0
h  140  -759640 0.999939 0 -1 -0 0
h  141  -759711 0.999939 0 -1 -0 0
h  142  -759713 0.999939 0 -1 -0 0
h  143  -734033 0.999939 0 -1 -0 0
h  144  -734002 0.999939 0 -1 -0 0
h  145  -756688 0.999939 0 -1 -0 0
h  146  -756708 0.999939 0 -1 -0 0
h  147  -756729 0.999939 0 -1 -0 0
h  148  -756736 0.999939 0 -1 -0 0
h  149  -531439 0.999939 0 -1 -0 0
h  150  -531430 0.999939 0 -1 -0 0
h  151  -531377 0.999939 0 -1 -0 0
h  152  -531364 0.999939 0 -1 -0 0
h  153  -754934 0.999939 0 -1 -0 0
h  154  -754966 0.999939 0 -1 -0 0
h  155  -754973 0.999939 0 -1 -0 0
h  156  -754975 0.999939 0 -1 -0 0
h  157  -514264 0.999939 0 -1 -0 0
h  158  -514106 0.999939 0 -1 -0 0
h  159  -514280 0.999939 0 -1 -0 0
h  160  -514246 0.999939 0 -1 -0 0
h  161  -508317 0.999939 0 -1 -0 0
h  162  -508174 0.999939 0 -1 -0 0
h  163  -508325 0.999939 0 -1 -0 0
h  164  -508368 0.999939 0 -1 -0 0
h  165  -735232 0.999939 0 -1 -0 0
h  166  -735234 0.999939 0 -1 -0 0
h  167  -748865 0.999939 0 -1 -0 0
h  168  -748860 0.999939 0 -1 -0 0
h  169  -748857 0.999939 0 -1 -0 0
h  170  -748736 0.999939 0 -1 -0 0
h  171  -499174 0.999939 0 -1 -0 0
h  172  -499160 0.999939 0 -1 -0 0
h  173  -499054 0.999939 0 -1 -0 0
h  174  -499289 0.999939 0 -1 -0 0
h  175  -745135 0.999939 0 -1 -0 0
h  176  -745140 0.999939 0 -1 -0 0
h  177  -758059 0.999939 0 -1 -0 0
h  178  -758103 0.999939 0 -1 -0 0
h  179  -758090 0.999939 0 -1 -0 0
h  180  -758112 0.999939 0 -1 -0 0
h  181  -745152 0.999939 0 -1 -0 0
h  182  -752942 0.999939 0 -1 -0 0
h  183  -753079 0.999939 0 -1 -0 0
h  184  -753082 0.999939 0 -1 -0 0
h  185  -753088 0.999939 0 -1 -0 0
h  186  -744898 0.999939 0 -1 -0 0
h  187  -753737 0.999939 0 -1 -0 0
h  188  -515587 0.999939 0 -1 -0 0
h  189  -515582 0.999939 0 -1 -0 0
h  190  -515585 0.999939 0 -1 -0 0
h  191  -515564 0.999939 0 -1 -0 0
h  192  -524374 0.999939 0 -1 -0 0
h  193  -524356 0.999939 0 -1 -0 0
h  194  -524356 0.999939 0 -1 -0 0
h  195  -524342 0.999939 0 -1 -0 0
h  196  -521353 0.999939 0 -1 -0 0
h  197  -521338 0.999939 0 -1 -0 0
h  198  -521370 0.999939 0 -1 -0 0
h  199  -521334 0.999939 0 -1 -0 0
h  200  -753982 0.999939 0 -1 -0 0
h  201  -753991 0.999939 0 -1 -0 0
h  202  -754007 0.999939 0 -1 -0 0
h  203  -747720 0.999939 0 -1 -0 0
h  204  -756401 0.999939 0 -1 -0 0
h  205  -748621 0.999939 0 -1 -0 0
h  206  -748628 0.999939 0 -1 -0 0
h  207  -748641 0.999939 0 -1 -0 0
h  208  -756500 0.999939 0 -1 -0 0
h  209  -756505 0.999939 0 -1 -0 0
h  210  -756519 0.999939 0 -1 -0 0
h  211  -745200 0.999939 0 -1 -0 0
h  212  -751685 0.999939 0 -1 -0 0
h  213  -762694 0.999939 0 -1 -0 0
h  214  -523026 0.999939 0 -1 -0 0
h  215  -523012 0.999939 0 -1 -0 0
h  216  -523031 0.999939 0 -1 -0 0
h  217  -523022 0.999939 0 -1 -0 0
h  218  -761472 0.999939 0 -1 -0 0
h  219  -761479 0.999939 0 -1 -0 0
h  220  -748555 0.999939 0 -1 -0 0
h  221  -748554 0.999939 0 -1 -0 0
h  222  -746755 0.999939 0 -1 -0 0
h  223  -752384 0.999939 0 -1 -0 0
h  224  -752395 0.999939 0 -1 -0 0
h  225  -752411 0.999939 0 -1 -0 0
h  226  -762345 0.999939 0 -1 -0 0
h  227  -762344 0.999939 0 -1 -0 0
h  228  -756857 0.999939 0 -1 -0 0
h  229  -756832 0.999939 0 -1 -0 0
h  230  -756851 0.999939 0 -1 -0 0
h  231  -748548 0.999939 0 -1 -0 0
h  232  -750434 0.999939 0 -1 -0 0
h  233  -750373 0.999939 0 -1 -0 0
h  234  -756742 0.999939 0 -1 -0 0
h  235  -747316 0.999939 0 -1 -0 0
h  236  -753022 0.999939 0 -1 -0 0
h  237  -757160 0.999939 0 -1 -0 0
h  238  -757161 0.999939 0 -1 -0 0
h  239  -754036 0.999939 0 -1 -0 0
h  240  -754052 0.999939 0 -1 -0 0
h  241  -754056 0.999939 0 -1 -0 0
h  242  -761760 0.999939 0 -1 -0 0
h  243  -762200 0.999939 0 -1 -0 0
h  244  -762202 0.999939 0 -1 -0 0
h  245  -757204 0.999939 0 -1 -0 0
h  246  -753904 0.999939 0 -1 -0 0
h  247  -753904 0.999939 0 -1 -0 0
h  248  -757216 0.999939 0 -1 -0 0
h  249  -522736 0.999939 0 -1 -0 0
h  250  -522727 0.999939 0 -1 -0 0
h  251  -522735 0.999939 0 -1 -0 0
h  252  -522726 0.999939 0 -1 -0 0
h  253  -521829 0.999939 0 -1 -0 0
h  254  -521824 0.999939 0 -1 -0 0
h  255  -521828 0.999939 0 -1 -0 0
h  256  -521816 0.999939 0 -1 -0 0
h  257  -748826 0.999939 0 -1 -0 0
h  258  -520484 0.999939 0 -1 -0 0
h  259  -520482 0.999939 0 -1 -0 0
h  260  -520489 0.999939 0 -1 -0 0
h  261  -520489 0.999939 0 -1 -0 0
h  262  -758502 0.999939 0 -1 -0 0
h  263  -758552 0.999939 0 -1 -0 0
h  264  -758522 0.999939 0 -1 -0 0
h  265  -758492 0.999939 0 -1 -0 0
h  266  -748854 0.999939 0 -1 -0 0
h  267  -757788 0.999939 0 -1 -0 0
h  268  -757829 0.999939 0 -1 -0 0
h  269  -757808 0.999939 0 -1 -0 0
h  270  -757776 0.999939 0 -1 -0 0
h  271  -755542 0.999939 0 -1 -0 0
h  272  -755564 0.999939 0 -1 -0 0
h  273  -755563 0.999939 0 -1 -0 0
h  274  -751156 0.999939 0 -1 -0 0
h  275  -751108 0.999939 0 -1 -0 0
h  276  -752987 0.999939 0 -1 -0 0
h  277  -752975 0.999939 0 -1 -0 0
h  278  -761878 0.999939 0 -1 -0 0
h  279  -761881 0.999939 0 -1 -0 0
h  280  -761738 0.999939 0 -1 -0 0
h  281  -761744 0.999939 0 -1 -0 0
h  282  -749342 0.999939 0 -1 -0 0
h  283  -755436 0.999939 0 -1 -0 0
h  284  -761297 0.999939 0 -1 -0 0
h  285  -761296 0.999939 0 -1 -0 0
h  286  -761696 0.999939 0 -1 -0 0
h  287  -761697 0.999939 0 -1 -0 0
h  288  -750223 0.999939 0 -1 -0 0
h  289  -750221 0.999939 0 -1 -0 0
h  290  -749493 0.999939 0 -1 -0 0
h  291  -749495 0.999939 0 -1 -0 0
h  292  -754578 0.999939 0 -1 -0 0
h  293  -752145 0.999939 0 -1 -0 0
h  294  -752665 0.999939 0 -1 -0 0
h  295  -752673 0.999939 0 -1 -0 0
h  296  -751402 0.999939 0 -1 -0 0
h  297  -752676 0.999939 0 -1 -0 0
h  298  -753558 0.999939 0 -1 -0 0
h  299  -753572 0.999939 0 -1 -0 0
h  300  -753575 0.999939 0 -1 -0 0
h  301  -760503 0.999939 0 -1 -0 0
h  302  -760504 0.999939 0 -1 -0 0
h  303  -759302 0.999939 0 -1 -0 0
h  304  -759302 0.999939 0 -1 -0 0
h  801  -554053 0.999939 0 -1 -0 0
h  802  -570956 0.999939 0 -1 -0 0
h  803  -535045 0.999939 0 -1 -0 0
h  804  -543685 0.999939 0 -1 -0 0
h  805  -640721 0.999939 0 -1 -0 0
h  806  -594731 0.999939 0 -1 -0 0
h  807  -590847 0.999939 0 -1 -0 0
h  808  -699133 0.999939 0 -1 -0 0
h  809  -664264 0.999939 0 -1 -0 0
h  810  -630069 0.999939 0 -1 -0 0
h  811  -704484 0.999939 0 -1 -0 0
h  812  -658256 0.999939 0 -1 -0 0
h  813  -554041 0.999939 0 -1 -0 0
h  814  -570944 0.999939 0 -1 -0 0
h  815  -535027 0.999939 0 -1 -0 0
h  816  -543670 0.999939 0 -1 -0 0
h  817  -640708 0.999939 0 -1 -0 0
h  818  -594718 0.999939 0 -1 -0 0
h  819  -590837 0.999939 0 -1 -0 0
h  820  -699128 0.999939 0 -1 -0 0
h  821  -664256 0.999939 0 -1 -0 0
h  822  -630061 0.999939 0 -1 -0 0
h  823  -704481 0.999939 0 -1 -0 0
h  824  -658253 0.999939 0 -1 -0 0
h  892  -607581 0.999939 0 -1 -0 0
h  893  -572386 0.999939 0 -1 -0 0
h  894  -556401 0.999939 0 -1 -0 0
h  895  -602854 0.999939 0 -1 -0 0
h  896  -544532 0.999939 0 -1 -0 0
h  897  -536705 0.999939 0 -1 -0 0
h  898  -736113 0.999939 0 -1 -0 0
h  899  -745625 0.999939 0 -1 -0 0
h  900  -741607 0.999939 0 -1 -0 0
h  901  -750656 0.999939 0 -1 -0 0
h  902  -607605 0.999939 0 -1 -0 0
h  903  -572394 0.999939 0 -1 -0 0
h  904  -556396 0.999939 0 -1 -0 0
h  905  -602946 0.999939 0 -1 -0 0
h  906  -544528 0.999939 0 -1 -0 0
h  907  -536685 0.999939 0 -1 -0 0
h  908  -736112 0.999939 0 -1 -0 0
h  909  -745629 0.999939 0 -1 -0 0
h  910  -741615 0.999939 0 -1 -0 0
h  911  -750671 0.999939 0 -1 -0 0
h  912  -746095 0.999939 0 -1 -0 0
h  913  -736820 0.999939 0 -1 -0 0
h  914  -751074 0.999939 0 -1 -0 0
h  915  -742785 0.999939 0 -1 -0 0
h  916  -746100 0.999939 0 -1 -0 0
h  917  -736826 0.999939 0 -1 -0 0
h  918  -751079 0.999939 0 -1 -0 0
h  919  -742789 0.999939 0 -1 -0 0
h  920  -627107 0.999939 0 -1 -0 0
h  921  -662547 0.999939 0 -1 -0 0
h  925  -626946 0.999939 0 -1 -0 0
h  926  -662534 0.999939 0 -1 -0 0
h  1036  -762047 0.999939 0 -1 -0 0
h  1039  -760203 0.999939 0 -1 -0 0
h  1040  -761670 0.999939 0 -1 -0 0
h  1041  -762884 0.999939 0 -1 -0 0
h  1045  -762046 0.999939 0 -1 -0 0
h  1049  -762884 0.999939 0 -1 -0 0
h  1050  -760190 0.999939 0 -1 -0 0
h  1051  -761670 0.999939 0 -1 -0 0
h  1052  -762086 0.999939 0 -1 -0 0
h  1053  -759135 0.999939 0 -1 -0 0
h  1054  -760381 0.999939 0 -1 -0 0
h  1059  -762048 0.999939 0 -1 -0 0
h  1062  -760201 0.999939 0 -1 -0 0
h  1063  -761673 0.999939 0 -1 -0 0
h  1064  -762885 0.999939 0 -1 -0 0
h  1065  -762085 0.999939 0 -1 -0 0
h  1066  -759156 0.999939 0 -1 -0 0
h  1067  -760386 0.999939 0 -1 -0 0
h  1071  -762045 0.999939 0 -1 -0 0
h  1075  -762885 0.999939 0 -1 -0 0
h  1076  -760182 0.999939 0 -1 -0 0
h  1077  -761667 0.999939 0 -1 -0 0
h  1078  -762086 0.999939 0 -1 -0 0
h  1079  -759126 0.999939 0 -1 -0 0
h  1080  -760373 0.999939 0 -1 -0 0
h  1081  -746046 0.999939 0 -1 -0 0
h  1084  -748659 0.999939 0 -1 -0 0
h  1085  -749263 0.999939 0 -1 -0 0
h  1086  -749494 0.999939 0 -1 -0 0
h  1087  -746024 0.999939 0 -1 -0 0
h  1097  -746272 0.999939 0 -1 -0 0
h  1100  -748743 0.999939 0 -1 -0 0
h  1101  -749369 0.999939 0 -1 -0 0
h  1102  -746109 0.999939 0 -1 -0 0
h  1103  -749602 0.999939 0 -1 -0 0
h  1113  -746279 0.999939 0 -1 -0 0
h  1116  -748748 0.999939 0 -1 -0 0
h  1117  -749374 0.999939 0 -1 -0 0
h  1118  -746118 0.999939 0 -1 -0 0
h  1119  -749609 0.999939 0 -1 -0 0
h  1120  -762748 0.999939 0 -1 -0 0
h  1123  -761874 0.999939 0 -1 -0 0
h  1124  -762637 0.999939 0 -1 -0 0
h  1125  -761595 0.999939 0 -1 -0 0
h  1126  -762748 0.999939 0 -1 -0 0
h  1129  -761874 0.999939 0 -1 -0 0
h  1130  -762638 0.999939 0 -1 -0 0
h  1131  -761595 0.999939 0 -1 -0 0
h  1132  -520409 0.999939 0 -1 -0 0
h  1133  -521393 0.999939 0 -1 -0 0
h  1134  -521054 0.999939 0 -1 -0 0
h  1135  -520187 0.999939 0 -1 -0 0
h  1136  -519064 0.999939 0 -1 -0 0
h  1137  -520403 0.999939 0 -1 -0 0
h  1138  -521388 0.999939 0 -1 -0 0
h  1139  -521053 0.999939 0 -1 -0 0
h  1140  -520190 0.999939 0 -1 -0 0
h  1141  -519064 0.999939 0 -1 -0 0
h  1142  -521378 0.999939 0 -1 -0 0
h  1143  -520387 0.999939 0 -1 -0 0
h  1144  -521045 0.999939 0 -1 -0 0
h  1145  -519046 0.999939 0 -1 -0 0
h  1146  -520180 0.999939 0 -1 -0 0
h  1147  -521394 0.999939 0 -1 -0 0
h  1148  -520413 0.999939 0 -1 -0 0
h  1149  -521056 0.999939 0 -1 -0 0
h  1150  -519068 0.999939 0 -1 -0 0
h  1151  -520192 0.999939 0 -1 -0 0
h  1152  -762266 0.999939 0 -1 -0 0
h  1153  -760722 0.999939 0 -1 -0 0
h  1154  -760633 0.999939 0 -1 -0 0
h  1155  -760181 0.999939 0 -1 -0 0
h  1156  -759748 0.999939 0 -1 -0 0
h  1157  -762750 0.999939 0 -1 -0 0
h  1158  -761795 0.999939 0 -1 -0 0
SolidID  29   16 
h  546  -521662 0.999939 0 -1 -0 0
h  547  -521251 0.999939 0 -1 -0 0
h  548  -521252 0.999939 0 -1 -0 0
h  549  -521255 0.999939 0 -1 -0 0
h  550  -521658 0.999939 0 -1 -0 0
h  551  -521536 0.999939 0 -1 -0 0
h  552  -521533 0.999939 0 -1 -0 0
h  553  -521662 0.999939 0 -1 -0 0
h  554  -521538 0.999939 0 -1 -0 0
h  555  -521365 0.999939 0 -1 -0 0
h  556  -521363 0.999939 0 -1 -0 0
h  557  -521254 0.999939 0 -1 -0 0
h  558  -521657 0.999939 0 -1 -0 0
h  559  -521538 0.999939 0 -1 -0 0
h  560  -521363 0.999939 0 -1 -0 0
h  561  -521360 0.999939 0 -1 -0 0
SolidID  35   16 
h  321  -753703 0.999939 0 -1 -0 0
h  322  -759260 0.999939 0 -1 -0 0
h  323  -757980 0.999939 0 -1 -0 0
h  324  -754565 0.999939 0 -1 -0 0
h  325  -756063 0.999939 0 -1 -0 0
h  326  -757104 0.999939 0 -1 -0 0
h  327  -758708 0.999939 0 -1 -0 0
h  328  -755201 0.999939 0 -1 -0 0
h  329  -754334 0.999939 0 -1 -0 0
h  330  -753659 0.999939 0 -1 -0 0
h  331  -753440 0.999939 0 -1 -0 0
h  332  -759488 0.999939 0 -1 -0 0
h  333  -758888 0.999939 0 -1 -0 0
h  334  -756162 0.999939 0 -1 -0 0
h  335  -757672 0.999939 0 -1 -0 0
h  336  -759564 0.999939 0 -1 -0 0
SolidID  41   16 
h  81  -757578 0.999939 0 -1 -0 0
h  82  -757070 0.999939 0 -1 -0 0
h  83  -758697 0.999939 0 -1 -0 0
h  84  -753709 0.999939 0 -1 -0 0
h  85  -753442 0.999939 0 -1 -0 0
h  86  -759224 0.999939 0 -1 -0 0
h  87  -754319 0.999939 0 -1 -0 0
h  88  -755178 0.999939 0 -1 -0 0
h  89  -757945 0.999939 0 -1 -0 0
h  90  -754608 0.999939 0 -1 -0 0
h  91  -756083 0.999939 0 -1 -0 0
h  92  -759319 0.999939 0 -1 -0 0
h  93  -758702 0.999939 0 -1 -0 0
h  94  -759462 0.999939 0 -1 -0 0
h  95  -756133 0.999939 0 -1 -0 0
h  96  -753697 0.999939 0 -1 -0 0
SolidID  6   323 
h  113  -652617 0.999939 0 -1 -0 0
h  114  -652596 0.999939 0 -1 -0 0
h  115  -750856 0.999939 0 -1 -0 0
h  116  -750856 0.999939 0 -1 -0 0
h  117  -750986 0.999939 0 -1 -0 0
h  118  -750994 0.999939 0 -1 -0 0
h  119  -692935 0.999939 0 -1 -0 0
h  120  -692921 0.999939 0 -1 -0 0
h  121  -720499 0.999939 0 -1 -0 0
h  122  -720492 0.999939 0 -1 -0 0
h  123  -758656 0.999939 0 -1 -0 0
h  124  -758671 0.999939 0 -1 -0 0
h  125  -720776 0.999939 0 -1 -0 0
h  126  -720769 0.999939 0 -1 -0 0
h  127  -513478 0.999939 0 -1 -0 0
h  128  -513551 0.999939 0 -1 -0 0
h  129  -513388 0.999939 0 -1 -0 0
h  130  -513419 0.999939 0 -1 -0 0
h  131  -758758 0.999939 0 -1 -0 0
h  132  -758759 0.999939 0 -1 -0 0
h  133  -756207 0.999939 0 -1 -0 0
h  134  -756289 0.999939 0 -1 -0 0
h  135  -756213 0.999939 0 -1 -0 0
h  136  -756295 0.999939 0 -1 -0 0
h  137  -696504 0.999939 0 -1 -0 0
h  138  -696502 0.999939 0 -1 -0 0
h  139  -759635 0.999939 0 -1 -0 0
h  140  -759640 0.999939 0 -1 -0 0
h  141  -759711 0.999939 0 -1 -0 0
h  142  -759713 0.999939 0 -1 -0 0
h  143  -734033 0.999939 0 -1 -0 0
h  144  -734002 0.999939 0 -1 -0 0
h  145  -756688 0.999939 0 -1 -0 0
h  146  -756708 0.999939 0 -1 -0 0
h  147  -756729 0.999939 0 -1 -0 0
h  148  -756736 0.999939 0 -1 -0 0
h  149  -531439 0.999939 0 -1 -0 0
h  150  -531430 0.999939 0 -1 -0 0
h  151  -531377 0.999939 0 -1 -0 0
h  152  -531364 0.999939 0 -1 -0 0
h  153  -754934 0.999939 0 -1 -0 0
h  154  -754966 0.999939 0 -1 -0 0
h  155  -754973 0.999939 0 -1 -0 0
h  156  -754975 0.999939 0 -1 -0 0
h  157  -514264 0.999939 0 -1 -0 0
h  158  -514106 0.999939 0 -1 -0 0
h  159  -514280 0.999939 0 -1 -0 0
h  160  -514246 0.999939 0 -1 -0 0
h  161  -508317 0.999939 0 -1 -0 0
h  162  -508174 0.999939 0 -1 -0 0
h  163  -508325 0.999939 0 -1 -0 0
h  164  -508368 0.999939 0 -1 -0 0
h  165  -735232 0.999939 0 -1 -0 0
h  166  -735234 0.999939 0 -1 -0 0
h  167  -748865 0.999939 0 -1 -0 0
h  168  -748860 0.999939 0 -1 -0 0
h  169  -748857 0.999939 0 -1 -0 0
h  170  -748736 0.999939 0 -1 -0 0
h  171  -499174 0.999939 0 -1 -0 0
h  172  -499160 0.999939 0 -1 -0 0
h  173  -499054 0.999939 0 -1 -0 0
h  174  -499289 0.999939 0 -1 -0 0
h  175  -745135 0.999939 0 -1 -0 0
h  176  -745140 0.999939 0 -1 -0 0
h  177  -758059 0.999939 0 -1 -0 0
h  178  -758103 0.999939 0 -1 -0 0
h  179  -758090 0.999939 0 -1 -0 0
h  180  -758112 0.999939 0 -1 -0 0
h  181  -745152 0.999939 0 -1 -0 0
h  182  -752942 0.999939 0 -1 -0 0
h  183  -753079 0.999939 0 -1 -0 0
h  184  -753082 0.999939 0 -1 -0 0
h  185  -753088 0.999939 0 -1 -0 0
h  186  -744898 0.999939 0 -1 -0 0
h  187  -753737 0.999939 0 -1 -0 0
h  188  -515587 0.999939 0 -1 -0 0
h  189  -515582 0.999939 0 -1 -0 0
h  190  -515585 0.999939 0 -1 -0 0
h  191  -515564 0.999939 0 -1 -0 0
h  192  -524374 0.999939 0 -1 -0 0
h  193  -524356 0.999939 0 -1 -0 0
h  194  -524356 0.999939 0 -1 -0 0
h  195  -524342 0.999939 0 -1 -0 0
h  196  -521353 0.999939 0 -1 -0 0
h  197  -521338 0.999939 0 -1 -0 0
h  198  -521370 0.999939 0 -1 -0 0
h  199  -521334 0.999939 0 -1 -0 0
h  200  -753982 0.999939 0 -1 -0 0
h  201  -753991 0.999939 0 -1 -0 0
h  202  -754007 0.999939 0 -1 -0 0
h  203  -747720 0.999939 0 -1 -0 0
h  204  -756401 0.999939 0 -1 -0 0
h  205  -748621 0.999939 0 -1 -0 0
h  206  -748628 0.999939 0 -1 -0 0
h  207  -748641 0.999939 0 -1 -0 0
h  208  -756500 0.999939 0 -1 -0 0
h  209  -756505 0.999939 0 -1 -0 0
h  210  -756519 0.999939 0 -1 -0 0
h  211  -745200 0.999939 0 -1 -0 0
h  212  -751685 0.999939 0 -1 -0 0
h  213  -762694 0.999939 0 -1 -0 0
h  214  -523026 0.999939 0 -1 -0 0
h  215  -523012 0.999939 0 -1 -0 0
h  216  -523031 0.999939 0 -1 -0 0
h  217  -523022 0.999939 0 -1 -0 0
h  218  -761472 0.999939 0 -1 -0 0
h  219  -761479 0.999939 0 -1 -0 0
h  220  -748555 0.999939 0 -1 -0 0
h  221  -748554 0.999939 0 -1 -0 0
h  222  -746755 0.999939 0 -1 -0 0
h  223  -752384 0.999939 0 -1 -0 0
h  224  -752395 0.999939 0 -1 -0 0
h  225  -752411 0.999939 0 -1 -0 0
h  226  -762345 0.999939 0 -1 -0 0
h  227  -762344 0.999939 0 -1 -0 0
h  228  -756857 0.999939 0 -1 -0 0
h  229  -756832 0.999939 0 -1 -0 0
h  230  -756851 0.999939 0 -1 -0 0
h  231  -748548 0.999939 0 -1 -0 0
h  232  -750434 0.999939 0 -1 -0 0
h  233  -750373 0.999939 0 -1 -0 0
h  234  -756742 0.999939 0 -1 -0 0
h  235  -747316 0.999939 0 -1 -0 0
h  236  -753022 0.999939 0 -1 -0 0
h  237  -757160 0.999939 0 -1 -0 0
h  238  -757161 0.999939 0 -1 -0 0
h  239  -754036 0.999939 0 -1 -0 0
h  240  -754052 0.999939 0 -1 -0 0
h  241  -754056 0.999939 0 -1 -0 0
h  242  -761760 0.999939 0 -1 -0 0
h  243  -762200 0.999939 0 -1 -0 0
h  244  -762202 0.999939 0 -1 -0 0
h  245  -757204 0.999939 0 -1 -0 0
h  246  -753904 0.999939 0 -1 -0 0
h  247  -753904 0.999939 0 -1 -0 0
h  248  -757216 0.999939 0 -1 -0 0
h  249  -522736 0.999939 0 -1 -0 0
h  250  -522727 0.999939 0 -1 -0 0
h  251  -522735 0.999939 0 -1 -0 0
h  252  -522726 0.999939 0 -1 -0 0
h  253  -521829 0.999939 0 -1 -0 0
h  254  -521824 0.999939 0 -1 -0 0
h  255  -521828 0.999939 0 -1 -0 0
h  256  -521816 0.999939 0 -1 -0 0
h  257  -748826 0.999939 0 -1 -0 0
h  258  -520484 0.999939 0 -1 -0 0
h  259  -520482 0.999939 0 -1 -0 0
h  260  -520489 0.999939 0 -1 -0 0
h  261  -520489 0.999939 0 -1 -0 0
h  262  -758502 0.999939 0 -1 -0 0
h  263  -758552 0.999939 0 -1 -0 0
h  264  -758522 0.999939 0 -1 -0 0
h  265  -758492 0.999939 0 -1 -0 0
h  266  -748854 0.999939 0 -1 -0 0
h  267  -757788 0.999939 0 -1 -0 0
h  268  -757829 0.999939 0 -1 -0 0
h  269  -757808 0.999939 0 -1 -0 0
h  270  -757776 0.999939 0 -1 -0 0
h  271  -755542 0.999939 0 -1 -0 0
h  272  -755564 0.999939 0 -1 -0 0
h  273  -755563 0.999939 0 -1 -0 0
h  274  -751156 0.999939 0 -1 -0 0
h  275  -751108 0.999939 0 -1 -0 0
h  276  -752987 0.999939 0 -1 -0 0
h  277  -752975 0.999939 0 -1 -0 0
h  278  -761878 0.999939 0 -1 -0 0
h  279  -761881 0.999939 0 -1 -0 0
h  280  -761738 0.999939 0 -1 -0 0
h  281  -761744 0.999939 0 -1 -0 0
h  282  -749342 0.999939 0 -1 -0 0
h  283  -755436 0.999939 0 -1 -0 0
h  284  -761297 0.999939 0 -1 -0 0
h  285  -761296 0.999939 0 -1 -0 0
h  286  -761696 0.999939 0 -1 -0 0
h  287  -761697 0.999939 0 -1 -0 0
h  288  -750223 0.999939 0 -1 -0 0
h  289  -750221 0.999939 0 -1 -0 0
h  290  -749493 0.999939 0 -1 -0 0
h  291  -749495 0.999939 0 -1 -0 0
h  292  -754578 0.999939 0 -1 -0 0
h  293  -752145 0.999939 0 -1 -0 0
h  294  -752665 0.999939 0 -1 -0 0
h  295  -752673 0.999939 0 -1 -0 0
h  296  -751402 0.999939 0 -1 -0 0
h  297  -752676 0.999939 0 -1 -0 0
h  298  -753558 0.999939 0 -1 -0 0
h  299  -753572 0.999939 0 -1 -0 0
h  300  -753575 0.999939 0 -1 -0 0
h  301  -760503 0.999939 0 -1 -0 0
h  302  -760504 0.999939 0 -1 -0 0
h  303  -759302 0.999939 0 -1 -0 0
h  304  -759302 0.999939 0 -1 -0 0
h  801  -554053 0.999939 0 -1 -0 0
h  802  -570956 0.999939 0 -1 -0 0
h  803  -535045 0.999939 0 -1 -0 0
h  804  -543685 0.999939 0 -1 -0 0
h  805  -640721 0.999939 0 -1 -0 0
h  806  -594731 0.999939 0 -1 -0 0
h  807  -590847 0.999939 0 -1 -0 0
h  808  -699133 0.999939 0 -1 -0 0
h  809  -664264 0.999939 0 -1 -0 0
h  810  -630069 0.999939 0 -1 -0 0
h  811  -704484 0.999939 0 -1 -0 0
h  812  -658256 0.999939 0 -1 -0 0
h  813  -554041 0.999939 0 -1 -0 0
h  814  -570944 0.999939 0 -1 -0 0
h  815  -535027 0.999939 0 -1 -0 0
h  816  -543670 0.999939 0 -1 -0 0
h  817  -640708 0.999939 0 -1 -0 0
h  818  -594718 0.999939 0 -1 -0 0
h  819  -590837 0.999939 0 -1 -0 0
h  820  -699128 0.999939 0 -1 -0 0
h  821  -664256 0.999939 0 -1 -0 0
h  822  -630061 0.999939 0 -1 -0 0
h  823  -704481 0.999939 0 -1 -0 0
h  824  -658253 0.999939 0 -1 -0 0
h  892  -607581 0.999939 0 -1 -0 0
h  893  -572386 0.999939 0 -1 -0 0
h  894  -556401 0.999939 0 -1 -0 0
h  895  -602854 0.999939 0 -1 -0 0
h  896  -544532 0.999939 0 -1 -0 0
h  897  -536705 0.999939 0 -1 -0 0
h  898  -736113 0.999939 0 -1 -0 0
h  899  -745625 0.999939 0 -1 -0 0
h  900  -741607 0.999939 0 -1 -0 0
h  901  -750656 0.999939 0 -1 -0 0
h  902  -607605 0.999939 0 -1 -0 0
h  903  -572394 0.999939 0 -1 -0 0
h  904  -556396 0.999939 0 -1 -0 0
h  905  -602946 0.999939 0 -1 -0 0
h  906  -544528 0.999939 0 -1 -0 0
h  907  -536685 0.999939 0 -1 -0 0
h  908  -736112 0.999939 0 -1 -0 0
h  909  -745629 0.999939 0 -1 -0 0
h  910  -741615 0.999939 0 -1 -0 0
h  911  -750671 0.999939 0 -1 -0 0
h  912  -746095 0.999939 0 -1 -0 0
h  913  -736820 0.999939 0 -1 -0 0
h  914  -751074 0.999939 0 -1 -0 0
h  915  -742785 0.999939 0 -1 -0 0
h  916  -746100 0.999939 0 -1 -0 0
h  917  -736826 0.999939 0 -1 -0 0
h  918  -751079 0.999939 0 -1 -0 0
h  919  -742789 0.999939 0 -1 -0 0
h  920  -627107 0.999939 0 -1 -0 0
h  921  -662547 0.999939 0 -1 -0 0
h  925  -626946 0.999939 0 -1 -0 0
h  926  -662534 0.999939 0 -1 -0 0
h  1036  -762047 0.999939 0 -1 -0 0
h  1039  -760203 0.999939 0 -1 -0 0
h  1040  -761670 0.999939 0 -1 -0 0
h  1041  -762884 0.999939 0 -1 -0 0
h  1045  -762046 0.999939 0 -1 -0 0
h  1049  -762884 0.999939 0 -1 -0 0
h  1050  -760190 0.999939 0 -1 -0 0
h  1051  -761670 0.999939 0 -1 -0 0
h  1052  -762086 0.999939 0 -1 -0 0
h  1053  -759135 0.999939 0 -1 -0 0
h  1054  -760381 0.999939 0 -1 -0 0
h  1059  -762048 0.999939 0 -1 -0 0
h  1062  -760201 0.999939 0 -1 -0 0
h  1063  -761673 0.999939 0 -1 -0 0
h  1064  -762885 0.999939 0 -1 -0 0
h  1065  -762085 0.999939 0 -1 -0 0
h  1066  -759156 0.999939 0 -1 -0 0
h  1067  -760386 0.999939 0 -1 -0 0
h  1071  -762045 0.999939 0 -1 -0 0
h  1075  -762885 0.999939 0 -1 -0 0
h  1076  -760182 0.999939 0 -1 -0 0
h  1077  -761667 0.999939 0 -1 -0 0
h  1078  -762086 0.999939 0 -1 -0 0
h  1079  -759126 0.999939 0 -1 -0 0
h  1080  -760373 0.999939 0 -1 -0 0
h  1081  -746046 0.999939 0 -1 -0 0
h  1084  -748659 0.999939 0 -1 -0 0
h  1085  -749263 0.999939 0 -1 -0 0
h  1086  -749494 0.999939 0 -1 -0 0
h  1087  -746024 0.999939 0 -1 -0 0
h  1097  -746272 0.999939 0 -1 -0 0
h  1100  -748743 0.999939 0 -1 -0 0
h  1101  -749369 0.999939 0 -1 -0 0
h  1102  -746109 0.999939 0 -1 -0 0
h  1103  -749602 0.999939 0 -1 -0 0
h  1113  -746279 0.999939 0 -1 -0 0
h  1116  -748748 0.999939 0 -1 -0 0
h  1117  -749374 0.999939 0 -1 -0 0
h  1118  -746118 0.999939 0 -1 -0 0
h  1119  -749609 0.999939 0 -1 -0 0
h  1120  -762748 0.999939 0 -1 -0 0
h  1123  -761874 0.999939 0 -1 -0 0
h  1124  -762637 0.999939 0 -1 -0 0
h  1125  -761595 0.999939 0 -1 -0 0
h  1126  -762748 0.999939 0 -1 -0 0
h  1129  -761874 0.999939 0 -1 -0 0
h  1130  -762638 0.999939 0 -1 -0 0
h  1131  -761595 0.999939 0 -1 -0 0
h  1132  -520409 0.999939 0 -1 -0 0
h  1133  -521393 0.999939 0 -1 -0 0
h  1134  -521054 0.999939 0 -1 -0 0
h  1135  -520187 0.999939 0 -1 -0 0
h  1136  -519064 0.999939 0 -1 -0 0
h  1137  -520403 0.999939 0 -1 -0 0
h  1138  -521388 0.999939 0 -1 -0 0
h  1139  -521053 0.999939 0 -1 -0 0
h  1140  -520190 0.999939 0 -1 -0 0
h  1141  -519064 0.999939 0 -1 -0 0
h  1142  -521378 0.999939 0 -1 -0 0
h  1143  -520387 0.999939 0 -1 -0 0
h  1144  -521045 0.999939 0 -1 -0 0
h  1145  -519046 0.999939 0 -1 -0 0
h  1146  -520180 0.999939 0 -1 -0 0
h  1147  -521394 0.999939 0 -1 -0 0
h  1148  -520413 0.999939 0 -1 -0 0
h  1149  -521056 0.999939 0 -1 -0 0
h  1150  -519068 0.999939 0 -1 -0 0
h  1151  -520192 0.999939 0 -1 -0 0
h  1152  -762266 0.999939 0 -1 -0 0
h  1153  -760722 0.999939 0 -1 -0 0
h  1154  -760633 0.999939 0 -1 -0 0
h  1155  -760181 0.999939 0 -1 -0 0
h  1156  -759748 0.999939 0 -1 -0 0
h  1157  -762750 0.999939 0 -1 -0 0
h  1158  -761795 0.999939 0 -1 -0 0
SolidID  29   16 
h  546  -521662 0.999939 0 -1 -0 0
h  547  -521251 0.999939 0 -1 -0 0
h  548  -521252 0.999939 0 -1 -0 0
h  549  -521255 0.999939 0 -1 -0 0
h  550  -521658 0.999939 0 -1 -0 0
h  551  -521536 0.999939 0 -1 -0 0
h  552  -521533 0.999939 0 -1 -0 0
h  553  -521662 0.999939 0 -1 -0 0
h  554  -521538 0.999939 0 -1 -0 0
h  555  -521365 0.999939 0 -1 -0 0
h  556  -521363 0.999939 0 -1 -0 0
h  557  -521254 0.999939 0 -1 -0 0
h  558  -521657 0.999939 0 -1 -0 0
h  559  -521538 0.999939 0 -1 -0 0
h  560  -521363 0.999939 0 -1 -0 0
h  561  -521360 0.999939 0 -1 -0 0
SolidID  35   16 
h  321  -753703 0.999939 0 -1 -0 0
h  322  -759260 0.999939 0 -1 -0 0
h  323  -757980 0.999939 0 -1 -0 0
h  324  -754565 0.999939 0 -1 -0 0
h  325  -756063 0.999939 0 -1 -0 0
h  326  -757104 0.999939 0 -1 -0 0
h  327  -758708 0.999939 0 -1 -0 0
h  328  -755201 0.999939 0 -1 -0 0
h  329  -754334 0.999939 0 -1 -0 0
h  330  -753659 0.999939 0 -1 -0 0
h  331  -753440 0.999939 0 -1 -0 0
h  332  -759488 0.999939 0 -1 -0 0
h  333  -758888 0.999939 0 -1 -0 0
h  334  -756162 0.999939 0 -1 -0 0
h  335  -757672 0.999939 0 -1 -0 0
h  336  -759564 0.999939 0 -1 -0 0
SolidID  41   16 
h  81  -757578 0.999939 0 -1 -0 0
h  82  -757070 0.999939 0 -1 -0 0
h  83  -758697 0.999939 0 -1 -0 0
h  84  -753709 0.999939 0 -1 -0 0
h  85  -753442 0.999939 0 -1 -0 0
h  86  -759224 0.999939 0 -1 -0 0
h  87  -754319 0.999939 0 -1 -0 0
h  88  -755178 0.999939 0 -1 -0 0
h  89  -757945 0.999939 0 -1 -0 0
h  90  -754608 0.999939 0 -1 -0 0
h  91  -756083 0.999939 0 -1 -0 0
h  92  -759319 0.999939 0 -1 -0 0
h  93  -758702 0.999939 0 -1 -0 0
h  94  -759462 0.999939 0 -1 -0 0
h  95  -756133 0.999939 0 -1 -0 0
h  96  -753697 0.999939 0 -1 -0 0
SolidID  47   16 
h  97  -756135 0.999939 0 -1 -0 0
h  98  -756053 0.999939 0 -1 -0 0
h  99  -758695 0.999939 0 -1 -0 0
h  100  -753697 0.999939 0 -1 -0 0
h  101  -753460 0.999939 0 -1 -0 0
h  102  -759221 0.999939 0 -1 -0 0
h  103  -754328 0.999939 0 -1 -0 0
h  104  -755187 0.999939 0 -1 -0 0
h  105  -757943 0.999939 0 -1 -0 0
h  106  -754529 0.999939 0 -1 -0 0
h  107  -757069 0.999939 0 -1 -0 0
h  108  -759314 0.999939 0 -1 -0 0
h  109  -758693 0.999939 0 -1 -0 0
h  110  -759458 0.999939 0 -1 -0 0
h  111  -757562 0.999939 0 -1 -0 0
h  112  -753701 0.999939 0 -1 -0 0
SolidID  6   323 
h  113  -652617 0.999939 0 -1 -0 0
h  114  -652596 0.999939 0 -1 -0 0
h  115  -750856 0.999939 0 -1 -0 0
h  116  -750856 0.999939 0 -1 -0 0
h  117  -750986 0.999939 0 -1 -0 0
h  118  -750994 0.999939 0 -1 -0 0
h  119  -692935 0.999939 0 -1 -0 0
h  120  -692921 0.999939 0 -1 -0 0
h  121  -720499 0.999939 0 -1 -0 0
h  122  -720492 0.999939 0 -1 -0 0
h  123  -758656 0.999939 0 -1 -0 0
h  124  -758671 0.999939 0 -1 -0 0
h  125  -720776 0.999939 0 -1 -0 0
h  126  -720769 0.999939 0 -1 -0 0
h  127  -513478 0.999939 0 -1 -0 0
h  128  -513551 0.999939 0 -1 -0 0
h  129  -513388 0.999939 0 -1 -0 0
h  130  -513419 0.999939 0 -1 -0 0
h  131  -758758 0.999939 0 -1 -0 0
h  132  -758759 0.999939 0 -1 -0 0
h  133  -756207 0.999939 0 -1 -0 0
h  134  -756289 0.999939 0 -1 -0 0
h  135  -756213 0.999939 0 -1 -0 0
h  136  -756295 0.999939 0 -1 -0 0
h  137  -696504 0.999939 0 -1 -0 0
h  138  -696502 0.999939 0 -1 -0 0
h  139  -759635 0.999939 0 -1 -0 0
h  140  -759640 0.999939 0 -1 -0 0
h  141  -759711 0.999939 0 -1 -0 0
h  142  -759713 0.999939 0 -1 -0 0
h  143  -734033 0.999939 0 -1 -0 0
h  144  -734002 0.999939 0 -1 -0 0
h  145  -756688 0.999939 0 -1 -0 0
h  146  -756708 0.999939 0 -1 -0 0
h  147  -756729 0.999939 0 -1 -0 0
h  148  -756736 0.999939 0 -1 -0 0
h  149  -531439 0.999939 0 -1 -0 0
h  150  -531430 0.999939 0 -1 -0 0
h  151  -531377 0.999939 0 -1 -0 0
h  152  -531364 0.999939 0 -1 -0 0
h  153  -754934 0.999939 0 -1 -0 0
h  154  -754966 0.999939 0 -1 -0 0
h  155  -754973 0.999939 0 -1 -0 0
h  156  -754975 0.999939 0 -1 -0 0
h  157  -514264 0.999939 0 -1 -0 0
h  158  -514106 0.999939 0 -1 -0 0
h  159  -514280 0.999939 0 -1 -0 0
h  160  -514246 0.999939 0 -1 -0 0
h  161  -508317 0.999939 0 -1 -0 0
h  162  -508174 0.999939 0 -1 -0 0
h  163  -508325 0.999939 0 -1 -0 0
h  164  -508368 0.999939 0 -1 -0 0
h  165  -735232 0.999939 0 -1 -0 0
h  166  -735234 0.999939 0 -1 -0 0
h  167  -748865 0.999939 0 -1 -0 0
h  168  -748860 0.999939 0 -1 -0 0
h  169  -748857 0.999939 0 -1 -0 0
h  170  -748736 0.999939 0 -1 -0 0
h  171  -499174 0.999939 0 -1 -0 0
h  172  -499160 0.999939 0 -1 -0 0
h  173  -499054 0.999939 0 -1 -0 0
h  174  -499289 0.999939 0 -1 -0 0
h  175  -745135 0.999939 0 -1 -0 0
h  176  -745140 0.999939 0 -1 -0 0
h  177  -758059 0.999939 0 -1 -0 0
h  178  -758103 0.999939 0 -1 -0 0
h  179  -758090 0.999939 0 -1 -0 0
h  180  -758112 0.999939 0 -1 -0 0
h  181  -745152 0.999939 0 -1 -0 0
h  182  -752942 0.999939 0 -1 -0 0
h  183  -753079 0.999939 0 -1 -0 0
h  184  -753082 0.999939 0 -1 -0 0
h  185  -753088 0.999939 0 -1 -0 0
h  186  -744898 0.999939 0 -1 -0 0
h  187  -753737 0.999939 0 -1 -0 0
h  188  -515587 0.999939 0 -1 -0 0
h  189  -515582 0.999939 0 -1 -0 0
h  190  -515585 0.999939 0 -1 -0 0
h  191  -515564 0.999939 0 -1 -0 0
h  192  -524374 0.999939 0 -1 -0 0
h  193  -524356 0.999939 0 -1 -0 0
h  194  -524356 0.999939 0 -1 -0 0
h  195  -524342 0.999939 0 -1 -0 0
h  196  -521353 0.999939 0 -1 -0 0
h  197  -521338 0.999939 0 -1 -0 0
h  198  -521370 0.999939 0 -1 -0 0
h  199  -521334 0.999939 0 -1 -0 0
h  200  -753982 0.999939 0 -1 -0 0
h  201  -753991 0.999939 0 -1 -0 0
h  202  -754007 0.999939 0 -1 -0 0
h  203  -747720 0.999939 0 -1 -0 0
h  204  -756401 0.999939 0 -1 -0 0
h  205  -748621 0.999939 0 -1 -0 0
h  206  -748628 0.999939 0 -1 -0 0
h  207  -748641 0.999939 0 -1 -0 0
h  208  -756500 0.999939 0 -1 -0 0
h  209  -756505 0.999939 0 -1 -0 0
h  210  -756519 0.999939 0 -1 -0 0
h  211  -745200 0.999939 0 -1 -0 0
h  212  -751685 0.999939 0 -1 -0 0
h  213  -762694 0.999939 0 -1 -0 0
h  214  -523026 0.999939 0 -1 -0 0
h  215  -523012 0.999939 0 -1 -0 0
h  216  -523031 0.999939 0 -1 -0 0
h  217  -523022 0.999939 0 -1 -0 0
h  218  -761472 0.999939 0 -1 -0 0
h  219  -761479 0.999939 0 -1 -0 0
h  220  -748555 0.999939 0 -1 -0 0
h  221  -748554 0.999939 0 -1 -0 0
h  222  -746755 0.999939 0 -1 -0 0
h  223  -752384 0.999939 0 -1 -0 0
h  224  -752395 0.999939 0 -1 -0 0
h  225  -752411 0.999939 0 -1 -0 0
h  226  -762345 0.999939 0 -1 -0 0
h  227  -762344 0.999939 0 -1 -0 0
h  228  -756857 0.999939 0 -1 -0 0
h  229  -756832 0.999939 0 -1 -0 0
h  230  -756851 0.999939 0 -1 -0 0
h  231  -748548 0.999939 0 -1 -0 0
h  232  -750434 0.999939 0 -1 -0 0
h  233  -750373 0.999939 0 -1 -0 0
h  234  -756742 0.999939 0 -1 -0 0
h  235  -747316 0.999939 0 -1 -0 0
h  236  -753022 0.999939 0 -1 -0 0
h  237  -757160 0.999939 0 -1 -0 0
h  238  -757161 0.999939 0 -1 -0 0
h  239  -754036 0.999939 0 -1 -0 0
h  240  -754052 0.999939 0 -1 -0 0
h  241  -754056 0.999939 0 -1 -0 0
h  242  -761760 0.999939 0 -1 -0 0
h  243  -762200 0.999939 0 -1 -0 0
h  244  -762202 0.999939 0 -1 -0 0
h  245  -757204 0.999939 0 -1 -0 0
h  246  -753904 0.999939 0 -1 -0 0
h  247  -753904 0.999939 0 -1 -0 0
h  248  -757216 0.999939 0 -1 -0 0
h  249  -522736 0.999939 0 -1 -0 0
h  250  -522727 0.999939 0 -1 -0 0
h  251  -522735 0.999939 0 -1 -0 0
h  252  -522726 0.999939 0 -1 -0 0
h  253  -521829 0.999939 0 -1 -0 0
h  254  -521824 0.999939 0 -1 -0 0
h  255  -521828 0.999939 0 -1 -0 0
h  256  -521816 0.999939 0 -1 -0 0
h  257  -748826 0.999939 0 -1 -0 0
h  258  -520484 0.999939 0 -1 -0 0
h  259  -520482 0.999939 0 -1 -0 0
h  260  -520489 0.999939 0 -1 -0 0
h  261  -520489 0.999939 0 -1 -0 0
h  262  -758502 0.999939 0 -1 -0 0
h  263  -758552 0.999939 0 -1 -0 0
h  264  -758522 0.999939 0 -1 -0 0
h  265  -758492 0.999939 0 -1 -0 0
h  266  -748854 0.999939 0 -1 -0 0
h  267  -757788 0.999939 0 -1 -0 0
h  268  -757829 0.999939 0 -1 -0 0
h  269  -757808 0.999939 0 -1 -0 0
h  270  -757776 0.999939 0 -1 -0 0
h  271  -755542 0.999939 0 -1 -0 0
h  272  -755564 0.999939 0 -1 -0 0
h  273  -755563 0.999939 0 -1 -0 0
h  274  -751156 0.999939 0 -1 -0 0
h  275  -751108 0.999939 0 -1 -0 0
h  276  -752987 0.999939 0 -1 -0 0
h  277  -752975 0.999939 0 -1 -0 0
h  278  -761878 0.999939 0 -1 -0 0
h  279  -761881 0.999939 0 -1 -0 0
h  280  -761738 0.999939 0 -1 -0 0
h  281  -761744 0.999939 0 -1 -0 0
h  282  -749342 0.999939 0 -1 -0 0
h  283  -755436 0.999939 0 -1 -0 0
h  284  -761297 0.999939 0 -1 -0 0
h  285  -761296 0.999939 0 -1 -0 0
h  286  -761696 0.999939 0 -1 -0 0
h  287  -761697 0.999939 0 -1 -0 0
h  288  -750223 0.999939 0 -1 -0 0
h  289  -750221 0.999939 0 -1 -0 0
h  290  -749493 0.999939 0 -1 -0 0
h  291  -749495 0.999939 0 -1 -0 0
h  292  -754578 0.999939 0 -1 -0 0
h  293  -752145 0.999939 0 -1 -0 0
h  294  -752665 0.999939 0 -1 -0 0
h  295  -752673 0.999939 0 -1 -0 0
h  296  -751402 0.999939 0 -1 -0 0
h  297  -752676 0.999939 0 -1 -0 0
h  298  -753558 0.999939 0 -1 -0 0
h  299  -753572 0.999939 0 -1 -0 0
h  300  -753575 0.999939 0 -1 -0 0
h  301  -760503 0.999939 0 -1 -0 0
h  302  -760504 0.999939 0 -1 -0 0
h  303  -759302 0.999939 0 -1 -0 0
h  304  -759302 0.999939 0 -1 -0 0
h  801  -554053 0.999939 0 -1 -0 0
h  802  -570956 0.999939 0 -1 -0 0
h  803  -535045 0.999939 0 -1 -0 0
h  804  -543685 0.999939 0 -1 -0 0
h  805  -640721 0.999939 0 -1 -0 0
h  806  -594731 0.999939 0 -1 -0 0
h  807  -590847 0.999939 0 -1 -0 0
h  808  -699133 0.999939 0 -1 -0 0
h  809  -664264 0.999939 0 -1 -0 0
h  810  -630069 0.999939 0 -1 -0 0
h  811  -704484 0.999939 0 -1 -0 0
h  812  -658256 0.999939 0 -1 -0 0
h  813  -554041 0.999939 0 -1 -0 0
h  814  -570944 0.999939 0 -1 -0 0
h  815  -535027 0.999939 0 -1 -0 0
h  816  -543670 0.999939 0 -1 -0 0
h  817  -640708 0.999939 0 -1 -0 0
h  818  -594718 0.999939 0 -1 -0 0
h  819  -590837 0.999939 0 -1 -0 0
h  820  -699128 0.999939 0 -1 -0 0
h  821  -664256 0.999939 0 -1 -0 0
h  822  -630061 0.999939 0 -1 -0 0
h  823  -704481 0.999939 0 -1 -0 0
h  824  -658253 0.999939 0 -1 -0 0
h  892  -607581 0.999939 0 -1 -0 0
h  893  -572386 0.999939 0 -1 -0 0
h  894  -556401 0.999939 0 -1 -0 0
h  895  -602854 0.999939 0 -1 -0 0
h  896  -544532 0.999939 0 -1 -0 0
h  897  -536705 0.999939 0 -1 -0 0
h  898  -736113 0.999939 0 -1 -0 0
h  899  -745625 0.999939 0 -1 -0 0
h  900  -741607 0.999939 0 -1 -0 0
h  901  -750656 0.999939 0 -1 -0 0
h  902  -607605 0.999939 0 -1 -0 0
h  903  -572394 0.999939 0 -1 -0 0
h  904  -556396 0.999939 0 -1 -0 0
h  905  -602946 0.999939 0 -1 -0 0
h  906  -544528 0.999939 0 -1 -0 0
h  907  -536685 0.999939 0 -1 -0 0
h  908  -736112 0.999939 0 -1 -0 0
h  909  -745629 0.999939 0 -1 -0 0
h  910  -741615 0.999939 0 -1 -0 0
h  911  -750671 0.999939 0 -1 -0 0
h  912  -746095 0.999939 0 -1 -0 0
h  913  -736820 0.999939 0 -1 -0 0
h  914  -751074 0.999939 0 -1 -0 0
h  915  -742785 0.999939 0 -1 -0 0
h  916  -746100 0.999939 0 -1 -0 0
h  917  -736826 0.999939 0 -1 -0 0
h  918  -751079 0.999939 0 -1 -0 0
h  919  -742789 0.999939 0 -1 -0 0
h  920  -627107 0.999939 0 -1 -0 0
h  921  -662547 0.999939 0 -1 -0 0
h  925  -626946 0.999939 0 -1 -0 0
h  926  -662534 0.999939 0 -1 -0 0
h  1036  -762047 0.999939 0 -1 -0 0
h  1039  -760203 0.999939 0 -1 -0 0
h  1040  -761670 0.999939 0 -1 -0 0
h  1041  -762884 0.999939 0 -1 -0 0
h  1045  -762046 0.999939 0 -1 -0 0
h  1049  -762884 0.999939 0 -1 -0 0
h  1050  -760190 0.999939 0 -1 -0 0
h  1051  -761670 0.999939 0 -1 -0 0
h  1052  -762086 0.999939 0 -1 -0 0
h  1053  -759135 0.999939 0 -1 -0 0
h  1054  -760381 0.999939 0 -1 -0 0
h  1059  -762048 0.999939 0 -1 -0 0
h  1062  -760201 0.999939 0 -1 -0 0
h  1063  -761673 0.999939 0 -1 -0 0
h  1064  -762885 0.999939 0 -1 -0 0
h  1065  -762085 0.999939 0 -1 -0 0
h  1066  -759156 0.999939 0 -1 -0 0
h  1067  -760386 0.999939 0 -1 -0 0
h  1071  -762045 0.999939 0 -1 -0 0
h  1075  -762885 0.999939 0 -1 -0 0
h  1076  -760182 0.999939 0 -1 -0 0
h  1077  -761667 0.999939 0 -1 -0 0
h  1078  -762086 0.999939 0 -1 -0 0
h  1079  -759126 0.999939 0 -1 -0 0
h  1080  -760373 0.999939 0 -1 -0 0
h  1081  -746046 0.999939 0 -1 -0 0
h  1084  -748659 0.999939 0 -1 -0 0
h  1085  -749263 0.999939 0 -1 -0 0
h  1086  -749494 0.999939 0 -1 -0 0
h  1087  -746024 0.999939 0 -1 -0 0
h  1097  -746272 0.999939 0 -1 -0 0
h  1100  -748743 0.999939 0 -1 -0 0
h  1101  -749369 0.999939 0 -1 -0 0
h  1102  -746109 0.999939 0 -1 -0 0
h  1103  -749602 0.999939 0 -1 -0 0
h  1113  -746279 0.999939 0 -1 -0 0
h  1116  -748748 0.999939 0 -1 -0 0
h  1117  -749374 0.999939 0 -1 -0 0
h  1118  -746118 0.999939 0 -1 -0 0
h  1119  -749609 0.999939 0 -1 -0 0
h  1120  -762748 0.999939 0 -1 -0 0
h  1123  -761874 0.999939 0 -1 -0 0
h  1124  -762637 0.999939 0 -1 -0 0
h  1125  -761595 0.999939 0 -1 -0 0
h  1126  -762748 0.999939 0 -1 -0 0
h  1129  -761874 0.999939 0 -1 -0 0
h  1130  -762638 0.999939 0 -1 -0 0
h  1131  -761595 0.999939 0 -1 -0 0
h  1132  -520409 0.999939 0 -1 -0 0
h  1133  -521393 0.999939 0 -1 -0 0
h  1134  -521054 0.999939 0 -1 -0 0
h  1135  -520187 0.999939 0 -1 -0 0
h  1136  -519064 0.999939 0 -1 -0 0
h  1137  -520403 0.999939 0 -1 -0 0
h  1138  -521388 0.999939 0 -1 -0 0
h  1139  -521053 0.999939 0 -1 -0 0
h  1140  -520190 0.999939 0 -1 -0 0
h  1141  -519064 0.999939 0 -1 -0 0
h  1142  -521378 0.999939 0 -1 -0 0
h  1143  -520387 0.999939 0 -1 -0 0
h  1144  -521045 0.999939 0 -1 -0 0
h  1145  -519046 0.999939 0 -1 -0 0
h  1146  -520180 0.999939 0 -1 -0 0
h  1147  -521394 0.999939 0 -1 -0 0
h  1148  -520413 0.999939 0 -1 -0 0
h  1149  -521056 0.999939 0 -1 -0 0
h  1150  -519068 0.999939 0 -1 -0 0
h  1151  -520192 0.999939 0 -1 -0 0
h  1152  -762266 0.999939 0 -1 -0 0
h  1153  -760722 0.999939 0 -1 -0 0
h  1154  -760633 0.999939 0 -1 -0 0
h  1155  -760181 0.999939 0 -1 -0 0
h  1156  -759748 0.999939 0 -1 -0 0
h  1157  -762750 0.999939 0 -1 -0 0
h  1158  -761795 0.999939 0 -1 -0 0
SolidID  29   16 
h  546  -521662 0.999939 0 -1 -0 0
h  547  -521251 0.999939 0 -1 -0 0
h  548  -521252 0.999939 0 -1 -0 0
h  549  -521255 0.999939 0 -1 -0 0
h  550  -521658 0.999939 0 -1 -0 0
h  551  -521536 0.999939 0 -1 -0 0
h  552  -521533 0.999939 0 -1 -0 0
h  553  -521662 0.999939 0 -1 -0 0
h  554  -521538 0.999939 0 -1 -0 0
h  555  -521365 0.999939 0 -1 -0 0
h  556  -521363 0.999939 0 -1 -0 0
h  557  -521254 0.999939 0 -1 -0 0
h  558  -521657 0.999939 0 -1 -0 0
h  559  -521538 0.999939 0 -1 -0 0
h  560  -521363 0.999939 0 -1 -0 0
h  561  -521360 0.999939 0 -1 -0 0
SolidID  35   16 
h  321  -753703 0.999939 0 -1 -0 0
h  322  -759260 0.999939 0 -1 -0 0
h  323  -757980 0.999939 0 -1 -0 0
h  324  -754565 0.999939 0 -1 -0 0
h  325  -756063 0.999939 0 -1 -0 0
h  326  -757104 0.999939 0 -1 -0 0
h  327  -758708 0.999939 0 -1 -0 0
h  328  -755201 0.999939 0 -1 -0 0
h  329  -754334 0.999939 0 -1 -0 0
h  330  -753659 0.999939 0 -1 -0 0
h  331  -753440 0.999939 0 -1 -0 0
h  332  -759488 0.999939 0 -1 -0 0
h  333  -758888 0.999939 0 -1 -0 0
h  334  -756162 0.999939 0 -1 -0 0
h  335  -757672 0.999939 0 -1 -0 0
h  336  -759564 0.999939 0 -1 -0 0
SolidID  41   16 
h  81  -757578 0.999939 0 -1 -0 0
h  82  -757070 0.999939 0 -1 -0 0
h  83  -758697 0.999939 0 -1 -0 0
h  84  -753709 0.999939 0 -1 -0 0
h  85  -753442 0.999939 0 -1 -0 0
h  86  -759224 0.999939 0 -1 -0 0
h  87  -754319 0.999939 0 -1 -0 0
h  88  -755178 0.999939 0 -1 -0 0
h  89  -757945 0.999939 0 -1 -0 0
h  90  -754608 0.999939 0 -1 -0 0
h  91  -756083 0.999939 0 -1 -0 0
h  92  -759319 0.999939 0 -1 -0 0
h  93  -758702 0.999939 0 -1 -0 0
h  94  -759462 0.999939 0 -1 -0 0
h  95  -756133 0.999939 0 -1 -0 0
h  96  -753697 0.999939 0 -1 -0 0
SolidID  47   16 
h  97  -756135 0.999939 0 -1 -0 0
h  98  -756053 0.999939 0 -1 -0 0
h  99  -758695 0.999939 0 -1 -0 0
h  100  -753697 0.999939 0 -1 -0 0
h  101  -753460 0.999939 0 -1 -0 0
h  102  -759221 0.999939 0 -1 -0 0
h  103  -754328 0.999939 0 -1 -0 0
h  104  -755187 0.999939 0 -1 -0 0
h  105  -757943 0.999939 0 -1 -0 0
h  106  -754529 0.999939 0 -1 -0 0
h  107  -757069 0.999939 0 -1 -0 0
h  108  -759314 0.999939 0 -1 -0 0
h  109  -758693 0.999939 0 -1 -0 0
h  110  -759458 0.999939 0 -1 -0 0
h  111  -757562 0.999939 0 -1 -0 0
h  112  -753701 0.999939 0 -1 -0 0
SolidID  53   16 
h  305  -759570 0.999939 0 -1 -0 0
h  306  -753442 0.999939 0 -1 -0 0
h  307  -754567 0.999939 0 -1 -0 0
h  308  -757983 0.999939 0 -1 -0 0
h  309  -756065 0.999939 0 -1 -0 0
h  310  -757104 0.999939 0 -1 -0 0
h  311  -753662 0.999939 0 -1 -0 0
h  312  -758741 0.999939 0 -1 -0 0
h  313  -754335 0.999939 0 -1 -0 0
h  314  -755201 0.999939 0 -1 -0 0
h  315  -759275 0.999939 0 -1 -0 0
h  316  -758890 0.999939 0 -1 -0 0
h  317  -759491 0.999939 0 -1 -0 0
h  318  -753705 0.999939 0 -1 -0 0
h  319  -756161 0.999939 0 -1 -0 0
h  320  -757674 0.999939 0 -1 -0 0
E_DATA
B_MESH_DATA
Dim 2 
NumPts 233 
NumElems 403 
1   0.00046194   -0.000191342    0
2   0   0    0
3   0.0005   0    0
4   0   -0.0005    0
5   -0.000191342   -0.00046194    0
6   0.000191342   -0.00046194    0
7   0   0.0005    0
8   0.000191342   0.00046194    0
9   -0.00046194   0.000191342    0
10   -0.0005   0    0
11   -0.000353553   0.000353553    0
12   -0.000353553   -0.000353553    0
13   -0.00046194   -0.000191342    0
14   0.00046194   0.000191342    0
15   0.000353553   0.000353553    0
16   -0.000191342   0.00046194    0
17   0.000353553   -0.000353553    0
18   -0.0191913   0.00253806    0
19   -0.0193536   0.00264645    0
20   -0.019   0.003    0
21   -0.0185381   0.00319134    0
22   -0.0186464   0.00335355    0
23   -0.0185381   0.00280866    0
24   -0.0185   0.003    0
25   -0.0195   0.003    0
26   -0.0194619   0.00319134    0
27   -0.0193536   0.00335355    0
28   -0.0186464   0.00264645    0
29   -0.019   0.0025    0
30   -0.0188087   0.00253806    0
31   -0.0194619   0.00280866    0
32   -0.0188087   0.00346194    0
33   -0.019   0.0035    0
34   -0.0191913   0.00346194    0
35   0.0188087   -0.00346194    0
36   0.0186464   -0.00335355    0
37   0.019   -0.003    0
38   0.0194619   -0.00280866    0
39   0.0193536   -0.00264645    0
40   0.0195   -0.003    0
41   0.0194619   -0.00319134    0
42   0.0185381   -0.00280866    0
43   0.0185   -0.003    0
44   0.0193536   -0.00335355    0
45   0.0186464   -0.00264645    0
46   0.0185381   -0.00319134    0
47   0.0191913   -0.00253806    0
48   0.019   -0.0025    0
49   0.0188087   -0.00253806    0
50   0.0191913   -0.00346194    0
51   0.019   -0.0035    0
52   0.00625879   -0.000314318    0
53   0.00809979   0.00227818    0
54   0.00932781   -0.000361583    0
55   -0.00625878   0.000314308    0
56   -0.00809977   -0.0022782    0
57   -0.0093277   0.000361471    0
58   0.0122872   -9.9324e-05    0
59   0.0136695   0.00209724    0
60   0.0156146   -1.77949e-05    0
61   -0.0122866   9.84594e-05    0
62   -0.0136685   -0.00209833    0
63   -0.0156109   1.22478e-05    0
64   -0.0136654   0.00216612    0
65   0.0136661   -0.00216702    0
66   0.0108434   0.00204768    0
67   -0.0108432   -0.00204787    0
68   0.0152937   0.004    0
69   0.0118537   0.004    0
70   -0.0152937   -0.004    0
71   -0.0118537   -0.004    0
72   0.0108137   -0.00242839    0
73   -0.0108135   0.00242822    0
74   0.00213698   0.00167564    0
75   0.00172475   0.004    0
76   0.00445878   0.004    0
77   -0.00213698   -0.00167564    0
78   -0.00172475   -0.004    0
79   -0.00445878   -0.004    0
80   -0.00213698   0.00168472    0
81   -0.00445878   0.004    0
82   -0.00172475   0.004    0
83   0.00213698   -0.00168472    0
84   0.00445878   -0.004    0
85   0.00172475   -0.004    0
86   -0.0118537   0.004    0
87   -0.0152937   0.004    0
88   0.0118537   -0.004    0
89   0.0152937   -0.004    0
90   0.0162659   0.00236746    0
91   -0.0162618   0.00237855    0
92   -0.0162621   -0.00237057    0
93   0.0162628   -0.00238025    0
94   0.01   0.004    0
95   -0.01   -0.004    0
96   0.0175053   0.00136899    0
97   -0.0174857   -0.00138262    0
98   -0.0174857   0.00138499    0
99   0.0174884   -0.00139223    0
100   0.00346513   -4.13823e-05    0
101   0.00139798   -3.72798e-06    0
102   -0.00346513   4.13817e-05    0
103   -0.00139798   3.72795e-06    0
104   0.0180153   -2.701e-05    0
105   -0.0180056   9.89457e-07    0
106   0.000774773   0.00154661    0
107   -0.000774773   -0.00154661    0
108   0.000774773   -0.00154726    0
109   -0.000774773   0.00154726    0
110   0   0.00267957    0
111   0   -0.00267957    0
112   -0.01   0.004    0
113   0.01   -0.004    0
114   -0.0188095   -0.00120225    0
115   -0.02   0    0
116   -0.0188095   0.00120247    0
117   0.02   -5.58436e-05    0
118   0.0188118   -0.00121841    0
119   0.0188534   0.00113319    0
120   0   0.004    0
121   0   -0.004    0
122   -0.02   0.0016728    0
123   -0.02   -0.0016728    0
124   0.0179395   0.00261664    0
125   -0.0179285   0.00261737    0
126   -0.0179285   -0.00261682    0
127   0.0179291   -0.00261862    0
128   0.02   -0.001681    0
129   0.02   0.00134084    0
130   0.0185377   0.00211314    0
131   0   0.00117155    0
132   0   -0.00117155    0
133   0.00102345   0.000725765    0
134   -0.00102345   -0.000725765    0
135   0.00102345   -0.000727271    0
136   -0.00102345   0.000727271    0
137   -0.0184405   -0.002078    0
138   -0.0184405   0.00207815    0
139   0.0184415   -0.00208189    0
140   0.0192478   0.00208059    0
141   -0.0190348   -0.00208625    0
142   -0.0190348   0.00208626    0
143   0.0190354   -0.00209027    0
144   0.02   0.00234087    0
145   0.0186464   -0.004    0
146   0.017684   -0.004    0
147   -0.0191913   -0.00346194    0
148   -0.019   -0.004    0
149   -0.02   -0.004    0
150   0.0191913   0.00346194    0
151   0.019   0.004    0
152   0.02   0.004    0
153   -0.02   0.003    0
154   -0.02   0.004    0
155   0.02   -0.003    0
156   0.02   -0.004    0
157   0.0195   0.003    0
158   0.02   0.00340176    0
159   -0.0186464   0.004    0
160   -0.0192442   0.00366996    0
161   0.0192442   -0.00366996    0
162   -0.0186464   -0.00264645    0
163   0.0193536   0.00264645    0
164   0.0193536   0.00335355    0
165   -0.02   -0.00340903    0
166   -0.0193536   -0.00335355    0
167   0.0186464   0.00264645    0
168   -0.02   -0.00280866    0
169   -0.0195   -0.003    0
170   0.019   0.0025    0
171   -0.0188087   -0.00253806    0
172   0.0194619   0.00280866    0
173   -0.0185381   -0.00280866    0
174   -0.0185   -0.003    0
175   0.0185381   0.00280866    0
176   0.0185   0.003    0
177   -0.0194619   -0.00319134    0
178   0.0194619   0.00319134    0
179   -0.0194619   -0.00280866    0
180   0.0188087   0.00253806    0
181   -0.019   -0.0035    0
182   0.019   0.0035    0
183   0.0188087   0.00346194    0
184   -0.0188087   -0.00346194    0
185   0.0191913   0.00253806    0
186   -0.0191913   -0.00253806    0
187   -0.019   -0.0025    0
188   0.00535878   -0.00215716    0
189   0.00787303   -0.004    0
190   0.00706591   -0.00215716    0
191   0.00893978   -0.00229278    0
192   -0.00535878   0.00215715    0
193   -0.00787303   0.004    0
194   -0.0070659   0.00215715    0
195   -0.00893971   0.00229269    0
196   -0.00535878   -0.00184285    0
197   -0.00787303   -0.004    0
198   0.0122565   0.00207246    0
199   0.00535878   0.00184284    0
200   0.00787303   0.004    0
201   -0.0122559   -0.0020731    0
202   -0.0122395   0.00229717    0
203   0.0122399   -0.00229771    0
204   0.00893652   0.004    0
205   -0.00893652   -0.004    0
206   -0.0164888   0.004    0
207   -0.0172087   0.00330868    0
208   -0.017684   0.004    0
209   -0.0164888   -0.004    0
210   -0.0172087   -0.00330841    0
211   -0.017684   -0.004    0
212   -0.0185381   -0.00319134    0
213   0.0164888   -0.004    0
214   0.017209   -0.00330931    0
215   0.0164889   0.004    0
216   0.0172142   0.00330832    0
217   0.0176841   0.004    0
218   0.0185381   0.00319134    0
219   -0.02   -0.00224073    0
220   -0.0193536   -0.00264645    0
221   -0.02   0.0023364    0
222   0.02   -0.0023405    0
223   -0.018342   -0.004    0
224   -0.0186464   -0.00335355    0
225   0.0183421   0.004    0
226   0.0186464   0.00335355    0
227   0.000564163   -0.000950405    0
228   -0.000564163   0.000950405    0
229   -0.000564163   -0.000950081    0
230   0.000564163   0.000950081    0
231   -0.0178734   0.00325001    0
232   -0.019   -0.003    0
233   0.019   0.003    0
546  29  1  2  3 
547  29  4  5  2 
548  29  4  2  6 
549  29  7  8  2 
550  29  9  2  10 
551  29  9  11  2 
552  29  12  13  2 
553  29  14  3  2 
554  29  15  14  2 
555  29  15  2  8 
556  29  11  16  2 
557  29  7  2  16 
558  29  13  10  2 
559  29  1  17  2 
560  29  17  6  2 
561  29  12  2  5 
321  35  18  19  20 
322  35  21  20  22 
323  35  23  20  24 
324  35  25  26  20 
325  35  26  27  20 
326  35  23  28  20 
327  35  21  24  20 
328  35  29  20  30 
329  35  18  20  29 
330  35  31  25  20 
331  35  31  20  19 
332  35  32  20  33 
333  35  34  33  20 
334  35  28  30  20 
335  35  34  20  27 
336  35  32  22  20 
305  53  35  36  37 
306  53  38  37  39 
307  53  40  41  37 
308  53  42  37  43 
309  53  41  44  37 
310  53  42  45  37 
311  53  38  40  37 
312  53  46  43  37 
313  53  47  37  48 
314  53  48  37  49 
315  53  46  37  36 
316  53  50  51  37 
317  53  35  37  51 
318  53  47  39  37 
319  53  45  49  37 
320  53  50  37  44 
113  6  52  53  54 
114  6  55  56  57 
115  6  58  59  60 
116  6  61  62  63 
117  6  61  63  64 
118  6  58  60  65 
119  6  66  54  53 
120  6  67  57  56 
121  6  58  54  66 
122  6  61  57  67 
123  6  68  59  69 
124  6  70  62  71 
125  6  58  72  54 
126  6  61  73  57 
127  6  74  75  76 
128  6  77  78  79 
129  6  80  81  82 
130  6  83  84  85 
131  6  86  64  87 
132  6  88  65  89 
133  6  60  59  90 
134  6  64  63  91 
135  6  63  62  92 
136  6  65  60  93 
137  6  94  66  53 
138  6  95  67  56 
139  6  68  90  59 
140  6  70  92  62 
141  6  87  64  91 
142  6  89  65  93 
143  6  94  69  66 
144  6  95  71  67 
145  6  96  60  90 
146  6  97  63  92 
147  6  98  91  63 
148  6  99  93  60 
149  6  100  101  74 
150  6  102  103  77 
151  6  100  83  101 
152  6  102  80  103 
153  6  104  60  96 
154  6  105  63  97 
155  6  98  63  105 
156  6  99  60  104 
157  6  75  74  106 
158  6  78  77  107 
159  6  85  108  83 
160  6  82  109  80 
161  6  75  106  110 
162  6  78  107  111 
163  6  82  110  109 
164  6  85  111  108 
165  6  86  112  73 
166  6  88  113  72 
167  6  105  114  115 
168  6  105  115  116 
169  6  104  117  118 
170  6  104  119  117 
171  6  120  110  82 
172  6  120  75  110 
173  6  121  78  111 
174  6  121  111  85 
175  6  116  115  122 
176  6  115  114  123 
177  6  90  124  96 
178  6  91  98  125 
179  6  92  126  97 
180  6  93  99  127 
181  6  118  117  128 
182  6  104  96  119 
183  6  105  97  114 
184  6  105  116  98 
185  6  104  118  99 
186  6  117  119  129 
187  6  119  96  130 
188  6  131  110  106 
189  6  132  108  111 
190  6  131  109  110 
191  6  132  111  107 
192  6  133  74  101 
193  6  134  77  103 
194  6  135  101  83 
195  6  136  103  80 
196  6  135  83  108 
197  6  136  80  109 
198  6  133  106  74 
199  6  134  107  77 
200  6  114  97  137 
201  6  138  98  116 
202  6  139  99  118 
203  6  140  129  119 
204  6  130  96  124 
205  6  141  123  114 
206  6  142  116  122 
207  6  143  118  128 
208  6  137  97  126 
209  6  98  138  125 
210  6  99  139  127 
211  6  144  129  140 
212  6  119  130  140 
213  6  36  145  146 
214  6  14  133  101 
215  6  13  134  103 
216  6  1  101  135 
217  6  9  103  136 
218  6  147  148  149 
219  6  150  151  152 
220  6  26  153  154 
221  6  41  155  156 
222  6  144  157  158 
223  6  114  137  141 
224  6  116  142  138 
225  6  118  143  139 
226  6  154  159  160 
227  6  156  145  161 
228  6  28  125  138 
229  6  162  137  126 
230  6  45  127  139 
231  6  163  144  140 
232  6  152  158  164 
233  6  149  165  166 
234  6  167  130  124 
235  6  168  169  165 
236  6  170  140  130 
237  6  156  161  44 
238  6  154  160  27 
239  6  171  141  137 
240  6  142  30  138 
241  6  143  49  139 
242  6  46  36  146 
243  6  51  161  145 
244  6  33  160  159 
245  6  149  166  147 
246  6  156  44  41 
247  6  154  27  26 
248  6  152  164  150 
249  6  1  3  101 
250  6  9  10  103 
251  6  14  101  3 
252  6  13  103  10 
253  6  1  135  17 
254  6  9  136  11 
255  6  15  133  14 
256  6  12  134  13 
257  6  172  144  163 
258  6  4  6  132 
259  6  4  132  5 
260  6  7  131  8 
261  6  7  16  131 
262  6  173  126  174 
263  6  23  24  125 
264  6  42  43  127 
265  6  175  124  176 
266  6  144  172  157 
267  6  162  126  173 
268  6  23  125  28 
269  6  42  127  45 
270  6  167  124  175 
271  6  162  171  137 
272  6  28  138  30 
273  6  45  139  49 
274  6  169  177  165 
275  6  157  178  158 
276  6  177  166  165 
277  6  164  158  178 
278  6  35  51  145 
279  6  32  33  159 
280  6  35  145  36 
281  6  32  159  22 
282  6  168  179  169 
283  6  167  180  130 
284  6  147  181  148 
285  6  150  182  151 
286  6  183  151  182 
287  6  184  148  181 
288  6  41  40  155 
289  6  26  25  153 
290  6  153  25  31 
291  6  155  40  38 
292  6  170  130  180 
293  6  170  185  140 
294  6  186  141  187 
295  6  18  29  142 
296  6  163  140  185 
297  6  47  48  143 
298  6  187  141  171 
299  6  29  30  142 
300  6  48  49  143 
301  6  50  161  51 
302  6  34  160  33 
303  6  50  44  161 
304  6  34  27  160 
801  6  84  188  189 
802  6  52  188  100 
803  6  188  84  83 
804  6  83  100  188 
805  6  190  52  54 
806  6  52  190  188 
807  6  190  189  188 
808  6  72  191  54 
809  6  191  190  54 
810  6  190  191  189 
811  6  191  72  113 
812  6  113  189  191 
813  6  81  192  193 
814  6  55  192  102 
815  6  192  81  80 
816  6  80  102  192 
817  6  194  55  57 
818  6  55  194  192 
819  6  194  193  192 
820  6  73  195  57 
821  6  195  194  57 
822  6  194  195  193 
823  6  195  73  112 
824  6  112  193  195 
892  6  55  196  56 
893  6  196  55  102 
894  6  196  79  197 
895  6  197  56  196 
896  6  196  102  77 
897  6  77  79  196 
898  6  66  198  58 
899  6  198  59  58 
900  6  198  66  69 
901  6  59  198  69 
902  6  52  199  53 
903  6  199  52  100 
904  6  199  76  200 
905  6  200  53  199 
906  6  199  100  74 
907  6  74  76  199 
908  6  67  201  61 
909  6  201  62  61 
910  6  201  67  71 
911  6  62  201  71 
912  6  64  202  61 
913  6  202  73  61 
914  6  202  64  86 
915  6  73  202  86 
916  6  65  203  58 
917  6  203  72  58 
918  6  203  65  88 
919  6  72  203  88 
920  6  200  204  53 
921  6  204  94  53 
925  6  197  205  56 
926  6  205  95  56 
1036  6  206  87  91 
1039  6  125  207  91 
1040  6  207  206  91 
1041  6  206  207  208 
1045  6  70  209  92 
1049  6  210  209  211 
1050  6  210  126  92 
1051  6  209  210  92 
1052  6  210  211  212 
1053  6  212  174  126 
1054  6  126  210  212 
1059  6  213  89  93 
1062  6  127  214  93 
1063  6  214  213  93 
1064  6  213  214  146 
1065  6  46  146  214 
1066  6  127  43  46 
1067  6  46  214  127 
1071  6  68  215  90 
1075  6  216  215  217 
1076  6  216  124  90 
1077  6  215  216  90 
1078  6  216  217  218 
1079  6  218  176  124 
1080  6  124  216  218 
1081  6  168  219  179 
1084  6  220  179  219 
1085  6  186  220  219 
1086  6  141  186  219 
1087  6  219  123  141 
1097  6  221  153  31 
1100  6  221  31  19 
1101  6  221  19  18 
1102  6  142  122  221 
1103  6  221  18  142 
1113  6  222  155  38 
1116  6  222  38  39 
1117  6  222  39  47 
1118  6  143  128  222 
1119  6  222  47  143 
1120  6  223  148  184 
1123  6  223  184  224 
1124  6  212  211  223 
1125  6  223  224  212 
1126  6  225  151  183 
1129  6  225  183  226 
1130  6  218  217  225 
1131  6  225  226  218 
1132  6  108  227  135 
1133  6  227  17  135 
1134  6  17  227  6 
1135  6  132  6  227 
1136  6  227  108  132 
1137  6  109  228  136 
1138  6  228  11  136 
1139  6  11  228  16 
1140  6  131  16  228 
1141  6  228  109  131 
1142  6  12  229  134 
1143  6  229  107  134 
1144  6  229  12  5 
1145  6  132  107  229 
1146  6  229  5  132 
1147  6  15  230  133 
1148  6  230  106  133 
1149  6  230  15  8 
1150  6  131  106  230 
1151  6  230  8  131 
1152  6  207  231  208 
1153  6  231  207  125 
1154  6  231  21  22 
1155  6  24  21  231 
1156  6  231  125  24 
1157  6  159  208  231 
1158  6  231  22  159 
81  41  147  166  232 
82  41  162  173  232 
83  41  212  232  174 
84  41  179  232  169 
85  41  179  220  232 
86  41  212  224  232 
87  41  186  187  232 
88  41  187  171  232 
89  41  173  174  232 
90  41  169  232  177 
91  41  177  232  166 
92  41  184  181  232 
93  41  147  232  181 
94  41  224  184  232 
95  41  162  232  171 
96  41  186  232  220 
97  47  167  233  180 
98  47  164  178  233 
99  47  218  233  176 
100  47  172  233  157 
101  47  172  163  233 
102  47  218  226  233 
103  47  170  233  185 
104  47  170  180  233 
105  47  175  176  233 
106  47  157  233  178 
107  47  167  175  233 
108  47  183  182  233 
109  47  150  233  182 
110  47  226  183  233 
111  47  150  164  233 
112  47  163  185  233 
E_MESH_DATA
