B_DATA
o  993 763985.082817 0.999939
o  1006 763985.061799 0.999939
o  1017 763984.054920 0.999939
o  1028 763985.064904 0.999939
o  1039 763984.370049 0.999939
o  1050 763985.243413 0.999939
o  1061 763985.061838 0.999939
o  1072 763984.054998 0.999939
o  1083 763985.065138 0.999939
o  1094 763984.370071 0.999939
o  1145 763985.235993 0.999939
o  1158 763985.037648 0.999939
o  1169 763984.052338 0.999939
o  1180 763985.048946 0.999939
o  1191 763984.355967 0.999939
o  1202 763985.235229 0.999939
o  1213 763985.037850 0.999939
o  1224 763984.052436 0.999939
o  1235 763985.049210 0.999939
o  1246 763984.355721 0.999939
o  1628 763981.057634 0.999939
E_DATA
