PhaseC
  5 10
  0.00309
  0  147.879  5.31245  0.0634877  155.388  
  0.00312
  0  141.879  5.40141  0.0679158  147.604  
  0.00315
  0  135.426  5.46555  0.0719776  135.394  
  0.00318
  0  128.54  5.5128  0.0757262  124.953  
  0.00321
  0  121.243  5.5398  0.0790958  112.32  
  0.00324
  0  113.558  5.52867  0.0820422  98.2125  
  0.00327
  0  105.51  5.47315  0.084598  85.1955  
  0.0033
  0  97.125  5.40567  0.0865901  66.4014  
  0.00333
  0  88.4294  5.30414  0.0881135  50.7808  
  0.00333333
  0  87.4454  5.25513  0.0883609  74.2321  
