SolidID  2424   299 
h 455   -763661  0.999939  0.514112  0.388471  0.921461  0.000413026
h 647   -748284  0.999939  0.300103  0.388471  0.921461  0.0197353
h 683   -763852  0.999939  0.530666  0.388471  0.921461  0.000173833
h 684   -763813  0.999939  0.527293  0.388471  0.921461  0.00022257
h 685   -763972  0.999939  0.550339  0.388471  0.921461  2.24054e-05
h 691   -750963  0.999939  0.322356  0.388471  0.921461  0.016369
h 694   -758473  0.999939  0.398042  0.388471  0.921461  0.00693243
h 714   -751435  0.999939  0.326274  0.388471  0.921461  0.0157763
h 715   -758191  0.999939  0.393981  0.388471  0.921461  0.00728642
h 721   -729719  0.999939  0.181554  0.388471  0.921461  0.0430642
h 723   -731109  0.999939  0.188974  0.388471  0.921461  0.0413174
h 736   -721529  0.999939  0.138668  0.388471  0.921461  0.0533553
h 737   -715803  0.999939  0.11107  0.388471  0.921461  0.0605506
h 738   -723790  0.999939  0.14991  0.388471  0.921461  0.0505135
h 739   -724451  0.999939  0.153438  0.388471  0.921461  0.0496829
h 740   -723635  0.999939  0.149079  0.388471  0.921461  0.0507091
h 741   -715693  0.999939  0.11054  0.388471  0.921461  0.0606887
h 742   -722066  0.999939  0.14126  0.388471  0.921461  0.0526797
h 743   -720368  0.999939  0.133076  0.388471  0.921461  0.0548134
h 744   -713036  0.999939  0.0977381  0.388471  0.921461  0.0640264
h 745   -747999  0.999939  0.297735  0.388471  0.921461  0.0200934
h 746   -743017  0.999939  0.262295  0.388471  0.921461  0.0263543
h 747   -739680  0.999939  0.239761  0.388471  0.921461  0.0305467
h 748   -733595  0.999939  0.203144  0.388471  0.921461  0.0381932
h 778   -762579  0.999939  0.469225  0.388471  0.921461  0.00177268
h 779   -749218  0.999939  0.307857  0.388471  0.921461  0.0185623
h 780   -732138  0.999939  0.194467  0.388471  0.921461  0.0400243
h 781   -736622  0.999939  0.221356  0.388471  0.921461  0.03439
h 785   -732510  0.999939  0.196614  0.388471  0.921461  0.0395567
h 786   -720834  0.999939  0.13532  0.388471  0.921461  0.0542283
h 787   -707426  0.999939  0.0729693  0.388471  0.921461  0.0710761
h 788   -708151  0.999939  0.076169  0.388471  0.921461  0.0701649
h 789   -722647  0.999939  0.144055  0.388471  0.921461  0.0519508
h 790   -724396  0.999939  0.153144  0.388471  0.921461  0.049752
h 791   -696349  0.999939  0.0259302  0.388471  0.921461  0.084995
h 800   -742464  0.999939  0.258455  0.388471  0.921461  0.0270485
h 803   -751630  0.999939  0.32789  0.388471  0.921461  0.0155318
h 823   -707353  0.999939  0.0726449  0.388471  0.921461  0.0711685
h 824   -714575  0.999939  0.105155  0.388471  0.921461  0.0620928
h 825   -691107  0.999939  0.00452049  0.388471  0.921461  0.0915823
h 869   -760341  0.999939  0.424968  0.388471  0.921461  0.00458498
h 870   -754144  0.999939  0.350647  0.388471  0.921461  0.0123719
h 875   -750486  0.999939  0.318392  0.388471  0.921461  0.0169686
h 876   -753510  0.999939  0.344007  0.388471  0.921461  0.0131693
h 878   -750942  0.999939  0.322177  0.388471  0.921461  0.0163961
h 909   -763529  0.999939  0.502551  0.388471  0.921461  0.00058008
h 910   -763411  0.999939  0.492293  0.388471  0.921461  0.000728291
h 911   -763055  0.999939  0.480628  0.388471  0.921461  0.00117554
h 913   -763042  0.999939  0.48032  0.388471  0.921461  0.00119171
h 914   -760156  0.999939  0.422297  0.388471  0.921461  0.00481783
h 915   -763066  0.999939  0.480912  0.388471  0.921461  0.00116069
h 916   -761753  0.999939  0.449404  0.388471  0.921461  0.00281059
h 918   -762213  0.999939  0.460429  0.388471  0.921461  0.00223328
h 976   -763805  0.999939  0.526592  0.388471  0.921461  0.000232704
h 977   -763466  0.999939  0.497105  0.388471  0.921461  0.000658766
h 993   -763972  0.999939  0.545152  0.388471  0.921461  2.27394e-05
h 994   -763855  0.999939  0.530948  0.388471  0.921461  0.000169756
h 995   -763972  0.999939  0.544659  0.388471  0.921461  2.27712e-05
h 996   -763972  0.999939  0.545567  0.388471  0.921461  2.27127e-05
h 997   -763973  0.999939  0.557801  0.388471  0.921461  2.1925e-05
h 998   -763973  0.999939  0.570903  0.388471  0.921461  2.10813e-05
h 999   -763975  0.999939  0.597939  0.388471  0.921461  1.93185e-05
h 1000   -763978  0.999939  0.675126  0.388471  0.921461  1.4673e-05
h 1001   -763976  0.999939  0.628211  0.388471  0.921461  1.72208e-05
h 1002   -763975  0.999939  0.61054  0.388471  0.921461  1.84453e-05
h 1003   -763974  0.999939  0.574293  0.388471  0.921461  2.0863e-05
h 1004   -763974  0.999939  0.592546  0.388471  0.921461  1.96876e-05
h 1007   -761586  0.999939  0.445386  0.388471  0.921461  0.00302103
h 1008   -760176  0.999939  0.422591  0.388471  0.921461  0.00479228
h 1009   -759895  0.999939  0.418541  0.388471  0.921461  0.0051453
h 1020   -745135  0.999939  0.277015  0.388471  0.921461  0.0236933
h 1021   -742157  0.999939  0.256321  0.388471  0.921461  0.0274344
h 1028   -676344  0.999939  -0.041671  0.388471  0.921461  0.110133
h 1029   -639935  0.999939  -0.133325  0.388471  0.921461  0.155882
h 1039   -662455  0.999939  -0.0805292  0.388471  0.921461  0.127586
h 1040   -666328  0.999939  -0.0707941  0.388471  0.921461  0.122718
h 1083   -757808  0.999939  0.38898  0.388471  0.921461  0.00776864
h 1084   -755335  0.999939  0.363111  0.388471  0.921461  0.0108751
h 1140   -762721  0.999939  0.472614  0.388471  0.921461  0.00159521
h 1141   -762873  0.999939  0.476269  0.388471  0.921461  0.00140381
h 1148   -762542  0.999939  0.468323  0.388471  0.921461  0.00181994
h 1149   -762006  0.999939  0.455473  0.388471  0.921461  0.00249281
h 1156   -758822  0.999939  0.403071  0.388471  0.921461  0.00649396
h 1157   -743401  0.999939  0.264965  0.388471  0.921461  0.0258716
h 1160   -762778  0.999939  0.474  0.388471  0.921461  0.00152262
h 1161   -763449  0.999939  0.495607  0.388471  0.921461  0.000680405
h 1167   -760803  0.999939  0.43162  0.388471  0.921461  0.00400511
h 1168   -759437  0.999939  0.411937  0.388471  0.921461  0.00572101
h 1178   -761980  0.999939  0.454831  0.388471  0.921461  0.00252641
h 1186   -761085  0.999939  0.43569  0.388471  0.921461  0.00365032
h 1187   -761449  0.999939  0.442108  0.388471  0.921461  0.00319264
h 1188   -763980  0.999939  0.706438  0.388471  0.921461  1.30569e-05
h 1189   -763981  0.999939  0.7365  0.388471  0.921461  1.09738e-05
h 1191   -763988  0.999939  0.870467  0.388471  0.921461  2.83974e-06
h 1192   -763990  0.999939  0.914744  0.388471  0.921461  0
h 1200   -723840  0.999939  0.150174  0.388471  0.921461  0.0504513
h 1201   -761937  0.999939  0.453815  0.388471  0.921461  0.00257962
h 1204   -763744  0.999939  0.52126  0.388471  0.921461  0.00030974
h 1205   -763919  0.999939  0.536494  0.388471  0.921461  8.96232e-05
h 1206   -763399  0.999939  0.491247  0.388471  0.921461  0.000743414
h 1207   -763568  0.999939  0.505978  0.388471  0.921461  0.000530552
h 1212   -763974  0.999939  0.577507  0.388471  0.921461  2.0656e-05
h 1213   -763973  0.999939  0.559057  0.388471  0.921461  2.1844e-05
h 1214   -763973  0.999939  0.559227  0.388471  0.921461  2.18331e-05
h 1215   -763978  0.999939  0.655416  0.388471  0.921461  1.55658e-05
h 1216   -763976  0.999939  0.614941  0.388471  0.921461  1.81404e-05
h 1217   -763975  0.999939  0.607293  0.388471  0.921461  1.86703e-05
h 1218   -763975  0.999939  0.598862  0.388471  0.921461  1.92545e-05
h 1222   -763975  0.999939  0.59371  0.388471  0.921461  1.96115e-05
h 1223   -763974  0.999939  0.576938  0.388471  0.921461  2.06927e-05
h 1238   -761900  0.999939  0.452925  0.388471  0.921461  0.00262626
h 1239   -761099  0.999939  0.435888  0.388471  0.921461  0.00363301
h 1240   -761120  0.999939  0.436198  0.388471  0.921461  0.00360602
h 1241   -762668  0.999939  0.471353  0.388471  0.921461  0.00166124
h 1242   -762704  0.999939  0.472209  0.388471  0.921461  0.00161642
h 1246   -749422  0.999939  0.309551  0.388471  0.921461  0.018306
h 1247   -746646  0.999939  0.287519  0.388471  0.921461  0.0217944
h 1248   -747199  0.999939  0.291363  0.388471  0.921461  0.0210994
h 1261   -760326  0.999939  0.424747  0.388471  0.921461  0.00460425
h 1262   -759527  0.999939  0.413237  0.388471  0.921461  0.00560776
h 1265   -754320  0.999939  0.35249  0.388471  0.921461  0.0121506
h 1266   -756654  0.999939  0.376906  0.388471  0.921461  0.00921859
h 1293   -757423  0.999939  0.384953  0.388471  0.921461  0.00825223
h 1294   -758760  0.999939  0.402182  0.388471  0.921461  0.00657146
h 1295   -758772  0.999939  0.402344  0.388471  0.921461  0.00655741
h 1341   -741007  0.999939  0.248327  0.388471  0.921461  0.0288796
h 1342   -739359  0.999939  0.237827  0.388471  0.921461  0.0309506
h 1343   -745203  0.999939  0.277488  0.388471  0.921461  0.0236077
h 1344   -742057  0.999939  0.255621  0.388471  0.921461  0.0275608
h 1345   -745155  0.999939  0.277161  0.388471  0.921461  0.0236669
h 1350   -751387  0.999939  0.325876  0.388471  0.921461  0.0158366
h 1351   -751418  0.999939  0.326137  0.388471  0.921461  0.0157971
h 1352   -750390  0.999939  0.317591  0.388471  0.921461  0.0170897
h 1389   -756322  0.999939  0.373432  0.388471  0.921461  0.00963573
h 1390   -754684  0.999939  0.356294  0.388471  0.921461  0.0116938
h 1391   -756936  0.999939  0.379858  0.388471  0.921461  0.00886403
h 1408   -758834  0.999939  0.403238  0.388471  0.921461  0.00647944
h 1409   -758028  0.999939  0.391628  0.388471  0.921461  0.00749156
h 1410   -758131  0.999939  0.393116  0.388471  0.921461  0.00736183
h 1444   -730544  0.999939  0.185959  0.388471  0.921461  0.0420271
h 1445   -727595  0.999939  0.170218  0.388471  0.921461  0.0457327
h 1446   -732777  0.999939  0.198219  0.388471  0.921461  0.0392216
h 1449   -737571  0.999939  0.22707  0.388471  0.921461  0.0331968
h 1450   -735792  0.999939  0.216364  0.388471  0.921461  0.0354324
h 1451   -736795  0.999939  0.222401  0.388471  0.921461  0.0341719
h 1452   -724716  0.999939  0.15485  0.388471  0.921461  0.0493505
h 1453   -725177  0.999939  0.157313  0.388471  0.921461  0.0487707
h 1454   -725399  0.999939  0.158499  0.388471  0.921461  0.0484915
h 1462   -738047  0.999939  0.22993  0.388471  0.921461  0.0325995
h 1463   -744252  0.999939  0.270883  0.388471  0.921461  0.0248018
h 1464   -746103  0.999939  0.28375  0.388471  0.921461  0.0224757
h 1465   -747062  0.999939  0.290409  0.388471  0.921461  0.0212719
h 1471   -723890  0.999939  0.150444  0.388471  0.921461  0.0503878
h 1472   -726730  0.999939  0.1656  0.388471  0.921461  0.0468198
h 1473   -730094  0.999939  0.183559  0.388471  0.921461  0.0425921
h 1506   -735903  0.999939  0.21703  0.388471  0.921461  0.0352934
h 1507   -739819  0.999939  0.240596  0.388471  0.921461  0.0303723
h 1508   -740314  0.999939  0.243571  0.388471  0.921461  0.0297511
h 1529   -763089  0.999939  0.481447  0.388471  0.921461  0.00113266
h 1530   -762310  0.999939  0.462755  0.388471  0.921461  0.00211147
h 1531   -761915  0.999939  0.453272  0.388471  0.921461  0.00260805
h 1532   -763336  0.999939  0.487391  0.388471  0.921461  0.000821433
h 1533   -762760  0.999939  0.473564  0.388471  0.921461  0.00154548
h 1535   -761999  0.999939  0.45529  0.388471  0.921461  0.0025024
h 1536   -762257  0.999939  0.461492  0.388471  0.921461  0.00217762
h 1542   -760589  0.999939  0.428539  0.388471  0.921461  0.00427367
h 1543   -759406  0.999939  0.411492  0.388471  0.921461  0.00575988
h 1544   -759592  0.999939  0.41417  0.388471  0.921461  0.00552636
h 1545   -760842  0.999939  0.432181  0.388471  0.921461  0.00395621
h 1546   -761257  0.999939  0.438165  0.388471  0.921461  0.00343447
h 1549   -759756  0.999939  0.416528  0.388471  0.921461  0.00532077
h 1550   -760184  0.999939  0.422696  0.388471  0.921461  0.00478311
h 1559   -763480  0.999939  0.498364  0.388471  0.921461  0.000640572
h 1560   -763238  0.999939  0.48502  0.388471  0.921461  0.000945566
h 1563   -763972  0.999939  0.543921  0.388471  0.921461  2.28187e-05
h 1564   -763821  0.999939  0.527949  0.388471  0.921461  0.000213096
h 1568   -763978  0.999939  0.663124  0.388471  0.921461  1.52167e-05
h 1569   -763977  0.999939  0.632272  0.388471  0.921461  1.69395e-05
h 1572   -763988  0.999939  0.865657  0.388471  0.921461  3.20716e-06
h 1573   -763983  0.999939  0.779539  0.388471  0.921461  8.68712e-06
h 1576   -762194  0.999939  0.459969  0.388471  0.921461  0.00225736
h 1577   -761686  0.999939  0.447782  0.388471  0.921461  0.00289556
h 1584   -750920  0.999939  0.321994  0.388471  0.921461  0.0164237
h 1585   -749385  0.999939  0.309245  0.388471  0.921461  0.0183523
h 1592   -754028  0.999939  0.349426  0.388471  0.921461  0.0125185
h 1593   -755861  0.999939  0.368606  0.388471  0.921461  0.0102153
h 1594   -755799  0.999939  0.367964  0.388471  0.921461  0.0102923
h 1595   -752122  0.999939  0.33198  0.388471  0.921461  0.0149131
h 1596   -752277  0.999939  0.33327  0.388471  0.921461  0.014718
h 1599   -754799  0.999939  0.357496  0.388471  0.921461  0.0115494
h 1600   -753669  0.999939  0.345671  0.388471  0.921461  0.0129695
h 1606   -758024  0.999939  0.391562  0.388471  0.921461  0.00749729
h 1607   -756948  0.999939  0.379984  0.388471  0.921461  0.00884886
h 1667   -742488  0.999939  0.258617  0.388471  0.921461  0.0270193
h 1668   -741846  0.999939  0.254156  0.388471  0.921461  0.0278257
h 1669   -740878  0.999939  0.247431  0.388471  0.921461  0.0290415
h 1672   -744067  0.999939  0.269594  0.388471  0.921461  0.0250349
h 1673   -745081  0.999939  0.276646  0.388471  0.921461  0.02376
h 1674   -748593  0.999939  0.302667  0.388471  0.921461  0.0193474
h 1675   -746698  0.999939  0.287879  0.388471  0.921461  0.0217292
h 1676   -746949  0.999939  0.289628  0.388471  0.921461  0.0214131
h 1677   -745492  0.999939  0.279503  0.388471  0.921461  0.0232435
h 1678   -750596  0.999939  0.319302  0.388471  0.921461  0.016831
h 1681   -748403  0.999939  0.301092  0.388471  0.921461  0.0195856
h 1682   -749064  0.999939  0.306583  0.388471  0.921461  0.018755
h 1711   -757149  0.999939  0.382086  0.388471  0.921461  0.00859644
h 1712   -757753  0.999939  0.38841  0.388471  0.921461  0.007837
h 1716   -754717  0.999939  0.356641  0.388471  0.921461  0.0116521
h 1717   -753698  0.999939  0.345979  0.388471  0.921461  0.0129325
h 1718   -754118  0.999939  0.350367  0.388471  0.921461  0.0124055
h 1719   -756321  0.999939  0.373427  0.388471  0.921461  0.00963628
h 1720   -756008  0.999939  0.370146  0.388471  0.921461  0.0100303
h 1727   -755153  0.999939  0.361199  0.388471  0.921461  0.0111048
h 1728   -755876  0.999939  0.368772  0.388471  0.921461  0.0101953
h 1736   -752562  0.999939  0.335636  0.388471  0.921461  0.0143601
h 1737   -753594  0.999939  0.344889  0.388471  0.921461  0.0130634
h 1744   -758580  0.999939  0.399588  0.388471  0.921461  0.0067976
h 1745   -758929  0.999939  0.404614  0.388471  0.921461  0.00635943
h 1776   -734047  0.999939  0.205864  0.388471  0.921461  0.0376252
h 1777   -735758  0.999939  0.21616  0.388471  0.921461  0.035475
h 1782   -739176  0.999939  0.236724  0.388471  0.921461  0.0311808
h 1783   -740928  0.999939  0.247779  0.388471  0.921461  0.0289786
h 1784   -725841  0.999939  0.160857  0.388471  0.921461  0.0479364
h 1785   -726907  0.999939  0.166548  0.388471  0.921461  0.0465967
h 1788   -728401  0.999939  0.17452  0.388471  0.921461  0.04472
h 1789   -727102  0.999939  0.167586  0.388471  0.921461  0.0463522
h 1790   -727711  0.999939  0.170839  0.388471  0.921461  0.0455866
h 1791   -732028  0.999939  0.193881  0.388471  0.921461  0.0401622
h 1792   -731167  0.999939  0.189285  0.388471  0.921461  0.0412442
h 1795   -729407  0.999939  0.17989  0.388471  0.921461  0.043456
h 1796   -730975  0.999939  0.188257  0.388471  0.921461  0.0414862
h 1797   -742016  0.999939  0.255339  0.388471  0.921461  0.0276118
h 1798   -737725  0.999939  0.227992  0.388471  0.921461  0.0330042
h 1799   -734469  0.999939  0.208403  0.388471  0.921461  0.0370948
h 1800   -735559  0.999939  0.214959  0.388471  0.921461  0.0357258
h 1805   -724426  0.999939  0.153301  0.388471  0.921461  0.0497151
h 1806   -724678  0.999939  0.15465  0.388471  0.921461  0.0493976
h 1811   -742172  0.999939  0.256424  0.388471  0.921461  0.0274156
h 1812   -738994  0.999939  0.235632  0.388471  0.921461  0.0314088
h 1818   -733156  0.999939  0.200502  0.388471  0.921461  0.0387449
h 1819   -730358  0.999939  0.184969  0.388471  0.921461  0.0422603
h 1822   -725390  0.999939  0.158449  0.388471  0.921461  0.0485033
h 1823   -728273  0.999939  0.173838  0.388471  0.921461  0.0448805
h 1824   -727793  0.999939  0.171274  0.388471  0.921461  0.0454842
h 1825   -724731  0.999939  0.15493  0.388471  0.921461  0.0493316
h 1826   -724873  0.999939  0.15569  0.388471  0.921461  0.0491526
h 1829   -726572  0.999939  0.164757  0.388471  0.921461  0.0470184
h 1830   -725312  0.999939  0.158032  0.388471  0.921461  0.0486015
h 1856   -737608  0.999939  0.22729  0.388471  0.921461  0.033151
h 1857   -735284  0.999939  0.213308  0.388471  0.921461  0.0360706
h 1858   -733695  0.999939  0.203742  0.388471  0.921461  0.0380682
h 1862   -708901  0.999939  0.0794793  0.388471  0.921461  0.0692223
h 1863   -715332  0.999939  0.108802  0.388471  0.921461  0.061142
h 1864   -724246  0.999939  0.15234  0.388471  0.921461  0.0499414
h 1865   -728556  0.999939  0.175345  0.388471  0.921461  0.0445258
h 1866   -722796  0.999939  0.144775  0.388471  0.921461  0.0517633
h 1873   -731404  0.999939  0.190552  0.388471  0.921461  0.0409459
h 1874   -729126  0.999939  0.178389  0.388471  0.921461  0.0438092
h 1875   -725555  0.999939  0.159328  0.388471  0.921461  0.0482963
h 1876   -725866  0.999939  0.16099  0.388471  0.921461  0.047905
h 1878   -689011  0.999939  -0.00301661  0.388471  0.921461  0.0942154
h 1879   -676253  0.999939  -0.0419466  0.388471  0.921461  0.110247
h 1880   -692561  0.999939  0.0104599  0.388471  0.921461  0.0897548
h 1881   -703718  0.999939  0.0566044  0.388471  0.921461  0.0757361
h 1885   -692312  0.999939  0.00944073  0.388471  0.921461  0.0900684
h 1886   -697849  0.999939  0.0320555  0.388471  0.921461  0.0831104
h 1892   -681117  0.999939  -0.0271052  0.388471  0.921461  0.104135
h 1893   -757080  0.999939  0.381369  0.388471  0.921461  0.00868256
h 1894   -754233  0.999939  0.351577  0.388471  0.921461  0.0122603
h 1925   -737151  0.999939  0.224541  0.388471  0.921461  0.0337249
h 1926   -735031  0.999939  0.211782  0.388471  0.921461  0.0363893
h 1934   -722880  0.999939  0.145182  0.388471  0.921461  0.0516572
h 1935   -719252  0.999939  0.127697  0.388471  0.921461  0.0562156
h 1938   -714268  0.999939  0.103672  0.388471  0.921461  0.0624794
h 1939   -718079  0.999939  0.12204  0.388471  0.921461  0.0576904
h 1940   -716821  0.999939  0.115976  0.388471  0.921461  0.0592715
h 1941   -704595  0.999939  0.0604774  0.388471  0.921461  0.0746333
h 1942   -707448  0.999939  0.073064  0.388471  0.921461  0.0710491
h 1945   -712271  0.999939  0.0943476  0.388471  0.921461  0.0649885
h 1946   -707201  0.999939  0.0719747  0.388471  0.921461  0.0713593
h 1947   -730605  0.999939  0.186287  0.388471  0.921461  0.04195
h 1948   -727838  0.999939  0.171513  0.388471  0.921461  0.0454278
h 1955   -696629  0.999939  0.027072  0.388471  0.921461  0.0846437
h 1956   -689836  0.999939  -0.000501048  0.388471  0.921461  0.0931794
h 1959   -676886  0.999939  -0.0400171  0.388471  0.921461  0.109452
h 1960   -665493  0.999939  -0.0728931  0.388471  0.921461  0.123767
h 1961   -672545  0.999939  -0.0532619  0.388471  0.921461  0.114906
h 1962   -662863  0.999939  -0.079502  0.388471  0.921461  0.127072
h 1965   -653127  0.999939  -0.103968  0.388471  0.921461  0.139306
h 1966   -652682  0.999939  -0.105087  0.388471  0.921461  0.139865
h 1967   -691531  0.999939  0.0062509  0.388471  0.921461  0.0910498
h 1968   -694323  0.999939  0.0176565  0.388471  0.921461  0.0875406
h 1969   -688356  0.999939  -0.0050173  0.388471  0.921461  0.0950392
h 1970   -671661  0.999939  -0.0559593  0.388471  0.921461  0.116017
h 1971   -679876  0.999939  -0.0308923  0.388471  0.921461  0.105695
h 1974   -675318  0.999939  -0.0447993  0.388471  0.921461  0.111421
h 1975   -669293  0.999939  -0.0631844  0.388471  0.921461  0.118992
h 1978   -660202  0.999939  -0.0861891  0.388471  0.921461  0.130416
h 1979   -657409  0.999939  -0.0932087  0.388471  0.921461  0.133926
SolidID  2373   314 
h 319   -759817  0.999939  0.417408  0.921461  0.388471  0.00524405
h 320   -759722  0.999939  0.416037  0.921461  0.388471  0.0053636
h 456   -761359  0.999939  0.439939  0.921461  0.388471  0.00330626
h 641   -762154  0.999939  0.459025  0.921461  0.388471  0.00230678
h 642   -763497  0.999939  0.49979  0.921461  0.388471  0.000619973
h 643   -761409  0.999939  0.441139  0.921461  0.388471  0.0032434
h 644   -762045  0.999939  0.4564  0.921461  0.388471  0.00244426
h 645   -761489  0.999939  0.44307  0.921461  0.388471  0.0031423
h 649   -763974  0.999939  0.589127  0.921461  0.388471  1.99078e-05
h 650   -763972  0.999939  0.550842  0.921461  0.388471  2.2373e-05
h 689   -761014  0.999939  0.434665  0.921461  0.388471  0.00373968
h 690   -759711  0.999939  0.415879  0.921461  0.388471  0.00537742
h 693   -755456  0.999939  0.364373  0.921461  0.388471  0.0107236
h 695   -763932  0.999939  0.537665  0.921461  0.388471  7.26997e-05
h 696   -763455  0.999939  0.496146  0.921461  0.388471  0.000672618
h 697   -763761  0.999939  0.52277  0.921461  0.388471  0.00028792
h 698   -763886  0.999939  0.533629  0.921461  0.388471  0.000131028
h 699   -763634  0.999939  0.51175  0.921461  0.388471  0.00044716
h 712   -758590  0.999939  0.399724  0.921461  0.388471  0.00678579
h 713   -759573  0.999939  0.413891  0.921461  0.388471  0.00555066
h 727   -761735  0.999939  0.448974  0.921461  0.388471  0.00283312
h 728   -761669  0.999939  0.447367  0.921461  0.388471  0.00291727
h 729   -761595  0.999939  0.445597  0.921461  0.388471  0.00300996
h 730   -761453  0.999939  0.442192  0.921461  0.388471  0.00318826
h 731   -763960  0.999939  0.540071  0.921461  0.388471  3.79466e-05
h 732   -763689  0.999939  0.516471  0.921461  0.388471  0.000378947
h 733   -763636  0.999939  0.511926  0.921461  0.388471  0.000444609
h 758   -751176  0.999939  0.324124  0.921461  0.388471  0.0161016
h 759   -749330  0.999939  0.30879  0.921461  0.388471  0.0184212
h 760   -753006  0.999939  0.339325  0.921461  0.388471  0.013802
h 782   -754515  0.999939  0.35453  0.921461  0.388471  0.0119057
h 792   -751273  0.999939  0.324929  0.921461  0.388471  0.0159798
h 793   -752082  0.999939  0.331649  0.921461  0.388471  0.0149632
h 794   -751071  0.999939  0.323253  0.921461  0.388471  0.0162333
h 795   -752543  0.999939  0.335476  0.921461  0.388471  0.0143843
h 796   -751940  0.999939  0.330472  0.921461  0.388471  0.0151412
h 797   -751055  0.999939  0.32312  0.921461  0.388471  0.0162535
h 798   -756597  0.999939  0.376312  0.921461  0.388471  0.00928983
h 802   -763981  0.999939  0.736878  0.921461  0.388471  1.09477e-05
h 821   -763983  0.999939  0.778918  0.921461  0.388471  8.71526e-06
h 822   -763987  0.999939  0.863078  0.921461  0.388471  3.40415e-06
h 828   -763977  0.999939  0.636569  0.921461  0.388471  1.66417e-05
h 829   -763976  0.999939  0.624943  0.921461  0.388471  1.74473e-05
h 830   -763974  0.999939  0.592007  0.921461  0.388471  1.97223e-05
h 846   -760864  0.999939  0.432498  0.921461  0.388471  0.00392856
h 847   -760713  0.999939  0.430321  0.921461  0.388471  0.00411839
h 848   -760542  0.999939  0.42786  0.921461  0.388471  0.00433293
h 849   -760425  0.999939  0.42618  0.921461  0.388471  0.00447934
h 850   -759089  0.999939  0.406923  0.921461  0.388471  0.00615821
h 852   -762187  0.999939  0.459814  0.921461  0.388471  0.00226548
h 853   -762750  0.999939  0.473329  0.921461  0.388471  0.00155779
h 854   -760609  0.999939  0.428825  0.921461  0.388471  0.00424877
h 855   -761502  0.999939  0.443382  0.921461  0.388471  0.00312597
h 865   -759535  0.999939  0.413349  0.921461  0.388471  0.005598
h 866   -757458  0.999939  0.385322  0.921461  0.388471  0.00820788
h 879   -763972  0.999939  0.550293  0.921461  0.388471  2.24084e-05
h 880   -763976  0.999939  0.618641  0.921461  0.388471  1.7884e-05
h 881   -763974  0.999939  0.587726  0.921461  0.388471  1.9998e-05
h 882   -763975  0.999939  0.594803  0.921461  0.388471  1.95358e-05
h 883   -763973  0.999939  0.568803  0.921461  0.388471  2.12165e-05
h 884   -763973  0.999939  0.568759  0.921461  0.388471  2.12194e-05
h 943   -756138  0.999939  0.371505  0.921461  0.388471  0.00986711
h 944   -753476  0.999939  0.343658  0.921461  0.388471  0.0132113
h 945   -759255  0.999939  0.40931  0.921461  0.388471  0.00595005
h 946   -758985  0.999939  0.40542  0.921461  0.388471  0.00628919
h 947   -732627  0.999939  0.19732  0.921461  0.388471  0.0394093
h 948   -747266  0.999939  0.291832  0.921461  0.388471  0.0210146
h 949   -755733  0.999939  0.367269  0.921461  0.388471  0.0103759
h 950   -759617  0.999939  0.414534  0.921461  0.388471  0.00549461
h 953   -709746  0.999939  0.0832071  0.921461  0.388471  0.0681608
h 954   -644877  0.999939  -0.122977  0.921461  0.388471  0.149673
h 955   -732180  0.999939  0.194691  0.921461  0.388471  0.0399715
h 956   -760070  0.999939  0.421059  0.921461  0.388471  0.00492577
h 958   -747729  0.999939  0.295492  0.921461  0.388471  0.0204327
h 959   -763976  0.999939  0.622535  0.921461  0.388471  1.76142e-05
h 1005   -754304  0.999939  0.352314  0.921461  0.388471  0.0121717
h 1006   -753004  0.999939  0.339311  0.921461  0.388471  0.0138042
h 1017   -757199  0.999939  0.382609  0.921461  0.388471  0.00853373
h 1018   -758751  0.999939  0.402045  0.921461  0.388471  0.00658341
h 1019   -757057  0.999939  0.38113  0.921461  0.388471  0.0087113
h 1024   -763990  0.999939  0.96  0.921461  0.388471  0
h 1025   -763990  0.999939  0.943111  0.921461  0.388471  0
h 1033   -763987  0.999939  0.855489  0.921461  0.388471  3.98389e-06
h 1034   -763984  0.999939  0.801098  0.921461  0.388471  7.71064e-06
h 1048   -724880  0.999939  0.155725  0.921461  0.388471  0.0491444
h 1050   -759904  0.999939  0.418671  0.921461  0.388471  0.005134
h 1051   -760072  0.999939  0.421086  0.921461  0.388471  0.00492341
h 1054   -757930  0.999939  0.390263  0.921461  0.388471  0.00761448
h 1055   -758684  0.999939  0.401081  0.921461  0.388471  0.00666744
h 1056   -762984  0.999939  0.478926  0.921461  0.388471  0.00126467
h 1065   -760024  0.999939  0.420389  0.921461  0.388471  0.0049842
h 1066   -760564  0.999939  0.428185  0.921461  0.388471  0.0043046
h 1069   -762186  0.999939  0.459774  0.921461  0.388471  0.00226759
h 1070   -762331  0.999939  0.463276  0.921461  0.388471  0.00208423
h 1071   -761795  0.999939  0.450398  0.921461  0.388471  0.00275857
h 1072   -761634  0.999939  0.446544  0.921461  0.388471  0.00296036
h 1073   -761184  0.999939  0.437119  0.921461  0.388471  0.00352569
h 1074   -741323  0.999939  0.250521  0.921461  0.388471  0.0284828
h 1075   -755249  0.999939  0.362208  0.921461  0.388471  0.0109836
h 1087   -763980  0.999939  0.707972  0.921461  0.388471  1.29506e-05
h 1088   -763982  0.999939  0.751363  0.921461  0.388471  9.96337e-06
h 1089   -763978  0.999939  0.668641  0.921461  0.388471  1.49668e-05
h 1090   -763979  0.999939  0.677164  0.921461  0.388471  1.45807e-05
h 1094   -763975  0.999939  0.59876  0.921461  0.388471  1.92616e-05
h 1095   -763974  0.999939  0.581767  0.921461  0.388471  2.03817e-05
h 1098   -763978  0.999939  0.652107  0.921461  0.388471  1.57157e-05
h 1099   -763976  0.999939  0.61661  0.921461  0.388471  1.80247e-05
h 1100   -763976  0.999939  0.612005  0.921461  0.388471  1.83438e-05
h 1104   -763973  0.999939  0.554668  0.921461  0.388471  2.21267e-05
h 1165   -751423  0.999939  0.326176  0.921461  0.388471  0.0157911
h 1166   -750560  0.999939  0.319007  0.921461  0.388471  0.0168755
h 1173   -750918  0.999939  0.321981  0.921461  0.388471  0.0164257
h 1174   -751601  0.999939  0.32765  0.921461  0.388471  0.0155681
h 1175   -751399  0.999939  0.325972  0.921461  0.388471  0.015822
h 1176   -750623  0.999939  0.319527  0.921461  0.388471  0.016797
h 1177   -750998  0.999939  0.322646  0.921461  0.388471  0.0163251
h 1181   -749577  0.999939  0.310843  0.921461  0.388471  0.0181106
h 1182   -749853  0.999939  0.31313  0.921461  0.388471  0.0177646
h 1183   -748865  0.999939  0.304923  0.921461  0.388471  0.0190062
h 1193   -763988  0.999939  0.86662  0.921461  0.388471  3.1336e-06
h 1194   -763990  0.999939  0.96  0.921461  0.388471  0
h 1245   -761480  0.999939  0.442847  0.921461  0.388471  0.00315397
h 1253   -759261  0.999939  0.409394  0.921461  0.388471  0.00594279
h 1254   -760424  0.999939  0.426164  0.921461  0.388471  0.00448076
h 1255   -760463  0.999939  0.426719  0.921461  0.388471  0.00443239
h 1256   -758315  0.999939  0.39576  0.921461  0.388471  0.00713137
h 1257   -758270  0.999939  0.395109  0.921461  0.388471  0.00718808
h 1258   -754768  0.999939  0.357177  0.921461  0.388471  0.0115877
h 1259   -755902  0.999939  0.369041  0.921461  0.388471  0.010163
h 1260   -755955  0.999939  0.369598  0.921461  0.388471  0.0100962
h 1269   -755243  0.999939  0.362145  0.921461  0.388471  0.0109912
h 1270   -754547  0.999939  0.354861  0.921461  0.388471  0.0118659
h 1289   -757583  0.999939  0.386628  0.921461  0.388471  0.00805107
h 1290   -756735  0.999939  0.37776  0.921461  0.388471  0.009116
h 1305   -762855  0.999939  0.475841  0.921461  0.388471  0.00142626
h 1306   -762662  0.999939  0.471195  0.921461  0.388471  0.00166952
h 1307   -761785  0.999939  0.450174  0.921461  0.388471  0.00277029
h 1308   -762425  0.999939  0.465518  0.921461  0.388471  0.00196681
h 1309   -763976  0.999939  0.625053  0.921461  0.388471  1.74397e-05
h 1310   -763975  0.999939  0.607605  0.921461  0.388471  1.86487e-05
h 1311   -763979  0.999939  0.678707  0.921461  0.388471  1.45109e-05
h 1312   -763979  0.999939  0.694216  0.921461  0.388471  1.38084e-05
h 1313   -763974  0.999939  0.574371  0.921461  0.388471  2.08579e-05
h 1314   -763974  0.999939  0.581099  0.921461  0.388471  2.04247e-05
h 1316   -763716  0.999939  0.518895  0.921461  0.388471  0.00034391
h 1319   -761749  0.999939  0.449294  0.921461  0.388471  0.00281637
h 1320   -758195  0.999939  0.394029  0.921461  0.388471  0.00728225
h 1321   -763938  0.999939  0.538129  0.921461  0.388471  6.60067e-05
h 1322   -763667  0.999939  0.51456  0.921461  0.388471  0.000406551
h 1323   -763527  0.999939  0.502459  0.921461  0.388471  0.000581404
h 1332   -763865  0.999939  0.531812  0.921461  0.388471  0.000157279
h 1333   -763665  0.999939  0.514379  0.921461  0.388471  0.000409167
h 1334   -763584  0.999939  0.507418  0.921461  0.388471  0.000509743
h 1335   -763532  0.999939  0.502823  0.921461  0.388471  0.000576139
h 1336   -762572  0.999939  0.469057  0.921461  0.388471  0.00178147
h 1356   -752780  0.999939  0.337445  0.921461  0.388471  0.0140864
h 1357   -753864  0.999939  0.347714  0.921461  0.388471  0.0127242
h 1358   -753933  0.999939  0.348442  0.921461  0.388471  0.0126368
h 1359   -748375  0.999939  0.300856  0.921461  0.388471  0.0196213
h 1360   -750831  0.999939  0.321255  0.921461  0.388471  0.0165355
h 1361   -748364  0.999939  0.300763  0.921461  0.388471  0.0196353
h 1362   -744489  0.999939  0.272529  0.921461  0.388471  0.0245041
h 1363   -746283  0.999939  0.284999  0.921461  0.388471  0.0222499
h 1364   -738914  0.999939  0.23515  0.921461  0.388471  0.0315095
h 1365   -738241  0.999939  0.231102  0.921461  0.388471  0.0323548
h 1366   -745249  0.999939  0.277808  0.921461  0.388471  0.0235498
h 1367   -742524  0.999939  0.258871  0.921461  0.388471  0.0269733
h 1377   -749094  0.999939  0.306829  0.921461  0.388471  0.0187178
h 1378   -750361  0.999939  0.317356  0.921461  0.388471  0.0171254
h 1381   -750605  0.999939  0.319378  0.921461  0.388471  0.0168194
h 1382   -751787  0.999939  0.329197  0.921461  0.388471  0.0153342
h 1383   -751931  0.999939  0.330396  0.921461  0.388471  0.0151527
h 1387   -756434  0.999939  0.374608  0.921461  0.388471  0.00949449
h 1388   -754997  0.999939  0.359571  0.921461  0.388471  0.0113003
h 1397   -757834  0.999939  0.389254  0.921461  0.388471  0.00773575
h 1398   -757566  0.999939  0.386452  0.921461  0.388471  0.00807217
h 1399   -758517  0.999939  0.398668  0.921461  0.388471  0.00687782
h 1477   -762022  0.999939  0.455839  0.921461  0.388471  0.00247366
h 1478   -763274  0.999939  0.485897  0.921461  0.388471  0.000899628
h 1479   -762534  0.999939  0.468145  0.921461  0.388471  0.00182923
h 1480   -762008  0.999939  0.455513  0.921461  0.388471  0.00249069
h 1481   -762004  0.999939  0.45541  0.921461  0.388471  0.0024961
h 1482   -763053  0.999939  0.480598  0.921461  0.388471  0.00117714
h 1483   -762358  0.999939  0.463908  0.921461  0.388471  0.00205111
h 1484   -762116  0.999939  0.458107  0.921461  0.388471  0.00235487
h 1485   -762324  0.999939  0.463104  0.921461  0.388471  0.00209321
h 1486   -761887  0.999939  0.452618  0.921461  0.388471  0.00264232
h 1487   -761896  0.999939  0.452818  0.921461  0.388471  0.00263186
h 1488   -763750  0.999939  0.521814  0.921461  0.388471  0.000301746
h 1489   -763929  0.999939  0.537348  0.921461  0.388471  7.72789e-05
h 1490   -763972  0.999939  0.541564  0.921461  0.388471  2.29704e-05
h 1491   -763912  0.999939  0.53588  0.921461  0.388471  9.84987e-05
h 1500   -763669  0.999939  0.514808  0.921461  0.388471  0.000402964
h 1501   -763719  0.999939  0.51915  0.921461  0.388471  0.000340235
h 1509   -761642  0.999939  0.446732  0.921461  0.388471  0.00295054
h 1512   -762078  0.999939  0.457193  0.921461  0.388471  0.00240276
h 1513   -761613  0.999939  0.446039  0.921461  0.388471  0.00298682
h 1517   -761103  0.999939  0.435947  0.921461  0.388471  0.00362784
h 1518   -761344  0.999939  0.439579  0.921461  0.388471  0.00332511
h 1521   -763981  0.999939  0.728662  0.921461  0.388471  1.1517e-05
h 1522   -763979  0.999939  0.701792  0.921461  0.388471  1.33789e-05
h 1525   -763978  0.999939  0.658903  0.921461  0.388471  1.54078e-05
h 1526   -763977  0.999939  0.631888  0.921461  0.388471  1.69661e-05
h 1539   -749654  0.999939  0.311482  0.921461  0.388471  0.0180138
h 1540   -748977  0.999939  0.30586  0.921461  0.388471  0.0188643
h 1541   -748764  0.999939  0.30409  0.921461  0.388471  0.0191321
h 1553   -747838  0.999939  0.296395  0.921461  0.388471  0.0202962
h 1554   -747788  0.999939  0.295983  0.921461  0.388471  0.0203585
h 1580   -761608  0.999939  0.445909  0.921461  0.388471  0.00299363
h 1581   -761250  0.999939  0.438064  0.921461  0.388471  0.00344329
h 1588   -759688  0.999939  0.415557  0.921461  0.388471  0.00540545
h 1589   -758965  0.999939  0.405133  0.921461  0.388471  0.00631419
h 1621   -761911  0.999939  0.453183  0.921461  0.388471  0.00261272
h 1622   -759822  0.999939  0.417477  0.921461  0.388471  0.0052381
h 1623   -755438  0.999939  0.364183  0.921461  0.388471  0.0107465
h 1624   -763071  0.999939  0.481027  0.921461  0.388471  0.00115465
h 1625   -762046  0.999939  0.456426  0.921461  0.388471  0.0024429
h 1626   -760355  0.999939  0.425168  0.921461  0.388471  0.00456762
h 1627   -748710  0.999939  0.303635  0.921461  0.388471  0.0192009
h 1628   -742447  0.999939  0.258332  0.921461  0.388471  0.0270708
h 1635   -761236  0.999939  0.437866  0.921461  0.388471  0.0034606
h 1636   -761084  0.999939  0.435674  0.921461  0.388471  0.00365168
h 1643   -761482  0.999939  0.442883  0.921461  0.388471  0.00315209
h 1644   -760369  0.999939  0.425365  0.921461  0.388471  0.00455037
h 1649   -757481  0.999939  0.385562  0.921461  0.388471  0.00817911
h 1650   -754680  0.999939  0.356251  0.921461  0.388471  0.0116989
h 1651   -762793  0.999939  0.47435  0.921461  0.388471  0.00150431
h 1652   -762081  0.999939  0.457253  0.921461  0.388471  0.00239958
h 1653   -762344  0.999939  0.463568  0.921461  0.388471  0.00206889
h 1654   -761582  0.999939  0.445282  0.921461  0.388471  0.00302648
h 1655   -763143  0.999939  0.482742  0.921461  0.388471  0.00106484
h 1656   -762235  0.999939  0.460973  0.921461  0.388471  0.00220482
h 1657   -761908  0.999939  0.453108  0.921461  0.388471  0.00261664
h 1658   -762720  0.999939  0.472605  0.921461  0.388471  0.00159569
h 1661   -761101  0.999939  0.435913  0.921461  0.388471  0.00363088
h 1662   -761234  0.999939  0.437836  0.921461  0.388471  0.0034632
h 1683   -744903  0.999939  0.275404  0.921461  0.388471  0.0239845
h 1684   -742689  0.999939  0.26002  0.921461  0.388471  0.0267657
h 1687   -753383  0.999939  0.342683  0.921461  0.388471  0.0133283
h 1688   -752702  0.999939  0.3368  0.921461  0.388471  0.014184
h 1691   -748350  0.999939  0.300652  0.921461  0.388471  0.0196522
h 1692   -746633  0.999939  0.287432  0.921461  0.388471  0.0218101
h 1693   -746436  0.999939  0.28606  0.921461  0.388471  0.022058
h 1694   -749629  0.999939  0.311275  0.921461  0.388471  0.0180453
h 1695   -749570  0.999939  0.310781  0.921461  0.388471  0.0181199
h 1701   -751271  0.999939  0.324908  0.921461  0.388471  0.0159829
h 1702   -750512  0.999939  0.31861  0.921461  0.388471  0.0169357
h 1705   -753334  0.999939  0.342173  0.921461  0.388471  0.0133896
h 1706   -755301  0.999939  0.362754  0.921461  0.388471  0.010918
h 1707   -755936  0.999939  0.3694  0.921461  0.388471  0.0101199
h 1708   -755032  0.999939  0.359938  0.921461  0.388471  0.0112562
h 1709   -752850  0.999939  0.338031  0.921461  0.388471  0.0139978
h 1710   -753811  0.999939  0.34716  0.921461  0.388471  0.0127907
h 1723   -753027  0.999939  0.339501  0.921461  0.388471  0.0137754
h 1724   -753805  0.999939  0.347092  0.921461  0.388471  0.0127988
h 1732   -755278  0.999939  0.362514  0.921461  0.388471  0.0109469
h 1733   -756038  0.999939  0.370464  0.921461  0.388471  0.00999214
h 1740   -749043  0.999939  0.306406  0.921461  0.388471  0.0187818
h 1741   -750715  0.999939  0.320297  0.921461  0.388471  0.0166804
h 1742   -751442  0.999939  0.326328  0.921461  0.388471  0.0157681
h 1743   -750237  0.999939  0.316326  0.921461  0.388471  0.0172812
h 1831   -763828  0.999939  0.528617  0.921461  0.388471  0.000203436
h 1832   -763768  0.999939  0.523402  0.921461  0.388471  0.000278798
h 1835   -762426  0.999939  0.465541  0.921461  0.388471  0.0019656
h 1836   -762152  0.999939  0.458958  0.921461  0.388471  0.00231031
h 1839   -762766  0.999939  0.473712  0.921461  0.388471  0.00153773
h 1840   -762749  0.999939  0.47329  0.921461  0.388471  0.0015598
h 1841   -763171  0.999939  0.483413  0.921461  0.388471  0.00102975
h 1842   -763327  0.999939  0.487169  0.921461  0.388471  0.00083305
h 1843   -763499  0.999939  0.500019  0.921461  0.388471  0.000616658
h 1844   -763419  0.999939  0.493025  0.921461  0.388471  0.000717722
h 1845   -763500  0.999939  0.500089  0.921461  0.388471  0.000615644
h 1846   -763402  0.999939  0.491541  0.921461  0.388471  0.000739158
h 1847   -763659  0.999939  0.513927  0.921461  0.388471  0.000415696
h 1849   -763511  0.999939  0.500986  0.921461  0.388471  0.000602688
h 1850   -763571  0.999939  0.50627  0.921461  0.388471  0.00052634
h 1899   -761467  0.999939  0.442521  0.921461  0.388471  0.00317101
h 1900   -761518  0.999939  0.443744  0.921461  0.388471  0.00310699
h 1903   -748897  0.999939  0.305193  0.921461  0.388471  0.0189653
h 1904   -747873  0.999939  0.296683  0.921461  0.388471  0.0202526
h 1907   -750557  0.999939  0.318981  0.921461  0.388471  0.0168795
h 1908   -751400  0.999939  0.325982  0.921461  0.388471  0.0158204
h 1912   -748268  0.999939  0.299969  0.921461  0.388471  0.0197555
h 1913   -748866  0.999939  0.304931  0.921461  0.388471  0.0190048
h 1917   -763364  0.999939  0.488218  0.921461  0.388471  0.000787178
h 1918   -763034  0.999939  0.480134  0.921461  0.388471  0.00120141
h 1990   -753429  0.999939  0.343166  0.921461  0.388471  0.0132703
h 1991   -752280  0.999939  0.333294  0.921461  0.388471  0.0147144
h 1997   -754174  0.999939  0.350962  0.921461  0.388471  0.0123341
h 1998   -755413  0.999939  0.363925  0.921461  0.388471  0.0107774
h 1999   -755740  0.999939  0.367343  0.921461  0.388471  0.0103669
h 2000   -750818  0.999939  0.321153  0.921461  0.388471  0.016551
h 2001   -750235  0.999939  0.31631  0.921461  0.388471  0.0172836
h 2005   -757019  0.999939  0.380726  0.921461  0.388471  0.00875978
h 2006   -758382  0.999939  0.396724  0.921461  0.388471  0.00704735
h 2007   -757963  0.999939  0.390683  0.921461  0.388471  0.007574
h 2008   -756684  0.999939  0.377219  0.921461  0.388471  0.0091809
h 2009   -757588  0.999939  0.386681  0.921461  0.388471  0.00804466
h 2010   -757436  0.999939  0.385086  0.921461  0.388471  0.00823618
h 2029   -752200  0.999939  0.332628  0.921461  0.388471  0.0148151
h 2030   -751373  0.999939  0.325757  0.921461  0.388471  0.0158545
h 2031   -751312  0.999939  0.325254  0.921461  0.388471  0.0159306
h 2034   -752696  0.999939  0.336746  0.921461  0.388471  0.0141922
h 2035   -751916  0.999939  0.330273  0.921461  0.388471  0.0151713
h 2040   -750693  0.999939  0.32011  0.921461  0.388471  0.0167088
h 2041   -750123  0.999939  0.315374  0.921461  0.388471  0.0174252
h 2044   -753993  0.999939  0.349067  0.921461  0.388471  0.0125616
h 2045   -754912  0.999939  0.35868  0.921461  0.388471  0.0114073
h 2046   -753354  0.999939  0.342374  0.921461  0.388471  0.0133654
h 2047   -753255  0.999939  0.341393  0.921461  0.388471  0.0134892
h 2049   -754885  0.999939  0.358395  0.921461  0.388471  0.0114415
h 2050   -754103  0.999939  0.350213  0.921461  0.388471  0.0124241
h 2053   -757497  0.999939  0.385729  0.921461  0.388471  0.00815902
h 2054   -756772  0.999939  0.378142  0.921461  0.388471  0.0090701
SolidID  2745   14 
h 321   -761335  0.999939  0.439374  0.921461  0.388471  0.00333584
h 322   -761395  0.999939  0.440797  0.921461  0.388471  0.00326131
h 323   -761410  0.999939  0.441162  0.921461  0.388471  0.0032422
h 324   -761473  0.999939  0.442674  0.921461  0.388471  0.00316301
h 325   -761545  0.999939  0.444399  0.921461  0.388471  0.00307267
h 326   -761342  0.999939  0.439531  0.921461  0.388471  0.00332762
h 327   -761172  0.999939  0.436939  0.921461  0.388471  0.00354136
h 328   -761611  0.999939  0.445997  0.921461  0.388471  0.00298902
h 329   -761655  0.999939  0.44705  0.921461  0.388471  0.00293386
h 330   -760988  0.999939  0.434291  0.921461  0.388471  0.00377221
h 331   -761667  0.999939  0.447334  0.921461  0.388471  0.00291898
h 332   -760908  0.999939  0.433138  0.921461  0.388471  0.00387275
h 333   -761644  0.999939  0.446784  0.921461  0.388471  0.00294778
h 334   -760873  0.999939  0.432637  0.921461  0.388471  0.00391648
E_DATA
B_MESH_DATA
Dim 2 
NumPts 411 
NumElems 627 
1   0.00734561   0.0237364    0
2   0.00736845   0.0236216    0
3   0.00679129   0.0235068    0
4   0.00728058   0.0238337    0
5   0.00685632   0.0234094    0
6   0.00718325   0.0238987    0
7   0.00706845   0.0239216    0
8   0.00695364   0.0233444    0
9   0.00706845   0.0233216    0
10   0.00695364   0.0238987    0
11   0.00685632   0.0238337    0
12   0.00718325   0.0233444    0
13   0.00679129   0.0237364    0
14   0.00728058   0.0234094    0
15   0.00676845   0.0236216    0
16   0.00734561   0.0235068    0
17   0.00762088   0.0217792    0
18   0.0123354   0.0149897    0
19   0.0114139   0.0146012    0
20   0.0115888   0.0159506    0
21   0.00635328   0.0254679    0
22   0.00563812   0.0270143    0
23   0.00711162   0.0267369    0
24   0.00793285   0.0251466    0
25   0.00459291   0.0281897    0
26   0.0035477   0.0293651    0
27   0.005173   0.0293375    0
28   0.00421266   0.0271778    0
29   0.00624844   0.0220829    0
30   0.00859557   0.0199992    0
31   0.00710703   0.0203123    0
32   0.00498947   0.032736    0
33   0.00449155   0.0316647    0
34   0.00364447   0.0330304    0
35   0.00663116   0.0278766    0
36   0.0063986   0.0290382    0
37   0.00876686   0.023082    0
38   0.00582223   0.0230041    0
39   0.00464507   0.0261521    0
40   0.00525417   0.0245618    0
41   0.0105805   0.0177141    0
42   0.00969034   0.0166078    0
43   0.0089509   0.0175671    0
44   0.00831974   0.0166411    0
45   0.0110846   0.0168323    0
46   0.00939184   0.0213282    0
47   0.00958803   0.0188566    0
48   0.00765594   0.0182157    0
49   0.00948993   0.0200924    0
50   0.0104066   0.019527    0
51   0.0119424   0.0166468    0
52   0.00160139   0.0314411    0
53   0.00180155   0.0322535    0
54   0.00278343   0.0312115    0
55   0.00235291   0.0303021    0
56   0.00140124   0.0306288    0
57   0.00272301   0.0326419    0
58   0.00834986   0.0241143    0
59   0.00752224   0.0259417    0
60   0.00825899   0.025803    0
61   0.00906558   0.0253198    0
62   0.0125678   0.0157255    0
63   0.0132568   0.0153781    0
64   0.00393235   0.0262338    0
65   0.00347385   0.0282783    0
66   0.00349994   0.0272595    0
67   0.00321962   0.0263156    0
68   0.0100914   0.0154102    0
69   0.0104924   0.0142127    0
70   0.0088002   0.0155015    0
71   0.00918559   0.0146629    0
72   0.00816904   0.0145755    0
73   0.00957097   0.0138242    0
74   0.00840928   0.0140056    0
75   0.00899012   0.0139149    0
76   0.00864951   0.0134358    0
77   0.00911024   0.01363    0
78   0.00738148   0.019264    0
79   0.00667774   0.0211976    0
80   0.00636276   0.0204689    0
81   0.00114066   0.0312469    0
82   0.000880084   0.031865    0
83   0.00166182   0.0300107    0
84   0.00192239   0.0293926    0
85   0.00792881   0.0151453    0
86   0.00870772   0.024717    0
87   0.00930581   0.02475    0
88   0.00954604   0.0241802    0
89   0.00736791   0.0277378    0
90   0.00882535   0.0258896    0
91   0.00858512   0.0264595    0
92   0.00784837   0.0265982    0
93   0.00810467   0.0275991    0
94   0.0130285   0.0159197    0
95   0.0128002   0.0164613    0
96   0.00273504   0.0293789    0
97   0.0023548   0.0283669    0
98   0.00300341   0.0268284    0
99   0.00278721   0.0273413    0
100   0.00313053   0.0278098    0
101   0.00343582   0.0258027    0
102   0.0101601   0.0206133    0
103   0.0103441   0.018672    0
104   0.0111002   0.0184874    0
105   0.0107534   0.0190072    0
106   0.0114225   0.0197291    0
107   0.01162   0.0192607    0
108   0.0112251   0.0201975    0
109   0.00134081   0.0320592    0
110   0.00556222   0.0222348    0
111   0.00596249   0.0213518    0
112   0.00524725   0.021506    0
113   0.00561849   0.0206254    0
114   0.00668561   0.0195044    0
115   0.00598973   0.0197448    0
116   0.00617535   0.0193045    0
117   0.00636098   0.0188642    0
118   0.00580411   0.0201851    0
119   0.00712769   0.0283077    0
120   0.00701141   0.0288885    0
121   0.00762421   0.0287388    0
122   0.00401962   0.0305149    0
123   0.00483227   0.0305011    0
124   0.00456593   0.0334189    0
125   0.00523843   0.0332717    0
126   0.00548739   0.0338074    0
127   0.00551597   0.0313095    0
128   0.00525272   0.0320227    0
129   0.0058721   0.0304647    0
130   0.00613535   0.0297514    0
131   0.00691194   0.0304283    0
132   0.00703718   0.0186705    0
133   0.00924527   0.0160546    0
134   0.00855997   0.0160713    0
135   0.00768858   0.0157151    0
136   0.00800416   0.0161781    0
137   0.00798784   0.0174284    0
138   0.00734036   0.0177527    0
139   0.00669288   0.0180769    0
140   0.00907935   0.0222051    0
141   0.00915645   0.0236311    0
142   0.00605524   0.0241977    0
143   0.0055382   0.0237829    0
144   0.00519612   0.0230583    0
145   0.00487601   0.0223866    0
146   0.00430155   0.0253581    0
147   0.00365203   0.0252899    0
148   0.0046061   0.0245629    0
149   0.00395802   0.0245641    0
150   0.00786444   0.0281689    0
151   0.00834489   0.0270293    0
152   0.0021386   0.0288798    0
153   0.00257101   0.0278541    0
154   0.0106926   0.0204054    0
155   0.0108302   0.0211342    0
156   0.0110276   0.0206658    0
157   0.00506163   0.0219463    0
158   0.00543287   0.0210657    0
159   0.00554812   0.0324927    0
160   0.00584353   0.0329626    0
161   0.00585781   0.0317136    0
162   0.00619966   0.0321178    0
163   0.00566546   0.033385    0
164   0.00744614   0.0291612    0
165   0.00726807   0.0295835    0
166   0.00637773   0.0316954    0
167   0.0065558   0.0312731    0
168   0.00602159   0.0325402    0
169   0.00670171   0.0296675    0
170   0.00621395   0.0308689    0
171   0.00709   0.0300059    0
172   0.00752263   0.0161088    0
173   0.00735668   0.0165024    0
174   0.00652693   0.0184706    0
175   0.00767226   0.0169654    0
176   0.00702478   0.0172897    0
177   0.00685883   0.0176833    0
178   0.00979424   0.0220504    0
179   0.00947321   0.0228119    0
180   0.00986707   0.0234187    0
181   0.0101881   0.0226572    0
182   0.0100276   0.0230379    0
183   0.00970656   0.0237994    0
184   0.0103346   0.0212545    0
185   0.0105091   0.0218957    0
186   0.00380503   0.024927    0
187   0.00472301   0.0227495    0
188   0.00457001   0.0231124    0
189   0.00490111   0.0238106    0
190   0.00507764   0.0241862    0
191   0.0047536   0.0241868    0
192   0.00426402   0.0238382    0
193   0.00411102   0.0242012    0
194   0.00673387   0.0308507    0
195   0.00719073   0.016896    0
196   0.0103486   0.0222764    0
197   0.0106697   0.0215149    0
198   0.00441701   0.0234753    0
199   0.0113953   0.0177876    0
200   0.0116688   0.0172172    0
201   0.0125051   0.0171612    0
202   0.0113601   0.0188741    0
203   0.0122551   0.0161862    0
204   0.0123713   0.0165541    0
205   0.0116552   0.0181742    0
206   0.011915   0.0185609    0
207   0.0120625   0.018211    0
208   0.0122101   0.017861    0
209   0.0117675   0.0189108    0
210   0.0119395   0.0175391    0
211   0.0123576   0.0175111    0
212   0.0126526   0.0168112    0
213   0.0146012   0.0114139    0
214   0.0149897   0.0123354    0
215   0.0159506   0.0115888    0
216   0.0312115   0.00278343    0
217   0.0314379   0.00458716    0
218   0.0330304   0.00364447    0
219   0.0175671   0.0089509    0
220   0.0158899   0.00972167    0
221   0.0174433   0.0106946    0
222   0.0164062   0.00841878    0
223   0.0220829   0.00624844    0
224   0.0217792   0.00762088    0
225   0.0240915   0.00687033    0
226   0.0201493   0.00695219    0
227   0.0196732   0.00828589    0
228   0.0229797   0.00858346    0
229   0.0214567   0.00922553    0
230   0.0257115   0.00663038    0
231   0.0273315   0.00639043    0
232   0.0259242   0.00515665    0
233   0.0293375   0.005173    0
234   0.0305009   0.00578195    0
235   0.0283345   0.00578171    0
236   0.0290382   0.0063986    0
237   0.0279345   0.00415079    0
238   0.0280351   0.00700732    0
239   0.027633   0.00527061    0
240   0.0269294   0.00465372    0
241   0.023239   0.00587317    0
242   0.0245816   0.00551491    0
243   0.018364   0.00770486    0
244   0.0241358   0.00820819    0
245   0.0264895   0.00743741    0
246   0.0257539   0.00774752    0
247   0.0248406   0.00462357    0
248   0.0260145   0.00419297    0
249   0.027233   0.00363968    0
250   0.0293651   0.0035477    0
251   0.0286636   0.00303659    0
252   0.0234534   0.00510453    0
253   0.0322535   0.00180155    0
254   0.0314411   0.00160139    0
255   0.0303021   0.00235291    0
256   0.0306288   0.00140124    0
257   0.0328831   0.0047918    0
258   0.0338074   0.00548739    0
259   0.0320868   0.00526315    0
260   0.0327358   0.00593914    0
261   0.0322   0.00616502    0
262   0.0173814   0.0115665    0
263   0.016635   0.0120136    0
264   0.0173194   0.0124384    0
265   0.0156692   0.0125915    0
266   0.0153781   0.0132568    0
267   0.0163488   0.0128476    0
268   0.019467   0.00995293    0
269   0.0173109   0.00803736    0
270   0.0152456   0.0105678    0
271   0.0142127   0.0104924    0
272   0.014664   0.00974365    0
273   0.0138242   0.00957097    0
274   0.0151152   0.00899488    0
275   0.0144697   0.00928292    0
276   0.0143405   0.00826809    0
277   0.0157607   0.00870683    0
278   0.0192566   0.00732852    0
279   0.0195068   0.00665658    0
280   0.0230272   0.00460595    0
281   0.0223866   0.00487601    0
282   0.0236678   0.00433588    0
283   0.0312469   0.00114066    0
284   0.031865   0.000880084    0
285   0.0300107   0.00166182    0
286   0.0293926   0.00192239    0
287   0.0332716   0.00571326    0
288   0.0178048   0.0122338    0
289   0.0182901   0.0120292    0
290   0.0168341   0.012643    0
291   0.0158635   0.0130522    0
292   0.0184551   0.0103238    0
293   0.0204618   0.00958923    0
294   0.0193639   0.0107865    0
295   0.0197291   0.0114225    0
296   0.0201975   0.0112251    0
297   0.0192607   0.01162    0
298   0.0139528   0.00896622    0
299   0.01363   0.00911024    0
300   0.0134358   0.00864951    0
301   0.0320592   0.00134081    0
302   0.0167305   0.0077713    0
303   0.0170547   0.00712382    0
304   0.0177094   0.00741434    0
305   0.0159554   0.00810604    0
306   0.01615   0.00750524    0
307   0.0151802   0.00844077    0
308   0.0152453   0.00788666    0
309   0.0156976   0.00769595    0
310   0.0186081   0.00703546    0
311   0.0188642   0.00636098    0
312   0.0179595   0.0067424    0
313   0.0222348   0.00556222    0
314   0.0193045   0.00617535    0
315   0.0197448   0.00598973    0
316   0.0211161   0.00660032    0
317   0.0203874   0.00628534    0
318   0.0249227   0.00730893    0
319   0.0249449   0.00797785    0
320   0.0235799   0.00906475    0
321   0.0241802   0.00954604    0
322   0.024158   0.00887711    0
323   0.0222182   0.00890449    0
324   0.0220569   0.00970682    0
325   0.0212954   0.0100278    0
326   0.0218957   0.0105091    0
327   0.0272623   0.00722236    0
328   0.0268786   0.00784092    0
329   0.026143   0.00815104    0
330   0.026532   0.00855455    0
331   0.0288885   0.00701141    0
332   0.028387   0.00731576    0
333   0.0287388   0.00762421    0
334   0.0312939   0.00552255    0
335   0.0316642   0.00639089    0
336   0.0297695   0.00609028    0
337   0.0303512   0.00639475    0
338   0.024147   0.00486405    0
339   0.0183726   0.0111765    0
340   0.0187754   0.0118246    0
341   0.0203296   0.0104072    0
342   0.0211342   0.0108302    0
343   0.0206658   0.0110276    0
344   0.0175071   0.00693311    0
345   0.0166024   0.00731453    0
346   0.0147929   0.00807738    0
347   0.0138881   0.0084588    0
348   0.0184119   0.00655169    0
349   0.0219463   0.00506163    0
350   0.021506   0.00524725    0
351   0.0213111   0.00592378    0
352   0.0206254   0.00561849    0
353   0.0210657   0.00543287    0
354   0.0201851   0.00580411    0
355   0.0253706   0.00842126    0
356   0.0257964   0.00886466    0
357   0.0253923   0.00903501    0
358   0.0247643   0.00864919    0
359   0.0249883   0.00920535    0
360   0.0245842   0.0093757    0
361   0.0222764   0.0103486    0
362   0.0226572   0.0101881    0
363   0.0228184   0.00938578    0
364   0.0234187   0.00986707    0
365   0.0230379   0.0100276    0
366   0.0237994   0.00970656    0
367   0.0215149   0.0106697    0
368   0.0268998   0.00839949    0
369   0.0272676   0.00824444    0
370   0.0261642   0.00870961    0
371   0.028371   0.00777927    0
372   0.0280032   0.00793432    0
373   0.0276328   0.00757834    0
374   0.0276354   0.00808938    0
375   0.0311134   0.00611088    0
376   0.0309329   0.00669922    0
377   0.0291045   0.00747004    0
378   0.0294701   0.00731588    0
379   0.0312985   0.00654506    0
380   0.0305672   0.00685339    0
381   0.0302015   0.00700755    0
382   0.0296198   0.00670308    0
383   0.0298358   0.00716171    0
384   0.0242654   0.00444905    0
385   0.0243837   0.00403406    0
386   0.0266238   0.00391633    0
387   0.0254276   0.00440827    0
388   0.0255571   0.0039626    0
389   0.0249701   0.0041779    0
390   0.0250997   0.00373223    0
391   0.0293789   0.00273504    0
392   0.0268823   0.00338413    0
393   0.0279483   0.00333813    0
394   0.0283128   0.00278104    0
395   0.0326419   0.00272301    0
396   0.0240257   0.00418497    0
397   0.0254576   0.00358132    0
398   0.0258156   0.0034304    0
399   0.0262197   0.00367336    0
400   0.0265315   0.00312857    0
401   0.0261736   0.00327949    0
402   0.0247417   0.00388314    0
403   0.0268892   0.0029778    0
404   0.0272468   0.00282703    0
405   0.0290281   0.00247949    0
406   0.0286774   0.00222394    0
407   0.029035   0.00207316    0
408   0.0275976   0.00308258    0
409   0.0279621   0.00252548    0
410   0.0276044   0.00267626    0
411   0.0283197   0.00237471    0
321  2745  1  2  3 
322  2745  4  1  3 
323  2745  5  3  2 
324  2745  4  3  6 
325  2745  7  6  3 
326  2745  8  5  2 
327  2745  8  2  9 
328  2745  7  3  10 
329  2745  10  3  11 
330  2745  12  9  2 
331  2745  13  11  3 
332  2745  14  12  2 
333  2745  15  13  3 
334  2745  16  14  2 
319  2373  12  17  9 
320  2373  14  17  12 
456  2373  18  19  20 
641  2373  21  7  10 
642  2373  22  23  21 
643  2373  24  4  6 
644  2373  7  21  24 
645  2373  24  6  7 
649  2373  25  26  27 
650  2373  22  28  25 
689  2373  29  8  9 
690  2373  9  17  29 
693  2373  30  31  17 
695  2373  32  33  34 
696  2373  22  35  23 
697  2373  35  22  25 
698  2373  25  27  36 
699  2373  36  35  25 
712  2373  37  17  14 
713  2373  14  16  37 
727  2373  38  15  3 
728  2373  38  3  5 
729  2373  38  5  8 
730  2373  8  29  38 
731  2373  22  39  28 
732  2373  39  22  21 
733  2373  21  40  39 
758  2373  41  42  43 
759  2373  44  43  42 
760  2373  41  45  42 
782  2373  46  30  17 
792  2373  47  41  43 
793  2373  48  30  47 
794  2373  47  43  48 
795  2373  46  49  30 
796  2373  49  47  30 
797  2373  50  47  49 
798  2373  45  51  20 
802  2373  52  53  54 
821  2373  52  54  55 
822  2373  55  56  52 
828  2373  53  57  54 
829  2373  33  54  57 
830  2373  57  34  33 
846  2373  4  24  58 
847  2373  58  1  4 
848  2373  2  1  58 
849  2373  16  2  58 
850  2373  58  37  16 
852  2373  59  24  21 
853  2373  23  59  21 
854  2373  24  60  61 
855  2373  60  24  59 
865  2373  62  18  20 
866  2373  18  62  63 
879  2373  39  64  28 
880  2373  25  65  26 
881  2373  65  25  28 
882  2373  28  66  65 
883  2373  66  28  64 
884  2373  64  67  66 
943  2373  45  20  68 
944  2373  68  42  45 
945  2373  19  69  68 
946  2373  68  20  19 
947  2373  70  71  72 
948  2373  71  70  68 
949  2373  71  68  69 
950  2373  69  73  71 
953  2373  74  72  71 
954  2373  74  75  76 
955  2373  75  74  71 
956  2373  73  75  71 
958  2373  77  76  75 
959  2373  73  77  75 
1005  2373  78  31  30 
1006  2373  48  78  30 
1017  2373  31  79  17 
1018  2373  79  29  17 
1019  2373  31  80  79 
1024  2373  81  82  52 
1025  2373  56  81  52 
1033  2373  83  56  55 
1034  2373  84  83  55 
1048  2373  72  85  70 
1050  2373  61  86  24 
1051  2373  86  58  24 
1054  2373  87  88  86 
1055  2373  61  87  86 
1056  2373  35  89  23 
1065  2373  90  61  60 
1066  2373  91  90  60 
1069  2373  23  92  59 
1070  2373  92  23  89 
1071  2373  89  93  92 
1072  2373  60  59  92 
1073  2373  92  91  60 
1074  2373  94  63  62 
1075  2373  95  94  62 
1087  2373  26  96  55 
1088  2373  96  84  55 
1089  2373  96  26  65 
1090  2373  65  97  96 
1094  2373  98  99  66 
1095  2373  67  98  66 
1098  2373  65  100  97 
1099  2373  100  65  66 
1100  2373  99  100  66 
1104  2373  101  67  64 
1165  2373  102  49  46 
1166  2373  49  102  50 
1173  2373  103  47  50 
1174  2373  103  104  41 
1175  2373  47  103  41 
1176  2373  50  105  103 
1177  2373  105  104  103 
1181  2373  106  107  105 
1182  2373  106  105  50 
1183  2373  50  108  106 
1193  2373  109  53  52 
1194  2373  82  109  52 
1245  2373  29  110  38 
1253  2373  79  111  29 
1254  2373  110  29  111 
1255  2373  111  112  110 
1256  2373  80  113  111 
1257  2373  111  79  80 
1258  2373  78  114  31 
1259  2373  80  31  114 
1260  2373  114  115  80 
1269  2373  116  115  114 
1270  2373  117  116  114 
1289  2373  118  113  80 
1290  2373  115  118  80 
1305  2373  119  35  36 
1306  2373  35  119  89 
1307  2373  120  121  119 
1308  2373  36  120  119 
1309  2373  33  122  54 
1310  2373  26  122  27 
1311  2373  122  26  55 
1312  2373  55  54  122 
1313  2373  123  27  122 
1314  2373  33  123  122 
1316  2373  34  124  32 
1319  2373  125  32  124 
1320  2373  126  125  124 
1321  2373  127  123  33 
1322  2373  128  127  33 
1323  2373  32  128  33 
1332  2373  123  129  27 
1333  2373  129  123  127 
1334  2373  129  130  27 
1335  2373  130  36  27 
1336  2373  130  129  131 
1356  2373  132  78  48 
1357  2373  114  78  132 
1358  2373  132  117  114 
1359  2373  42  133  44 
1360  2373  133  42  68 
1361  2373  70  133  68 
1362  2373  70  134  133 
1363  2373  134  44  133 
1364  2373  134  70  85 
1365  2373  85  135  134 
1366  2373  136  44  134 
1367  2373  135  136  134 
1377  2373  44  137  43 
1378  2373  137  48  43 
1381  2373  138  48  137 
1382  2373  132  48  138 
1383  2373  138  139  132 
1387  2373  37  140  17 
1388  2373  140  46  17 
1397  2373  141  37  58 
1398  2373  86  88  141 
1399  2373  141  58  86 
1477  2373  142  11  13 
1478  2373  142  40  21 
1479  2373  142  21  10 
1480  2373  10  11  142 
1481  2373  142  13  15 
1482  2373  143  40  142 
1483  2373  143  142  15 
1484  2373  15  38  143 
1485  2373  38  144  143 
1486  2373  110  145  144 
1487  2373  144  38  110 
1488  2373  146  39  40 
1489  2373  64  39  146 
1490  2373  101  64  146 
1491  2373  146  147  101 
1500  2373  40  148  146 
1501  2373  148  149  146 
1509  2373  150  93  89 
1512  2373  150  89  119 
1513  2373  119  121  150 
1517  2373  151  91  92 
1518  2373  93  151  92 
1521  2373  152  84  96 
1522  2373  97  152  96 
1525  2373  153  97  100 
1526  2373  99  153  100 
1539  2373  102  154  50 
1540  2373  154  108  50 
1541  2373  154  102  155 
1553  2373  156  108  154 
1554  2373  155  156  154 
1580  2373  157  145  110 
1581  2373  112  157  110 
1588  2373  158  112  111 
1589  2373  113  158  111 
1621  2373  159  128  32 
1622  2373  159  32  125 
1623  2373  125  160  159 
1624  2373  161  127  128 
1625  2373  161  128  159 
1626  2373  159  162  161 
1627  2373  163  160  125 
1628  2373  126  163  125 
1635  2373  164  121  120 
1636  2373  165  164  120 
1643  2373  166  167  161 
1644  2373  162  166  161 
1649  2373  168  162  159 
1650  2373  160  168  159 
1651  2373  130  169  36 
1652  2373  169  130  131 
1653  2373  120  36  169 
1654  2373  169  165  120 
1655  2373  170  129  127 
1656  2373  129  170  131 
1657  2373  161  167  170 
1658  2373  170  127  161 
1661  2373  171  165  169 
1662  2373  131  171  169 
1683  2373  172  173  136 
1684  2373  135  172  136 
1687  2373  174  117  132 
1688  2373  139  174  132 
1691  2373  175  137  44 
1692  2373  175  44  136 
1693  2373  136  173  175 
1694  2373  175  176  138 
1695  2373  138  137  175 
1701  2373  177  139  138 
1702  2373  176  177  138 
1705  2373  140  178  46 
1706  2373  179  140  37 
1707  2373  179  37  141 
1708  2373  141  180  179 
1709  2373  179  181  178 
1710  2373  178  140  179 
1723  2373  182  181  179 
1724  2373  180  182  179 
1732  2373  183  180  141 
1733  2373  88  183  141 
1740  2373  102  184  155 
1741  2373  184  102  46 
1742  2373  184  46  178 
1743  2373  178  185  184 
1831  2373  186  147  146 
1832  2373  149  186  146 
1835  2373  187  188  144 
1836  2373  145  187  144 
1839  2373  189  143  144 
1840  2373  144  188  189 
1841  2373  189  190  143 
1842  2373  190  40  143 
1843  2373  40  190  148 
1844  2373  191  189  192 
1845  2373  191  148  190 
1846  2373  189  191  190 
1847  2373  193  149  148 
1849  2373  191  192  193 
1850  2373  193  148  191 
1899  2373  194  131  170 
1900  2373  167  194  170 
1903  2373  195  176  175 
1904  2373  173  195  175 
1907  2373  196  185  178 
1908  2373  181  196  178 
1912  2373  197  155  184 
1913  2373  185  197  184 
1917  2373  198  192  189 
1918  2373  188  198  189 
1990  2373  41  199  45 
1991  2373  199  41  104 
1997  2373  199  200  45 
1998  2373  200  51  45 
1999  2373  201  51  200 
2000  2373  202  104  105 
2001  2373  107  202  105 
2005  2373  62  203  95 
2006  2373  203  62  20 
2007  2373  51  203  20 
2008  2373  204  51  201 
2009  2373  51  204  203 
2010  2373  204  95  203 
2029  2373  205  199  104 
2030  2373  205  104  202 
2031  2373  202  206  205 
2034  2373  207  208  205 
2035  2373  206  207  205 
2040  2373  209  206  202 
2041  2373  107  209  202 
2044  2373  210  200  199 
2045  2373  200  210  201 
2046  2373  205  208  210 
2047  2373  210  199  205 
2049  2373  211  201  210 
2050  2373  208  211  210 
2053  2373  212  95  204 
2054  2373  201  212  204 
455  2424  213  214  215 
647  2424  216  217  218 
683  2424  219  220  221 
684  2424  215  221  220 
685  2424  219  222  220 
691  2424  223  224  225 
694  2424  226  227  224 
714  2424  224  228  225 
715  2424  229  224  227 
721  2424  230  231  232 
723  2424  233  234  217 
736  2424  233  235  236 
737  2424  235  233  237 
738  2424  238  236  235 
739  2424  235  231  238 
740  2424  231  239  232 
741  2424  237  239  235 
742  2424  239  231  235 
743  2424  240  232  239 
744  2424  237  240  239 
745  2424  225  241  223 
746  2424  242  241  225 
747  2424  242  225  230 
748  2424  230  232  242 
778  2424  227  243  219 
779  2424  244  225  228 
780  2424  230  245  231 
781  2424  230  246  245 
785  2424  247  242  232 
786  2424  240  248  232 
787  2424  237  249  240 
788  2424  233  250  237 
789  2424  250  233  217 
790  2424  217  216  250 
791  2424  250  251  237 
800  2424  252  241  242 
803  2424  253  254  216 
823  2424  216  255  250 
824  2424  255  216  254 
825  2424  254  256  255 
869  2424  218  257  258 
870  2424  257  218  217 
875  2424  217  259  257 
876  2424  259  260  257 
878  2424  261  260  259 
909  2424  262  221  215 
910  2424  215  263  262 
911  2424  263  264  262 
913  2424  214  265  215 
914  2424  265  214  266 
915  2424  263  215  265 
916  2424  265  267  263 
918  2424  268  227  219 
976  2424  219  269  222 
977  2424  269  219  243 
993  2424  213  270  271 
994  2424  270  213  215 
995  2424  220  270  215 
996  2424  271  272  273 
997  2424  272  271  270 
998  2424  272  270  220 
999  2424  220  274  272 
1000  2424  275  274  276 
1001  2424  274  275  272 
1002  2424  275  273  272 
1003  2424  222  277  220 
1004  2424  277  274  220 
1007  2424  278  243  227 
1008  2424  226  278  227 
1009  2424  226  279  278 
1020  2424  280  281  252 
1021  2424  282  280  252 
1028  2424  283  256  254 
1029  2424  284  283  254 
1039  2424  285  286  255 
1040  2424  256  285  255 
1083  2424  287  258  257 
1084  2424  260  287  257 
1140  2424  288  289  262 
1141  2424  264  288  262 
1148  2424  290  264  263 
1149  2424  267  290  263 
1156  2424  291  267  265 
1157  2424  266  291  265 
1160  2424  292  268  219 
1161  2424  221  292  219 
1167  2424  268  293  227 
1168  2424  293  229  227 
1178  2424  294  268  292 
1186  2424  295  296  294 
1187  2424  297  295  294 
1188  2424  275  298  273 
1189  2424  298  275  276 
1191  2424  299  273  298 
1192  2424  300  299  298 
1200  2424  301  284  254 
1201  2424  253  301  254 
1204  2424  302  269  303 
1205  2424  269  302  222 
1206  2424  243  304  269 
1207  2424  304  303  269 
1212  2424  305  277  222 
1213  2424  305  222  302 
1214  2424  302  306  305 
1215  2424  274  307  276 
1216  2424  307  274  277 
1217  2424  305  308  307 
1218  2424  307  277  305 
1222  2424  309  308  305 
1223  2424  306  309  305 
1238  2424  278  310  243 
1239  2424  310  278  279 
1240  2424  279  311  310 
1241  2424  304  243  310 
1242  2424  310  312  304 
1246  2424  313  223  241 
1247  2424  313  241  252 
1248  2424  252  281  313 
1261  2424  314  311  279 
1262  2424  315  314  279 
1265  2424  223  316  224 
1266  2424  316  226  224 
1293  2424  317  226  316 
1294  2424  279  226  317 
1295  2424  317  315  279 
1341  2424  225  318  230 
1342  2424  318  246  230 
1343  2424  318  225  244 
1344  2424  319  246  318 
1345  2424  244  319  318 
1350  2424  228  320  244 
1351  2424  321  322  320 
1352  2424  322  244  320 
1389  2424  229  323  224 
1390  2424  323  228  224 
1391  2424  229  324  323 
1408  2424  325  229  293 
1409  2424  324  229  325 
1410  2424  325  326  324 
1444  2424  245  327  231 
1445  2424  327  238  231 
1446  2424  245  328  327 
1449  2424  246  329  245 
1450  2424  328  245  329 
1451  2424  329  330  328 
1452  2424  331  236  238 
1453  2424  332  333  331 
1454  2424  238  332  331 
1462  2424  234  334  217 
1463  2424  334  259  217 
1464  2424  334  335  261 
1465  2424  261  259  334 
1471  2424  236  336  233 
1472  2424  336  234  233 
1473  2424  337  234  336 
1506  2424  247  338  242 
1507  2424  338  252  242 
1508  2424  252  338  282 
1529  2424  339  292  221 
1530  2424  294  292  339 
1531  2424  339  297  294 
1532  2424  339  221  262 
1533  2424  262  289  339 
1535  2424  340  297  339 
1536  2424  289  340  339 
1542  2424  341  293  268 
1543  2424  341  342  325 
1544  2424  325  293  341 
1545  2424  294  296  341 
1546  2424  341  268  294 
1549  2424  343  342  341 
1550  2424  296  343  341 
1559  2424  344  303  304 
1560  2424  312  344  304 
1563  2424  345  306  302 
1564  2424  303  345  302 
1568  2424  346  276  307 
1569  2424  308  346  307 
1572  2424  347  300  298 
1573  2424  276  347  298 
1576  2424  348  312  310 
1577  2424  311  348  310 
1584  2424  349  350  313 
1585  2424  281  349  313 
1592  2424  351  316  223 
1593  2424  351  352  317 
1594  2424  317  316  351 
1595  2424  351  223  313 
1596  2424  313  350  351 
1599  2424  353  352  351 
1600  2424  350  353  351 
1606  2424  354  315  317 
1607  2424  352  354  317 
1667  2424  319  355  246 
1668  2424  355  356  329 
1669  2424  329  246  355 
1672  2424  357  356  355 
1673  2424  358  355  319 
1674  2424  244  322  358 
1675  2424  358  319  244 
1676  2424  358  359  357 
1677  2424  357  355  358 
1678  2424  321  360  322 
1681  2424  360  359  358 
1682  2424  358  322  360 
1711  2424  361  362  324 
1712  2424  326  361  324 
1716  2424  323  363  228 
1717  2424  320  228  363 
1718  2424  363  364  320 
1719  2424  324  362  363 
1720  2424  363  323  324 
1727  2424  365  364  363 
1728  2424  362  365  363 
1736  2424  366  321  320 
1737  2424  364  366  320 
1744  2424  367  326  325 
1745  2424  342  367  325 
1776  2424  368  369  328 
1777  2424  330  368  328 
1782  2424  370  330  329 
1783  2424  356  370  329 
1784  2424  371  333  332 
1785  2424  372  371  332 
1788  2424  327  373  238 
1789  2424  332  238  373 
1790  2424  373  372  332 
1791  2424  328  369  373 
1792  2424  373  327  328 
1795  2424  374  372  373 
1796  2424  369  374  373 
1797  2424  334  375  335 
1798  2424  375  334  234 
1799  2424  375  234  337 
1800  2424  337  376  375 
1805  2424  377  378  331 
1806  2424  333  377  331 
1811  2424  379  335  375 
1812  2424  376  379  375 
1818  2424  380  376  337 
1819  2424  381  380  337 
1822  2424  382  336  236 
1823  2424  382  381  337 
1824  2424  337  336  382 
1825  2424  382  236  331 
1826  2424  331  378  382 
1829  2424  383  381  382 
1830  2424  378  383  382 
1856  2424  338  384  282 
1857  2424  384  338  247 
1858  2424  385  384  247 
1862  2424  249  386  240 
1863  2424  386  248  240 
1864  2424  248  387  232 
1865  2424  387  247  232 
1866  2424  248  388  387 
1873  2424  247  389  385 
1874  2424  389  247  387 
1875  2424  388  390  389 
1876  2424  389  387  388 
1878  2424  250  391  251 
1879  2424  286  391  255 
1880  2424  391  250  255 
1881  2424  249  392  386 
1885  2424  251  393  237 
1886  2424  393  249  237 
1892  2424  251  394  393 
1893  2424  395  253  216 
1894  2424  218  395  216 
1925  2424  396  282  384 
1926  2424  385  396  384 
1934  2424  397  390  388 
1935  2424  398  397  388 
1938  2424  386  399  248 
1939  2424  388  248  399 
1940  2424  399  398  388 
1941  2424  392  400  399 
1942  2424  399  386  392 
1945  2424  401  398  399 
1946  2424  400  401  399 
1947  2424  402  385  389 
1948  2424  390  402  389 
1955  2424  403  400  392 
1956  2424  404  403  392 
1959  2424  391  405  251 
1960  2424  405  391  286 
1961  2424  394  251  405 
1962  2424  405  406  394 
1965  2424  407  406  405 
1966  2424  286  407  405 
1967  2424  393  408  249 
1968  2424  392  249  408 
1969  2424  408  404  392 
1970  2424  394  409  408 
1971  2424  408  393  394 
1974  2424  410  404  408 
1975  2424  409  410  408 
1978  2424  411  409  394 
1979  2424  406  411  394 
E_MESH_DATA
