SolidID  69   6 
h  171  -968376 1.04774 0 -0 -1 0
h  172  -968376 1.04774 0 -0 -1 0
h  260  -968376 1.04774 0 -0 -1 0
h  261  -968376 1.04774 0 -0 -1 0
h  273  -968376 1.04774 0 -0 -1 0
h  274  -968376 1.04774 0 -0 -1 0
E_DATA
B_MESH_DATA
Dim 2 
NumPts 7 
NumElems 6 
1   -0.029   0    0
2   -0.0315   0.00287    0
3   -0.0265   0.00287    0
4   -0.0265   -0.00287    0
5   -0.0315   -0.00287    0
6   -0.0315   0    0
7   -0.0265   0    0
171  69  1  2  3 
172  69  1  4  5 
260  69  6  2  1 
261  69  5  6  1 
273  69  7  4  1 
274  69  3  7  1 
E_MESH_DATA
