SolidID  2424   304 
h 336   -763975  0.999939  0.599937  0.388471  0.921461  1.918e-05
h 338   -763976  0.999939  0.62503  0.388471  0.921461  1.74413e-05
h 339   -763977  0.999939  0.640175  0.388471  0.921461  1.63918e-05
h 341   -763977  0.999939  0.638753  0.388471  0.921461  1.64904e-05
h 342   -763977  0.999939  0.635898  0.388471  0.921461  1.66882e-05
h 343   -763977  0.999939  0.637288  0.388471  0.921461  1.65919e-05
h 344   -763977  0.999939  0.632192  0.388471  0.921461  1.6945e-05
h 348   -763977  0.999939  0.636516  0.388471  0.921461  1.66454e-05
h 655   -763979  0.999939  0.691778  0.388471  0.921461  1.39188e-05
h 689   -763978  0.999939  0.654232  0.388471  0.921461  1.56195e-05
h 692   -763977  0.999939  0.642799  0.388471  0.921461  1.621e-05
h 696   -763977  0.999939  0.636782  0.388471  0.921461  1.6627e-05
h 698   -763977  0.999939  0.638508  0.388471  0.921461  1.65074e-05
h 710   -763977  0.999939  0.636242  0.388471  0.921461  1.66644e-05
h 725   -763977  0.999939  0.636704  0.388471  0.921461  1.66324e-05
h 727   -763977  0.999939  0.637538  0.388471  0.921461  1.65745e-05
h 740   -763977  0.999939  0.63635  0.388471  0.921461  1.66569e-05
h 741   -763977  0.999939  0.640866  0.388471  0.921461  1.6344e-05
h 742   -763977  0.999939  0.64015  0.388471  0.921461  1.63936e-05
h 743   -763977  0.999939  0.638395  0.388471  0.921461  1.65152e-05
h 744   -763977  0.999939  0.635621  0.388471  0.921461  1.67074e-05
h 745   -763977  0.999939  0.63509  0.388471  0.921461  1.67442e-05
h 746   -763977  0.999939  0.637059  0.388471  0.921461  1.66078e-05
h 747   -763977  0.999939  0.634343  0.388471  0.921461  1.6796e-05
h 748   -763977  0.999939  0.63326  0.388471  0.921461  1.6871e-05
h 749   -763977  0.999939  0.636503  0.388471  0.921461  1.66463e-05
h 750   -763977  0.999939  0.636048  0.388471  0.921461  1.66778e-05
h 751   -763977  0.999939  0.635927  0.388471  0.921461  1.66862e-05
h 752   -763977  0.999939  0.635486  0.388471  0.921461  1.67168e-05
h 755   -763977  0.999939  0.631196  0.388471  0.921461  1.70141e-05
h 759   -763976  0.999939  0.624851  0.388471  0.921461  1.74537e-05
h 788   -763977  0.999939  0.636495  0.388471  0.921461  1.66469e-05
h 789   -763977  0.999939  0.646794  0.388471  0.921461  1.59564e-05
h 790   -763977  0.999939  0.635018  0.388471  0.921461  1.67492e-05
h 791   -763977  0.999939  0.633734  0.388471  0.921461  1.68382e-05
h 794   -763977  0.999939  0.635959  0.388471  0.921461  1.6684e-05
h 798   -763978  0.999939  0.660946  0.388471  0.921461  1.53153e-05
h 879   -763980  0.999939  0.709276  0.388471  0.921461  1.28602e-05
h 882   -763980  0.999939  0.7031  0.388471  0.921461  1.32882e-05
h 883   -763981  0.999939  0.723201  0.388471  0.921461  1.18953e-05
h 884   -763980  0.999939  0.711813  0.388471  0.921461  1.26844e-05
h 889   -763978  0.999939  0.654371  0.388471  0.921461  1.56131e-05
h 890   -763978  0.999939  0.675429  0.388471  0.921461  1.46593e-05
h 891   -763978  0.999939  0.658064  0.388471  0.921461  1.54459e-05
h 893   -763978  0.999939  0.670368  0.388471  0.921461  1.48886e-05
h 894   -763979  0.999939  0.679944  0.388471  0.921461  1.44548e-05
h 895   -763979  0.999939  0.691306  0.388471  0.921461  1.39402e-05
h 935   -763976  0.999939  0.612094  0.388471  0.921461  1.83376e-05
h 951   -763975  0.999939  0.599761  0.388471  0.921461  1.91923e-05
h 952   -763975  0.999939  0.599905  0.388471  0.921461  1.91823e-05
h 953   -763974  0.999939  0.575103  0.388471  0.921461  2.08108e-05
h 954   -763818  0.999939  0.527751  0.388471  0.921461  0.000215953
h 955   -763974  0.999939  0.5787  0.388471  0.921461  2.05792e-05
h 956   -763973  0.999939  0.559226  0.388471  0.921461  2.18332e-05
h 957   -763977  0.999939  0.636019  0.388471  0.921461  1.66798e-05
h 958   -763977  0.999939  0.6344  0.388471  0.921461  1.6792e-05
h 965   -763977  0.999939  0.636536  0.388471  0.921461  1.6644e-05
h 966   -763977  0.999939  0.636746  0.388471  0.921461  1.66294e-05
h 992   -763977  0.999939  0.632197  0.388471  0.921461  1.69446e-05
h 993   -763976  0.999939  0.62356  0.388471  0.921461  1.75432e-05
h 994   -763976  0.999939  0.614505  0.388471  0.921461  1.81706e-05
h 995   -763976  0.999939  0.627984  0.388471  0.921461  1.72366e-05
h 996   -763976  0.999939  0.623669  0.388471  0.921461  1.75356e-05
h 997   -763977  0.999939  0.634852  0.388471  0.921461  1.67607e-05
h 998   -763977  0.999939  0.648227  0.388471  0.921461  1.58914e-05
h 999   -763978  0.999939  0.670767  0.388471  0.921461  1.48705e-05
h 1000   -763981  0.999939  0.732376  0.388471  0.921461  1.12596e-05
h 1001   -763979  0.999939  0.693882  0.388471  0.921461  1.38235e-05
h 1002   -763979  0.999939  0.677841  0.388471  0.921461  1.45501e-05
h 1003   -763982  0.999939  0.755451  0.388471  0.921461  9.77821e-06
h 1004   -763983  0.999939  0.780937  0.388471  0.921461  8.62381e-06
h 1006   -763989  0.999939  0.887771  0.388471  0.921461  1.51786e-06
h 1007   -763990  0.999939  0.923631  0.388471  0.921461  0
h 1036   -763978  0.999939  0.652905  0.388471  0.921461  1.56796e-05
h 1037   -763977  0.999939  0.647343  0.388471  0.921461  1.59315e-05
h 1053   -763978  0.999939  0.665333  0.388471  0.921461  1.51166e-05
h 1054   -763978  0.999939  0.673509  0.388471  0.921461  1.47463e-05
h 1058   -763977  0.999939  0.641584  0.388471  0.921461  1.62942e-05
h 1059   -763977  0.999939  0.640065  0.388471  0.921461  1.63995e-05
h 1060   -763977  0.999939  0.640487  0.388471  0.921461  1.63702e-05
h 1071   -763977  0.999939  0.637475  0.388471  0.921461  1.6579e-05
h 1072   -763977  0.999939  0.638134  0.388471  0.921461  1.65332e-05
h 1073   -763977  0.999939  0.638829  0.388471  0.921461  1.64851e-05
h 1074   -763977  0.999939  0.639704  0.388471  0.921461  1.64245e-05
h 1075   -763977  0.999939  0.63987  0.388471  0.921461  1.6413e-05
h 1083   -763977  0.999939  0.636248  0.388471  0.921461  1.6664e-05
h 1084   -763977  0.999939  0.635908  0.388471  0.921461  1.66875e-05
h 1091   -759483  0.999939  0.412593  0.388471  0.921461  0.00566389
h 1092   -748816  0.999939  0.304519  0.388471  0.921461  0.0190672
h 1098   -763977  0.999939  0.629756  0.388471  0.921461  1.71138e-05
h 1099   -763977  0.999939  0.642968  0.388471  0.921461  1.61983e-05
h 1100   -763977  0.999939  0.63447  0.388471  0.921461  1.67872e-05
h 1101   -763975  0.999939  0.600628  0.388471  0.921461  1.91321e-05
h 1102   -763585  0.999939  0.507446  0.388471  0.921461  0.000509342
h 1103   -763973  0.999939  0.57332  0.388471  0.921461  2.09256e-05
h 1106   -763973  0.999939  0.568572  0.388471  0.921461  2.12314e-05
h 1107   -763862  0.999939  0.531578  0.388471  0.921461  0.000160657
h 1155   -763980  0.999939  0.717872  0.388471  0.921461  1.22646e-05
h 1156   -763980  0.999939  0.705578  0.388471  0.921461  1.31165e-05
h 1198   -763976  0.999939  0.61272  0.388471  0.921461  1.82942e-05
h 1199   -763975  0.999939  0.606186  0.388471  0.921461  1.87471e-05
h 1206   -763974  0.999939  0.589405  0.388471  0.921461  1.98899e-05
h 1207   -763974  0.999939  0.57487  0.388471  0.921461  2.08258e-05
h 1210   -763976  0.999939  0.626949  0.388471  0.921461  1.73083e-05
h 1211   -763976  0.999939  0.628946  0.388471  0.921461  1.71699e-05
h 1212   -763976  0.999939  0.627611  0.388471  0.921461  1.72624e-05
h 1213   -763976  0.999939  0.620692  0.388471  0.921461  1.77418e-05
h 1214   -763976  0.999939  0.618017  0.388471  0.921461  1.79272e-05
h 1219   -763716  0.999939  0.518821  0.388471  0.921461  0.000344987
h 1220   -759390  0.999939  0.411256  0.388471  0.921461  0.0057804
h 1224   -763976  0.999939  0.624989  0.388471  0.921461  1.74441e-05
h 1225   -763976  0.999939  0.621822  0.388471  0.921461  1.76636e-05
h 1231   -763977  0.999939  0.63454  0.388471  0.921461  1.67823e-05
h 1232   -763977  0.999939  0.632991  0.388471  0.921461  1.68897e-05
h 1233   -763977  0.999939  0.632221  0.388471  0.921461  1.6943e-05
h 1244   -763977  0.999939  0.630917  0.388471  0.921461  1.70334e-05
h 1245   -763977  0.999939  0.629428  0.388471  0.921461  1.71365e-05
h 1250   -763972  0.999939  0.547688  0.388471  0.921461  2.25761e-05
h 1251   -763983  0.999939  0.763683  0.388471  0.921461  9.4053e-06
h 1254   -763978  0.999939  0.655131  0.388471  0.921461  1.55787e-05
h 1255   -763978  0.999939  0.658029  0.388471  0.921461  1.54475e-05
h 1256   -763977  0.999939  0.648227  0.388471  0.921461  1.58914e-05
h 1257   -763978  0.999939  0.651677  0.388471  0.921461  1.57352e-05
h 1262   -763978  0.999939  0.671186  0.388471  0.921461  1.48515e-05
h 1263   -763978  0.999939  0.665335  0.388471  0.921461  1.51165e-05
h 1264   -763978  0.999939  0.666611  0.388471  0.921461  1.50587e-05
h 1272   -763989  0.999939  0.884275  0.388471  0.921461  1.78489e-06
h 1273   -763985  0.999939  0.815603  0.388471  0.921461  6.74915e-06
h 1276   -763981  0.999939  0.720254  0.388471  0.921461  1.20996e-05
h 1277   -763979  0.999939  0.691617  0.388471  0.921461  1.39261e-05
h 1278   -763979  0.999939  0.689926  0.388471  0.921461  1.40027e-05
h 1279   -763979  0.999939  0.683598  0.388471  0.921461  1.42893e-05
h 1283   -763979  0.999939  0.682196  0.388471  0.921461  1.43528e-05
h 1284   -763978  0.999939  0.673311  0.388471  0.921461  1.47553e-05
h 1292   -763977  0.999939  0.643305  0.388471  0.921461  1.6175e-05
h 1293   -763977  0.999939  0.641935  0.388471  0.921461  1.62699e-05
h 1294   -763977  0.999939  0.642225  0.388471  0.921461  1.62498e-05
h 1295   -763977  0.999939  0.645666  0.388471  0.921461  1.60113e-05
h 1296   -763977  0.999939  0.646237  0.388471  0.921461  1.59816e-05
h 1300   -763977  0.999939  0.636801  0.388471  0.921461  1.66257e-05
h 1301   -763977  0.999939  0.636423  0.388471  0.921461  1.66519e-05
h 1302   -763977  0.999939  0.636516  0.388471  0.921461  1.66454e-05
h 1315   -763977  0.999939  0.637641  0.388471  0.921461  1.65674e-05
h 1316   -763977  0.999939  0.638388  0.388471  0.921461  1.65157e-05
h 1317   -763977  0.999939  0.638268  0.388471  0.921461  1.6524e-05
h 1318   -763977  0.999939  0.637271  0.388471  0.921461  1.65931e-05
h 1319   -763977  0.999939  0.637361  0.388471  0.921461  1.65868e-05
h 1320   -763977  0.999939  0.641321  0.388471  0.921461  1.63125e-05
h 1321   -763977  0.999939  0.640544  0.388471  0.921461  1.63663e-05
h 1348   -763977  0.999939  0.639328  0.388471  0.921461  1.64506e-05
h 1349   -763977  0.999939  0.638839  0.388471  0.921461  1.64844e-05
h 1397   -763977  0.999939  0.636146  0.388471  0.921461  1.6671e-05
h 1398   -763977  0.999939  0.63628  0.388471  0.921461  1.66617e-05
h 1399   -763977  0.999939  0.636218  0.388471  0.921461  1.6666e-05
h 1400   -763977  0.999939  0.636295  0.388471  0.921461  1.66607e-05
h 1401   -763977  0.999939  0.636218  0.388471  0.921461  1.6666e-05
h 1406   -763977  0.999939  0.636123  0.388471  0.921461  1.66726e-05
h 1407   -763977  0.999939  0.635933  0.388471  0.921461  1.66858e-05
h 1408   -763977  0.999939  0.636063  0.388471  0.921461  1.66768e-05
h 1445   -763977  0.999939  0.636541  0.388471  0.921461  1.66437e-05
h 1446   -763977  0.999939  0.636501  0.388471  0.921461  1.66465e-05
h 1447   -763977  0.999939  0.635953  0.388471  0.921461  1.66844e-05
h 1470   -763977  0.999939  0.635622  0.388471  0.921461  1.67073e-05
h 1471   -763977  0.999939  0.635615  0.388471  0.921461  1.67078e-05
h 1472   -763977  0.999939  0.635251  0.388471  0.921461  1.6733e-05
h 1473   -763977  0.999939  0.63438  0.388471  0.921461  1.67934e-05
h 1474   -763977  0.999939  0.634867  0.388471  0.921461  1.67596e-05
h 1515   -763977  0.999939  0.637299  0.388471  0.921461  1.65911e-05
h 1516   -763977  0.999939  0.638042  0.388471  0.921461  1.65396e-05
h 1517   -763977  0.999939  0.63727  0.388471  0.921461  1.65931e-05
h 1520   -763977  0.999939  0.636658  0.388471  0.921461  1.66356e-05
h 1521   -763977  0.999939  0.636915  0.388471  0.921461  1.66177e-05
h 1522   -763977  0.999939  0.636869  0.388471  0.921461  1.66209e-05
h 1523   -763977  0.999939  0.641154  0.388471  0.921461  1.6324e-05
h 1524   -763977  0.999939  0.640981  0.388471  0.921461  1.6336e-05
h 1525   -763977  0.999939  0.640357  0.388471  0.921461  1.63793e-05
h 1533   -763978  0.999939  0.658082  0.388471  0.921461  1.5445e-05
h 1534   -763978  0.999939  0.664149  0.388471  0.921461  1.51703e-05
h 1540   -763977  0.999939  0.643619  0.388471  0.921461  1.61532e-05
h 1541   -763977  0.999939  0.646477  0.388471  0.921461  1.59707e-05
h 1542   -763978  0.999939  0.650048  0.388471  0.921461  1.58089e-05
h 1543   -763978  0.999939  0.654649  0.388471  0.921461  1.56006e-05
h 1544   -763978  0.999939  0.65637  0.388471  0.921461  1.55226e-05
h 1577   -763977  0.999939  0.635297  0.388471  0.921461  1.67299e-05
h 1578   -763977  0.999939  0.635664  0.388471  0.921461  1.67044e-05
h 1579   -763977  0.999939  0.63569  0.388471  0.921461  1.67026e-05
h 1583   -763977  0.999939  0.634016  0.388471  0.921461  1.68186e-05
h 1584   -763977  0.999939  0.634519  0.388471  0.921461  1.67838e-05
h 1585   -763977  0.999939  0.634707  0.388471  0.921461  1.67707e-05
h 1586   -763977  0.999939  0.63447  0.388471  0.921461  1.67871e-05
h 1587   -763977  0.999939  0.631616  0.388471  0.921461  1.69849e-05
h 1588   -763977  0.999939  0.632712  0.388471  0.921461  1.6909e-05
h 1589   -763977  0.999939  0.633643  0.388471  0.921461  1.68445e-05
h 1590   -763977  0.999939  0.633985  0.388471  0.921461  1.68208e-05
h 1591   -763977  0.999939  0.634042  0.388471  0.921461  1.68168e-05
h 1599   -763977  0.999939  0.630415  0.388471  0.921461  1.70681e-05
h 1600   -763976  0.999939  0.616698  0.388471  0.921461  1.80186e-05
h 1601   -763976  0.999939  0.614963  0.388471  0.921461  1.81388e-05
h 1602   -763975  0.999939  0.599602  0.388471  0.921461  1.92032e-05
h 1603   -763974  0.999939  0.588708  0.388471  0.921461  1.99348e-05
h 1624   -763977  0.999939  0.633715  0.388471  0.921461  1.68395e-05
h 1625   -763977  0.999939  0.633007  0.388471  0.921461  1.68885e-05
h 1632   -763978  0.999939  0.650585  0.388471  0.921461  1.57846e-05
h 1633   -763977  0.999939  0.648219  0.388471  0.921461  1.58918e-05
h 1636   -763978  0.999939  0.661842  0.388471  0.921461  1.52747e-05
h 1637   -763978  0.999939  0.657341  0.388471  0.921461  1.54786e-05
h 1641   -763981  0.999939  0.727153  0.388471  0.921461  1.16215e-05
h 1642   -763980  0.999939  0.705834  0.388471  0.921461  1.30988e-05
h 1645   -763977  0.999939  0.644706  0.388471  0.921461  1.60779e-05
h 1646   -763977  0.999939  0.643367  0.388471  0.921461  1.61707e-05
h 1653   -763977  0.999939  0.637105  0.388471  0.921461  1.66046e-05
h 1654   -763977  0.999939  0.636852  0.388471  0.921461  1.66221e-05
h 1661   -763977  0.999939  0.63802  0.388471  0.921461  1.65412e-05
h 1662   -763977  0.999939  0.637685  0.388471  0.921461  1.65644e-05
h 1721   -763977  0.999939  0.636328  0.388471  0.921461  1.66584e-05
h 1722   -763977  0.999939  0.636405  0.388471  0.921461  1.66531e-05
h 1723   -763977  0.999939  0.636459  0.388471  0.921461  1.66493e-05
h 1726   -763977  0.999939  0.636245  0.388471  0.921461  1.66642e-05
h 1727   -763977  0.999939  0.636218  0.388471  0.921461  1.6666e-05
h 1728   -763977  0.999939  0.636105  0.388471  0.921461  1.66738e-05
h 1729   -763977  0.999939  0.636177  0.388471  0.921461  1.66689e-05
h 1730   -763977  0.999939  0.636086  0.388471  0.921461  1.66752e-05
h 1731   -763977  0.999939  0.63618  0.388471  0.921461  1.66687e-05
h 1732   -763977  0.999939  0.63591  0.388471  0.921461  1.66873e-05
h 1735   -763977  0.999939  0.636011  0.388471  0.921461  1.66804e-05
h 1736   -763977  0.999939  0.636016  0.388471  0.921461  1.66801e-05
h 1767   -763977  0.999939  0.635417  0.388471  0.921461  1.67215e-05
h 1768   -763977  0.999939  0.635283  0.388471  0.921461  1.67308e-05
h 1772   -763977  0.999939  0.636096  0.388471  0.921461  1.66745e-05
h 1773   -763977  0.999939  0.636018  0.388471  0.921461  1.66799e-05
h 1774   -763977  0.999939  0.635826  0.388471  0.921461  1.66932e-05
h 1775   -763977  0.999939  0.635632  0.388471  0.921461  1.67066e-05
h 1776   -763977  0.999939  0.635894  0.388471  0.921461  1.66885e-05
h 1788   -763977  0.999939  0.635679  0.388471  0.921461  1.67034e-05
h 1789   -763977  0.999939  0.635607  0.388471  0.921461  1.67084e-05
h 1794   -763977  0.999939  0.635835  0.388471  0.921461  1.66926e-05
h 1795   -763977  0.999939  0.635787  0.388471  0.921461  1.66959e-05
h 1803   -763977  0.999939  0.634909  0.388471  0.921461  1.67567e-05
h 1804   -763977  0.999939  0.634641  0.388471  0.921461  1.67753e-05
h 1829   -763977  0.999939  0.63727  0.388471  0.921461  1.65931e-05
h 1830   -763977  0.999939  0.637025  0.388471  0.921461  1.66101e-05
h 1835   -763977  0.999939  0.636635  0.388471  0.921461  1.66371e-05
h 1836   -763977  0.999939  0.636485  0.388471  0.921461  1.66475e-05
h 1837   -763977  0.999939  0.640189  0.388471  0.921461  1.63909e-05
h 1838   -763977  0.999939  0.639471  0.388471  0.921461  1.64407e-05
h 1841   -763977  0.999939  0.638356  0.388471  0.921461  1.65179e-05
h 1842   -763977  0.999939  0.639146  0.388471  0.921461  1.64632e-05
h 1843   -763977  0.999939  0.638995  0.388471  0.921461  1.64736e-05
h 1844   -763977  0.999939  0.63765  0.388471  0.921461  1.65668e-05
h 1845   -763977  0.999939  0.637725  0.388471  0.921461  1.65616e-05
h 1848   -763977  0.999939  0.638342  0.388471  0.921461  1.65189e-05
h 1849   -763977  0.999939  0.637923  0.388471  0.921461  1.65479e-05
h 1850   -763978  0.999939  0.663792  0.388471  0.921461  1.51864e-05
h 1851   -763978  0.999939  0.660133  0.388471  0.921461  1.53521e-05
h 1858   -763977  0.999939  0.642823  0.388471  0.921461  1.62083e-05
h 1859   -763977  0.999939  0.64173  0.388471  0.921461  1.62841e-05
h 1867   -763978  0.999939  0.653971  0.388471  0.921461  1.56313e-05
h 1868   -763978  0.999939  0.65138  0.388471  0.921461  1.57486e-05
h 1871   -763977  0.999939  0.644938  0.388471  0.921461  1.60618e-05
h 1872   -763978  0.999939  0.648865  0.388471  0.921461  1.58625e-05
h 1873   -763977  0.999939  0.64786  0.388471  0.921461  1.59081e-05
h 1874   -763977  0.999939  0.643424  0.388471  0.921461  1.61667e-05
h 1875   -763977  0.999939  0.643939  0.388471  0.921461  1.6131e-05
h 1878   -763977  0.999939  0.647249  0.388471  0.921461  1.59357e-05
h 1879   -763977  0.999939  0.645521  0.388471  0.921461  1.60214e-05
h 1905   -763977  0.999939  0.635414  0.388471  0.921461  1.67218e-05
h 1906   -763977  0.999939  0.635168  0.388471  0.921461  1.67388e-05
h 1907   -763977  0.999939  0.634963  0.388471  0.921461  1.6753e-05
h 1917   -763977  0.999939  0.633628  0.388471  0.921461  1.68455e-05
h 1918   -763977  0.999939  0.633182  0.388471  0.921461  1.68764e-05
h 1921   -763977  0.999939  0.632385  0.388471  0.921461  1.69316e-05
h 1922   -763977  0.999939  0.632976  0.388471  0.921461  1.68907e-05
h 1923   -763977  0.999939  0.63277  0.388471  0.921461  1.6905e-05
h 1924   -763977  0.999939  0.630838  0.388471  0.921461  1.70389e-05
h 1925   -763977  0.999939  0.631271  0.388471  0.921461  1.70088e-05
h 1928   -763977  0.999939  0.632124  0.388471  0.921461  1.69497e-05
h 1929   -763977  0.999939  0.631427  0.388471  0.921461  1.6998e-05
h 1930   -763977  0.999939  0.6346  0.388471  0.921461  1.67782e-05
h 1931   -763977  0.999939  0.634291  0.388471  0.921461  1.67995e-05
h 1934   -763975  0.999939  0.601418  0.388471  0.921461  1.90774e-05
h 1935   -763976  0.999939  0.611515  0.388471  0.921461  1.83778e-05
h 1938   -763977  0.999939  0.629757  0.388471  0.921461  1.71137e-05
h 1939   -763976  0.999939  0.628623  0.388471  0.921461  1.71923e-05
h 1945   -763976  0.999939  0.625521  0.388471  0.921461  1.74073e-05
h 1946   -763976  0.999939  0.628575  0.388471  0.921461  1.71956e-05
h 1954   -763976  0.999939  0.621361  0.388471  0.921461  1.76955e-05
h 1955   -763976  0.999939  0.615609  0.388471  0.921461  1.80941e-05
h 1956   -763976  0.999939  0.612627  0.388471  0.921461  1.83007e-05
h 1957   -763979  0.999939  0.692664  0.388471  0.921461  1.38787e-05
h 1959   -763980  0.999939  0.703862  0.388471  0.921461  1.32354e-05
h 1960   -763978  0.999939  0.669527  0.388471  0.921461  1.49266e-05
h 1976   -763977  0.999939  0.635353  0.388471  0.921461  1.6726e-05
h 1977   -763977  0.999939  0.635122  0.388471  0.921461  1.6742e-05
h 1980   -763975  0.999939  0.606503  0.388471  0.921461  1.87251e-05
h 1981   -763975  0.999939  0.599836  0.388471  0.921461  1.9187e-05
h 1984   -763976  0.999939  0.627133  0.388471  0.921461  1.72956e-05
h 1985   -763976  0.999939  0.628556  0.388471  0.921461  1.7197e-05
h 1986   -763976  0.999939  0.627662  0.388471  0.921461  1.72589e-05
h 1987   -763976  0.999939  0.622205  0.388471  0.921461  1.7637e-05
h 1988   -763976  0.999939  0.62373  0.388471  0.921461  1.75314e-05
h 1991   -763976  0.999939  0.625771  0.388471  0.921461  1.73899e-05
h 1992   -763976  0.999939  0.623844  0.388471  0.921461  1.75234e-05
h 1995   -763976  0.999939  0.618947  0.388471  0.921461  1.78628e-05
h 1996   -763976  0.999939  0.615534  0.388471  0.921461  1.80993e-05
SolidID  2745   14 
h 321   -763975  0.999939  0.6006  0.921461  0.388471  1.91341e-05
h 322   -763975  0.999939  0.600646  0.921461  0.388471  1.91309e-05
h 323   -763975  0.999939  0.600914  0.921461  0.388471  1.91123e-05
h 324   -763975  0.999939  0.60075  0.921461  0.388471  1.91237e-05
h 325   -763975  0.999939  0.600886  0.921461  0.388471  1.91143e-05
h 326   -763975  0.999939  0.600822  0.921461  0.388471  1.91187e-05
h 327   -763975  0.999939  0.600686  0.921461  0.388471  1.91281e-05
h 328   -763975  0.999939  0.601048  0.921461  0.388471  1.91031e-05
h 329   -763975  0.999939  0.601195  0.921461  0.388471  1.90928e-05
h 330   -763975  0.999939  0.600549  0.921461  0.388471  1.91376e-05
h 331   -763975  0.999939  0.6013  0.921461  0.388471  1.90856e-05
h 332   -763975  0.999939  0.600419  0.921461  0.388471  1.91466e-05
h 333   -763975  0.999939  0.601346  0.921461  0.388471  1.90824e-05
h 334   -763975  0.999939  0.6003  0.921461  0.388471  1.91548e-05
SolidID  2373   318 
h 319   -763975  0.999939  0.600476  0.921461  0.388471  1.91427e-05
h 320   -763975  0.999939  0.600366  0.921461  0.388471  1.91503e-05
h 335   -763974  0.999939  0.581265  0.921461  0.388471  2.0414e-05
h 340   -763975  0.999939  0.601394  0.921461  0.388471  1.90791e-05
h 347   -763975  0.999939  0.599308  0.921461  0.388471  1.92236e-05
h 349   -763976  0.999939  0.626716  0.921461  0.388471  1.73245e-05
h 350   -763975  0.999939  0.600293  0.921461  0.388471  1.91554e-05
h 650   -763975  0.999939  0.60128  0.921461  0.388471  1.9087e-05
h 651   -763975  0.999939  0.599698  0.921461  0.388471  1.91966e-05
h 652   -763975  0.999939  0.599841  0.921461  0.388471  1.91867e-05
h 653   -763975  0.999939  0.600235  0.921461  0.388471  1.91594e-05
h 657   -763976  0.999939  0.617542  0.921461  0.388471  1.79601e-05
h 694   -763975  0.999939  0.60124  0.921461  0.388471  1.90897e-05
h 695   -763975  0.999939  0.600877  0.921461  0.388471  1.91149e-05
h 699   -763973  0.999939  0.568585  0.921461  0.388471  2.12306e-05
h 700   -763975  0.999939  0.59765  0.921461  0.388471  1.93385e-05
h 701   -763975  0.999939  0.604301  0.921461  0.388471  1.88776e-05
h 702   -763975  0.999939  0.597873  0.921461  0.388471  1.9323e-05
h 703   -763975  0.999939  0.595094  0.921461  0.388471  1.95156e-05
h 717   -763975  0.999939  0.599636  0.921461  0.388471  1.92009e-05
h 718   -763975  0.999939  0.599607  0.921461  0.388471  1.92029e-05
h 731   -763975  0.999939  0.601907  0.921461  0.388471  1.90435e-05
h 732   -763975  0.999939  0.601827  0.921461  0.388471  1.90491e-05
h 733   -763975  0.999939  0.601706  0.921461  0.388471  1.90574e-05
h 734   -763975  0.999939  0.601832  0.921461  0.388471  1.90487e-05
h 735   -763976  0.999939  0.615304  0.921461  0.388471  1.81152e-05
h 736   -763975  0.999939  0.607471  0.921461  0.388471  1.8658e-05
h 737   -763975  0.999939  0.607353  0.921461  0.388471  1.86662e-05
h 760   -763975  0.999939  0.598859  0.921461  0.388471  1.92547e-05
h 761   -763975  0.999939  0.602677  0.921461  0.388471  1.89902e-05
h 762   -763975  0.999939  0.598235  0.921461  0.388471  1.9298e-05
h 763   -763975  0.999939  0.600559  0.921461  0.388471  1.9137e-05
h 764   -763975  0.999939  0.595175  0.921461  0.388471  1.951e-05
h 765   -763975  0.999939  0.59631  0.921461  0.388471  1.94313e-05
h 766   -763974  0.999939  0.592458  0.921461  0.388471  1.96933e-05
h 771   -763975  0.999939  0.597429  0.921461  0.388471  1.93538e-05
h 772   -763975  0.999939  0.60136  0.921461  0.388471  1.90814e-05
h 773   -763975  0.999939  0.606644  0.921461  0.388471  1.87153e-05
h 774   -763975  0.999939  0.593685  0.921461  0.388471  1.96132e-05
h 792   -763974  0.999939  0.575096  0.921461  0.388471  2.08113e-05
h 796   -763982  0.999939  0.755463  0.921461  0.388471  9.77766e-06
h 797   -763987  0.999939  0.850977  0.921461  0.388471  4.29802e-06
h 818   -763975  0.999939  0.607808  0.921461  0.388471  1.86347e-05
h 819   -763977  0.999939  0.643107  0.921461  0.388471  1.61887e-05
h 820   -763978  0.999939  0.650636  0.921461  0.388471  1.57823e-05
h 836   -763974  0.999939  0.589234  0.921461  0.388471  1.99009e-05
h 837   -763975  0.999939  0.598807  0.921461  0.388471  1.92583e-05
h 838   -763975  0.999939  0.603333  0.921461  0.388471  1.89447e-05
h 839   -763975  0.999939  0.59339  0.921461  0.388471  1.96333e-05
h 840   -763977  0.999939  0.640171  0.921461  0.388471  1.63921e-05
h 841   -763976  0.999939  0.626805  0.921461  0.388471  1.73183e-05
h 842   -763976  0.999939  0.62716  0.921461  0.388471  1.72937e-05
h 843   -763976  0.999939  0.619038  0.921461  0.388471  1.78565e-05
h 854   -763977  0.999939  0.634111  0.921461  0.388471  1.6812e-05
h 856   -763975  0.999939  0.598835  0.921461  0.388471  1.92564e-05
h 857   -763975  0.999939  0.59957  0.921461  0.388471  1.92054e-05
h 858   -763975  0.999939  0.599551  0.921461  0.388471  1.92068e-05
h 859   -763975  0.999939  0.599588  0.921461  0.388471  1.92042e-05
h 860   -763975  0.999939  0.598921  0.921461  0.388471  1.92505e-05
h 862   -763975  0.999939  0.598774  0.921461  0.388471  1.92606e-05
h 863   -763975  0.999939  0.59897  0.921461  0.388471  1.92471e-05
h 864   -763975  0.999939  0.596249  0.921461  0.388471  1.94355e-05
h 865   -763975  0.999939  0.596879  0.921461  0.388471  1.93919e-05
h 875   -763973  0.999939  0.556418  0.921461  0.388471  2.2014e-05
h 876   -763648  0.999939  0.51291  0.921461  0.388471  0.0004304
h 896   -763976  0.999939  0.621351  0.921461  0.388471  1.76962e-05
h 897   -763978  0.999939  0.665749  0.921461  0.388471  1.50978e-05
h 898   -763977  0.999939  0.643651  0.921461  0.388471  1.6151e-05
h 899   -763980  0.999939  0.708358  0.921461  0.388471  1.29239e-05
h 900   -763979  0.999939  0.683978  0.921461  0.388471  1.42721e-05
h 901   -763976  0.999939  0.620333  0.921461  0.388471  1.77668e-05
h 902   -763977  0.999939  0.646513  0.921461  0.388471  1.59691e-05
h 903   -763977  0.999939  0.633443  0.921461  0.388471  1.68583e-05
h 904   -763977  0.999939  0.63835  0.921461  0.388471  1.65183e-05
h 905   -763976  0.999939  0.62768  0.921461  0.388471  1.72577e-05
h 906   -763976  0.999939  0.628154  0.921461  0.388471  1.72248e-05
h 963   -763975  0.999939  0.598486  0.921461  0.388471  1.92805e-05
h 964   -763975  0.999939  0.598052  0.921461  0.388471  1.93106e-05
h 991   -763975  0.999939  0.595226  0.921461  0.388471  1.95064e-05
h 1008   -763978  0.999939  0.652016  0.921461  0.388471  1.57198e-05
h 1011   -763974  0.999939  0.575127  0.921461  0.388471  2.08093e-05
h 1012   -763979  0.999939  0.676583  0.921461  0.388471  1.4607e-05
h 1013   -763980  0.999939  0.706365  0.921461  0.388471  1.30619e-05
h 1015   -763984  0.999939  0.792754  0.921461  0.388471  8.08857e-06
h 1016   -763988  0.999939  0.870468  0.921461  0.388471  2.83961e-06
h 1055   -763975  0.999939  0.60088  0.921461  0.388471  1.91147e-05
h 1056   -763975  0.999939  0.602159  0.921461  0.388471  1.90261e-05
h 1057   -763975  0.999939  0.600751  0.921461  0.388471  1.91237e-05
h 1068   -763975  0.999939  0.600747  0.921461  0.388471  1.91239e-05
h 1069   -763975  0.999939  0.600951  0.921461  0.388471  1.91098e-05
h 1070   -763975  0.999939  0.601158  0.921461  0.388471  1.90954e-05
h 1087   -763990  0.999939  0.96  0.921461  0.388471  0
h 1088   -763990  0.999939  0.949402  0.921461  0.388471  0
h 1095   -763983  0.999939  0.763853  0.921461  0.388471  9.39764e-06
h 1096   -763986  0.999939  0.829636  0.921461  0.388471  5.77682e-06
h 1097   -763983  0.999939  0.779198  0.921461  0.388471  8.70258e-06
h 1109   -763989  0.999939  0.880849  0.921461  0.388471  2.0466e-06
h 1110   -763985  0.999939  0.828328  0.921461  0.388471  5.8674e-06
h 1122   -763975  0.999939  0.596634  0.921461  0.388471  1.94089e-05
h 1123   -763975  0.999939  0.597601  0.921461  0.388471  1.93419e-05
h 1126   -763975  0.999939  0.596479  0.921461  0.388471  1.94196e-05
h 1127   -763975  0.999939  0.59615  0.921461  0.388471  1.94424e-05
h 1128   -763974  0.999939  0.592019  0.921461  0.388471  1.97216e-05
h 1137   -763975  0.999939  0.595273  0.921461  0.388471  1.95032e-05
h 1138   -763975  0.999939  0.594589  0.921461  0.388471  1.95506e-05
h 1141   -763975  0.999939  0.595671  0.921461  0.388471  1.94757e-05
h 1142   -763975  0.999939  0.59301  0.921461  0.388471  1.96578e-05
h 1143   -763974  0.999939  0.590301  0.921461  0.388471  1.98322e-05
h 1144   -763975  0.999939  0.594368  0.921461  0.388471  1.95659e-05
h 1145   -763975  0.999939  0.595645  0.921461  0.388471  1.94774e-05
h 1146   -759245  0.999939  0.409168  0.921461  0.388471  0.00596249
h 1147   -763621  0.999939  0.510613  0.921461  0.388471  0.000463581
h 1159   -763980  0.999939  0.704693  0.921461  0.388471  1.31778e-05
h 1160   -763982  0.999939  0.745293  0.921461  0.388471  1.03646e-05
h 1161   -763979  0.999939  0.678734  0.921461  0.388471  1.45096e-05
h 1162   -763979  0.999939  0.686768  0.921461  0.388471  1.41457e-05
h 1166   -763977  0.999939  0.640968  0.921461  0.388471  1.63369e-05
h 1167   -763977  0.999939  0.633541  0.921461  0.388471  1.68516e-05
h 1170   -763978  0.999939  0.666167  0.921461  0.388471  1.50789e-05
h 1171   -763978  0.999939  0.648685  0.921461  0.388471  1.58707e-05
h 1172   -763977  0.999939  0.646987  0.921461  0.388471  1.59476e-05
h 1176   -763976  0.999939  0.622664  0.921461  0.388471  1.76052e-05
h 1181   -763978  0.999939  0.669456  0.921461  0.388471  1.49299e-05
h 1182   -763978  0.999939  0.656349  0.921461  0.388471  1.55235e-05
h 1228   -763975  0.999939  0.596923  0.921461  0.388471  1.93889e-05
h 1229   -763975  0.999939  0.595852  0.921461  0.388471  1.94631e-05
h 1230   -763975  0.999939  0.595447  0.921461  0.388471  1.94912e-05
h 1240   -763975  0.999939  0.59347  0.921461  0.388471  1.96282e-05
h 1241   -763975  0.999939  0.59456  0.921461  0.388471  1.95526e-05
h 1246   -763988  0.999939  0.866497  0.921461  0.388471  3.14299e-06
h 1247   -763990  0.999939  0.96  0.921461  0.388471  0
h 1299   -763975  0.999939  0.602212  0.921461  0.388471  1.90224e-05
h 1307   -763975  0.999939  0.601413  0.921461  0.388471  1.90777e-05
h 1308   -763975  0.999939  0.601824  0.921461  0.388471  1.90493e-05
h 1309   -763975  0.999939  0.601938  0.921461  0.388471  1.90414e-05
h 1310   -763975  0.999939  0.601461  0.921461  0.388471  1.90744e-05
h 1311   -763975  0.999939  0.601322  0.921461  0.388471  1.90841e-05
h 1312   -763975  0.999939  0.601525  0.921461  0.388471  1.907e-05
h 1313   -763975  0.999939  0.601376  0.921461  0.388471  1.90803e-05
h 1314   -763975  0.999939  0.601571  0.921461  0.388471  1.90668e-05
h 1326   -763975  0.999939  0.601783  0.921461  0.388471  1.90521e-05
h 1327   -763975  0.999939  0.602049  0.921461  0.388471  1.90337e-05
h 1339   -763975  0.999939  0.601453  0.921461  0.388471  1.9075e-05
h 1340   -763975  0.999939  0.601489  0.921461  0.388471  1.90725e-05
h 1361   -763974  0.999939  0.5833  0.921461  0.388471  2.0283e-05
h 1362   -763974  0.999939  0.587215  0.921461  0.388471  2.00309e-05
h 1363   -763974  0.999939  0.577328  0.921461  0.388471  2.06675e-05
h 1364   -763974  0.999939  0.577318  0.921461  0.388471  2.06682e-05
h 1365   -763973  0.999939  0.563707  0.921461  0.388471  2.15446e-05
h 1366   -763973  0.999939  0.56973  0.921461  0.388471  2.11568e-05
h 1367   -763975  0.999939  0.609982  0.921461  0.388471  1.8484e-05
h 1368   -763976  0.999939  0.614973  0.921461  0.388471  1.81381e-05
h 1369   -763779  0.999939  0.52437  0.921461  0.388471  0.000264809
h 1370   -763894  0.999939  0.534376  0.921461  0.388471  0.000120229
h 1372   -763919  0.999939  0.536526  0.921461  0.388471  8.91656e-05
h 1375   -762014  0.999939  0.455659  0.921461  0.388471  0.00248305
h 1376   -763377  0.999939  0.48938  0.921461  0.388471  0.000770389
h 1377   -763332  0.999939  0.487288  0.921461  0.388471  0.000826792
h 1378   -762262  0.999939  0.461599  0.921461  0.388471  0.002172
h 1379   -762553  0.999939  0.468585  0.921461  0.388471  0.0018062
h 1380   -760881  0.999939  0.432741  0.921461  0.388471  0.00390737
h 1389   -763974  0.999939  0.575613  0.921461  0.388471  2.0778e-05
h 1390   -763974  0.999939  0.584571  0.921461  0.388471  2.02012e-05
h 1391   -763973  0.999939  0.564377  0.921461  0.388471  2.15015e-05
h 1392   -763920  0.999939  0.53664  0.921461  0.388471  8.75158e-05
h 1412   -763975  0.999939  0.60278  0.921461  0.388471  1.8983e-05
h 1413   -763975  0.999939  0.602152  0.921461  0.388471  1.90266e-05
h 1414   -763975  0.999939  0.602359  0.921461  0.388471  1.90122e-05
h 1415   -763975  0.999939  0.610259  0.921461  0.388471  1.84648e-05
h 1416   -763975  0.999939  0.609176  0.921461  0.388471  1.85399e-05
h 1417   -763976  0.999939  0.61736  0.921461  0.388471  1.79728e-05
h 1418   -763976  0.999939  0.618508  0.921461  0.388471  1.78932e-05
h 1419   -763976  0.999939  0.614152  0.921461  0.388471  1.81951e-05
h 1420   -763976  0.999939  0.624743  0.921461  0.388471  1.74612e-05
h 1421   -763976  0.999939  0.622949  0.921461  0.388471  1.75855e-05
h 1422   -763976  0.999939  0.614918  0.921461  0.388471  1.8142e-05
h 1423   -763976  0.999939  0.618455  0.921461  0.388471  1.78969e-05
h 1433   -763975  0.999939  0.60711  0.921461  0.388471  1.8683e-05
h 1434   -763975  0.999939  0.604811  0.921461  0.388471  1.88423e-05
h 1437   -763975  0.999939  0.605256  0.921461  0.388471  1.88115e-05
h 1438   -763975  0.999939  0.603977  0.921461  0.388471  1.89001e-05
h 1439   -763975  0.999939  0.604057  0.921461  0.388471  1.88946e-05
h 1443   -763975  0.999939  0.599017  0.921461  0.388471  1.92437e-05
h 1444   -763975  0.999939  0.59896  0.921461  0.388471  1.92477e-05
h 1456   -763975  0.999939  0.598031  0.921461  0.388471  1.93121e-05
h 1457   -763975  0.999939  0.596987  0.921461  0.388471  1.93845e-05
h 1458   -763975  0.999939  0.597546  0.921461  0.388471  1.93457e-05
h 1467   -763975  0.999939  0.597851  0.921461  0.388471  1.93245e-05
h 1468   -763975  0.999939  0.597021  0.921461  0.388471  1.93821e-05
h 1469   -763975  0.999939  0.597274  0.921461  0.388471  1.93646e-05
h 1548   -763975  0.999939  0.601922  0.921461  0.388471  1.90425e-05
h 1549   -763975  0.999939  0.604323  0.921461  0.388471  1.88761e-05
h 1550   -763975  0.999939  0.602351  0.921461  0.388471  1.90128e-05
h 1551   -763975  0.999939  0.601798  0.921461  0.388471  1.90511e-05
h 1552   -763975  0.999939  0.601979  0.921461  0.388471  1.90385e-05
h 1553   -763975  0.999939  0.604552  0.921461  0.388471  1.88602e-05
h 1554   -763975  0.999939  0.602963  0.921461  0.388471  1.89703e-05
h 1555   -763975  0.999939  0.602781  0.921461  0.388471  1.89829e-05
h 1556   -763975  0.999939  0.603532  0.921461  0.388471  1.89309e-05
h 1557   -763975  0.999939  0.602997  0.921461  0.388471  1.8968e-05
h 1558   -763975  0.999939  0.602904  0.921461  0.388471  1.89745e-05
h 1559   -763975  0.999939  0.610943  0.921461  0.388471  1.84174e-05
h 1560   -763976  0.999939  0.61607  0.921461  0.388471  1.80621e-05
h 1561   -763976  0.999939  0.617846  0.921461  0.388471  1.79391e-05
h 1562   -763976  0.999939  0.615925  0.921461  0.388471  1.80722e-05
h 1571   -763975  0.999939  0.609021  0.921461  0.388471  1.85506e-05
h 1572   -763975  0.999939  0.610491  0.921461  0.388471  1.84487e-05
h 1604   -763974  0.999939  0.586501  0.921461  0.388471  2.00769e-05
h 1607   -763974  0.999939  0.584693  0.921461  0.388471  2.01933e-05
h 1608   -763974  0.999939  0.580582  0.921461  0.388471  2.0458e-05
h 1612   -763974  0.999939  0.592889  0.921461  0.388471  1.96656e-05
h 1613   -763974  0.999939  0.591239  0.921461  0.388471  1.97718e-05
h 1616   -763982  0.999939  0.739347  0.921461  0.388471  1.07766e-05
h 1617   -763980  0.999939  0.711465  0.921461  0.388471  1.27085e-05
h 1620   -763975  0.999939  0.596064  0.921461  0.388471  1.94484e-05
h 1621   -763975  0.999939  0.596591  0.921461  0.388471  1.94119e-05
h 1649   -763975  0.999939  0.602587  0.921461  0.388471  1.89964e-05
h 1650   -763975  0.999939  0.602232  0.921461  0.388471  1.9021e-05
h 1657   -763975  0.999939  0.601728  0.921461  0.388471  1.90559e-05
h 1658   -763975  0.999939  0.601576  0.921461  0.388471  1.90664e-05
h 1676   -760653  0.999939  0.429465  0.921461  0.388471  0.004193
h 1677   -760149  0.999939  0.422193  0.921461  0.388471  0.00482694
h 1680   -758613  0.999939  0.40005  0.921461  0.388471  0.00675733
h 1681   -756288  0.999939  0.373076  0.921461  0.388471  0.00967849
h 1684   -763550  0.999939  0.504447  0.921461  0.388471  0.000552673
h 1685   -762506  0.999939  0.467457  0.921461  0.388471  0.00186525
h 1686   -763608  0.999939  0.509494  0.921461  0.388471  0.000479757
h 1687   -763228  0.999939  0.484785  0.921461  0.388471  0.00095788
h 1692   -763973  0.999939  0.572473  0.921461  0.388471  2.09802e-05
h 1693   -763973  0.999939  0.566534  0.921461  0.388471  2.13626e-05
h 1700   -762016  0.999939  0.455695  0.921461  0.388471  0.00248116
h 1701   -761541  0.999939  0.444297  0.921461  0.388471  0.00307806
h 1708   -763597  0.999939  0.508466  0.921461  0.388471  0.000494608
h 1709   -763374  0.999939  0.48914  0.921461  0.388471  0.000773849
h 1712   -763973  0.999939  0.562468  0.921461  0.388471  2.16244e-05
h 1713   -763973  0.999939  0.568112  0.921461  0.388471  2.1261e-05
h 1714   -763973  0.999939  0.561693  0.921461  0.388471  2.16743e-05
h 1715   -763853  0.999939  0.530727  0.921461  0.388471  0.000172956
h 1716   -763972  0.999939  0.543656  0.921461  0.388471  2.28357e-05
h 1719   -763972  0.999939  0.550167  0.921461  0.388471  2.24165e-05
h 1720   -763939  0.999939  0.538236  0.921461  0.388471  6.44571e-05
h 1737   -763976  0.999939  0.614581  0.921461  0.388471  1.81653e-05
h 1738   -763976  0.999939  0.617422  0.921461  0.388471  1.79684e-05
h 1741   -763975  0.999939  0.602822  0.921461  0.388471  1.89801e-05
h 1742   -763975  0.999939  0.603341  0.921461  0.388471  1.89442e-05
h 1745   -763975  0.999939  0.60911  0.921461  0.388471  1.85444e-05
h 1746   -763976  0.999939  0.612271  0.921461  0.388471  1.83254e-05
h 1747   -763976  0.999939  0.612385  0.921461  0.388471  1.83175e-05
h 1748   -763975  0.999939  0.607154  0.921461  0.388471  1.868e-05
h 1749   -763975  0.999939  0.607067  0.921461  0.388471  1.8686e-05
h 1755   -763975  0.999939  0.604883  0.921461  0.388471  1.88373e-05
h 1756   -763975  0.999939  0.605845  0.921461  0.388471  1.87706e-05
h 1759   -763975  0.999939  0.598189  0.921461  0.388471  1.93012e-05
h 1760   -763975  0.999939  0.597901  0.921461  0.388471  1.93211e-05
h 1761   -763975  0.999939  0.597625  0.921461  0.388471  1.93402e-05
h 1762   -763975  0.999939  0.598208  0.921461  0.388471  1.92998e-05
h 1763   -763975  0.999939  0.59791  0.921461  0.388471  1.93205e-05
h 1764   -763975  0.999939  0.597469  0.921461  0.388471  1.9351e-05
h 1765   -763975  0.999939  0.597703  0.921461  0.388471  1.93349e-05
h 1766   -763975  0.999939  0.59804  0.921461  0.388471  1.93115e-05
h 1778   -763975  0.999939  0.597603  0.921461  0.388471  1.93418e-05
h 1779   -763975  0.999939  0.597606  0.921461  0.388471  1.93416e-05
h 1784   -763975  0.999939  0.597492  0.921461  0.388471  1.93495e-05
h 1785   -763975  0.999939  0.597387  0.921461  0.388471  1.93567e-05
h 1790   -763975  0.999939  0.597119  0.921461  0.388471  1.93753e-05
h 1791   -763975  0.999939  0.596954  0.921461  0.388471  1.93867e-05
h 1798   -763975  0.999939  0.597251  0.921461  0.388471  1.93661e-05
h 1799   -763975  0.999939  0.597421  0.921461  0.388471  1.93544e-05
h 1880   -763976  0.999939  0.613505  0.921461  0.388471  1.82399e-05
h 1881   -763976  0.999939  0.611847  0.921461  0.388471  1.83547e-05
h 1884   -763975  0.999939  0.603956  0.921461  0.388471  1.89016e-05
h 1885   -763975  0.999939  0.603463  0.921461  0.388471  1.89357e-05
h 1888   -763975  0.999939  0.604462  0.921461  0.388471  1.88665e-05
h 1889   -763975  0.999939  0.604564  0.921461  0.388471  1.88594e-05
h 1890   -763975  0.999939  0.605242  0.921461  0.388471  1.88124e-05
h 1891   -763975  0.999939  0.605445  0.921461  0.388471  1.87984e-05
h 1892   -763975  0.999939  0.606886  0.921461  0.388471  1.86985e-05
h 1893   -763975  0.999939  0.6064  0.921461  0.388471  1.87322e-05
h 1894   -763975  0.999939  0.607031  0.921461  0.388471  1.86884e-05
h 1895   -763975  0.999939  0.606132  0.921461  0.388471  1.87508e-05
h 1896   -763975  0.999939  0.608957  0.921461  0.388471  1.8555e-05
h 1898   -763975  0.999939  0.607293  0.921461  0.388471  1.86703e-05
h 1899   -763975  0.999939  0.607858  0.921461  0.388471  1.86312e-05
h 1968   -763975  0.999939  0.608434  0.921461  0.388471  1.85913e-05
h 1969   -763975  0.999939  0.610112  0.921461  0.388471  1.8475e-05
h 1972   -763975  0.999939  0.605944  0.921461  0.388471  1.87638e-05
h 1973   -763975  0.999939  0.605194  0.921461  0.388471  1.88158e-05
h 2003   -763974  0.999939  0.589301  0.921461  0.388471  1.98966e-05
h 2004   -763974  0.999939  0.587362  0.921461  0.388471  2.00214e-05
h 2010   -763974  0.999939  0.58245  0.921461  0.388471  2.03378e-05
h 2011   -763974  0.999939  0.576854  0.921461  0.388471  2.06981e-05
h 2012   -763973  0.999939  0.569977  0.921461  0.388471  2.11409e-05
h 2013   -763975  0.999939  0.593893  0.921461  0.388471  1.95988e-05
h 2014   -763974  0.999939  0.592768  0.921461  0.388471  1.96733e-05
h 2015   -763975  0.999939  0.593033  0.921461  0.388471  1.96563e-05
h 2016   -763974  0.999939  0.591522  0.921461  0.388471  1.97536e-05
h 2017   -763974  0.999939  0.591898  0.921461  0.388471  1.97294e-05
h 2021   -763893  0.999939  0.534232  0.921461  0.388471  0.000122312
h 2022   -763972  0.999939  0.552238  0.921461  0.388471  2.22831e-05
h 2023   -763973  0.999939  0.563677  0.921461  0.388471  2.15466e-05
h 2024   -763973  0.999939  0.561699  0.921461  0.388471  2.1674e-05
h 2025   -763973  0.999939  0.557183  0.921461  0.388471  2.19647e-05
h 2026   -763972  0.999939  0.545777  0.921461  0.388471  2.26992e-05
h 2049   -763974  0.999939  0.587437  0.921461  0.388471  2.00166e-05
h 2050   -763974  0.999939  0.589384  0.921461  0.388471  1.98913e-05
h 2051   -763974  0.999939  0.58833  0.921461  0.388471  1.99591e-05
h 2054   -763974  0.999939  0.583515  0.921461  0.388471  2.02691e-05
h 2055   -763974  0.999939  0.585964  0.921461  0.388471  2.01115e-05
h 2060   -763974  0.999939  0.589651  0.921461  0.388471  1.98741e-05
h 2061   -763974  0.999939  0.591112  0.921461  0.388471  1.978e-05
h 2064   -763974  0.999939  0.580607  0.921461  0.388471  2.04564e-05
h 2065   -763974  0.999939  0.574188  0.921461  0.388471  2.08698e-05
h 2066   -763974  0.999939  0.581539  0.921461  0.388471  2.03964e-05
h 2067   -763974  0.999939  0.583302  0.921461  0.388471  2.02829e-05
h 2069   -763973  0.999939  0.573241  0.921461  0.388471  2.09307e-05
h 2070   -763974  0.999939  0.577548  0.921461  0.388471  2.06534e-05
h 2073   -763972  0.999939  0.549584  0.921461  0.388471  2.24541e-05
h 2074   -763973  0.999939  0.558664  0.921461  0.388471  2.18693e-05
E_DATA
B_MESH_DATA
Dim 2 
NumPts 416 
NumElems 636 
1   0.00734561   0.0237364    0
2   0.00736845   0.0236216    0
3   0.00679129   0.0235068    0
4   0.00728058   0.0238337    0
5   0.00685632   0.0234094    0
6   0.00718325   0.0238987    0
7   0.00706845   0.0239216    0
8   0.00695364   0.0233444    0
9   0.00706845   0.0233216    0
10   0.00695364   0.0238987    0
11   0.00685632   0.0238337    0
12   0.00718325   0.0233444    0
13   0.00679129   0.0237364    0
14   0.00728058   0.0234094    0
15   0.00676845   0.0236216    0
16   0.00734561   0.0235068    0
17   0.00762088   0.0217792    0
18   0.0123354   0.0149897    0
19   0.0114139   0.0146012    0
20   0.0115888   0.0159506    0
21   0.00635328   0.0254679    0
22   0.00939184   0.0213282    0
23   0.00859557   0.0199992    0
24   0.00459291   0.0281897    0
25   0.0035477   0.0293651    0
26   0.005173   0.0293375    0
27   0.00710703   0.0203123    0
28   0.00563812   0.0270143    0
29   0.00711162   0.0267369    0
30   0.00793285   0.0251466    0
31   0.00421266   0.0271778    0
32   0.00624844   0.0220829    0
33   0.00364447   0.0330304    0
34   0.00492206   0.0325741    0
35   0.00370489   0.0316    0
36   0.00663116   0.0278766    0
37   0.0063986   0.0290382    0
38   0.00876686   0.023082    0
39   0.00582223   0.0230041    0
40   0.00464507   0.0261521    0
41   0.00525417   0.0245618    0
42   0.00877324   0.0187832    0
43   0.0101078   0.01963    0
44   0.0089509   0.0175671    0
45   0.00765594   0.0182157    0
46   0.00967686   0.0182486    0
47   0.0103441   0.018672    0
48   0.0105805   0.0177141    0
49   0.0111002   0.0184874    0
50   0.00969034   0.0166078    0
51   0.00831974   0.0166411    0
52   0.0110846   0.0168323    0
53   0.0119424   0.0166468    0
54   0.00160139   0.0314411    0
55   0.00180155   0.0322535    0
56   0.00255306   0.0311144    0
57   0.00140124   0.0306288    0
58   0.00272301   0.0326419    0
59   0.0100914   0.0154102    0
60   0.0104924   0.0142127    0
61   0.0088002   0.0155015    0
62   0.00918559   0.0146629    0
63   0.00816904   0.0145755    0
64   0.00957097   0.0138242    0
65   0.00792881   0.0151453    0
66   0.00834986   0.0241143    0
67   0.00752224   0.0259417    0
68   0.00825899   0.025803    0
69   0.00906558   0.0253198    0
70   0.0125678   0.0157255    0
71   0.0132568   0.0153781    0
72   0.00461701   0.0300464    0
73   0.00362629   0.0304825    0
74   0.00277434   0.0299376    0
75   0.00393235   0.0262338    0
76   0.00347385   0.0282783    0
77   0.00349994   0.0272595    0
78   0.00321962   0.0263156    0
79   0.00974981   0.0204791    0
80   0.0108639   0.0194454    0
81   0.00840928   0.0140056    0
82   0.00899012   0.0139149    0
83   0.00864951   0.0134358    0
84   0.00911024   0.01363    0
85   0.00738148   0.019264    0
86   0.00667774   0.0211976    0
87   0.00636276   0.0204689    0
88   0.00114066   0.0312469    0
89   0.000880084   0.031865    0
90   0.00208779   0.0302832    0
91   0.00192239   0.0293926    0
92   0.00166182   0.0300107    0
93   0.00870772   0.024717    0
94   0.00930581   0.02475    0
95   0.00954604   0.0241802    0
96   0.00736791   0.0277378    0
97   0.00882535   0.0258896    0
98   0.00858512   0.0264595    0
99   0.00784837   0.0265982    0
100   0.00810467   0.0275991    0
101   0.0130285   0.0159197    0
102   0.0128002   0.0164613    0
103   0.00256457   0.0291523    0
104   0.0023548   0.0283669    0
105   0.00300341   0.0268284    0
106   0.00278721   0.0273413    0
107   0.00313053   0.0278098    0
108   0.00343582   0.0258027    0
109   0.00257101   0.0278541    0
110   0.0104874   0.0203383    0
111   0.0112251   0.0201975    0
112   0.0114225   0.0197291    0
113   0.01162   0.0192607    0
114   0.00134081   0.0320592    0
115   0.00556222   0.0222348    0
116   0.00596249   0.0213518    0
117   0.00524725   0.021506    0
118   0.00561849   0.0206254    0
119   0.00668561   0.0195044    0
120   0.00598973   0.0197448    0
121   0.00617535   0.0193045    0
122   0.00636098   0.0188642    0
123   0.00580411   0.0201851    0
124   0.00712769   0.0283077    0
125   0.00701141   0.0288885    0
126   0.00762421   0.0287388    0
127   0.00469561   0.0311638    0
128   0.00568633   0.0307277    0
129   0.00544764   0.0316408    0
130   0.00456593   0.0334189    0
131   0.00548739   0.0338074    0
132   0.00520473   0.0331907    0
133   0.00556086   0.032346    0
134   0.00619966   0.0321178    0
135   0.00584353   0.0329626    0
136   0.00604247   0.0298829    0
137   0.00629913   0.030578    0
138   0.00703718   0.0186705    0
139   0.00924527   0.0160546    0
140   0.00855997   0.0160713    0
141   0.00768858   0.0157151    0
142   0.00800416   0.0161781    0
143   0.00798784   0.0174284    0
144   0.00734036   0.0177527    0
145   0.00669288   0.0180769    0
146   0.00907935   0.0222051    0
147   0.00915645   0.0236311    0
148   0.010111   0.0212312    0
149   0.0108302   0.0211342    0
150   0.00605524   0.0241977    0
151   0.0055382   0.0237829    0
152   0.00519612   0.0230583    0
153   0.00487601   0.0223866    0
154   0.00430155   0.0253581    0
155   0.00365203   0.0252899    0
156   0.0046061   0.0245629    0
157   0.00395802   0.0245641    0
158   0.00786444   0.0281689    0
159   0.00834489   0.0270293    0
160   0.0021386   0.0288798    0
161   0.0110276   0.0206658    0
162   0.00506163   0.0219463    0
163   0.00543287   0.0210657    0
164   0.00602159   0.0325402    0
165   0.00566546   0.033385    0
166   0.00600172   0.0314569    0
167   0.0065558   0.0312731    0
168   0.00744614   0.0291612    0
169   0.00726807   0.0295835    0
170   0.00637773   0.0316954    0
171   0.00673387   0.0308507    0
172   0.00691194   0.0304283    0
173   0.00665527   0.0297332    0
174   0.00709   0.0300059    0
175   0.00752263   0.0161088    0
176   0.00735668   0.0165024    0
177   0.00652693   0.0184706    0
178   0.00767226   0.0169654    0
179   0.00702478   0.0172897    0
180   0.00685883   0.0176833    0
181   0.00979424   0.0220504    0
182   0.0105091   0.0218957    0
183   0.00947321   0.0228119    0
184   0.00986707   0.0234187    0
185   0.0101881   0.0226572    0
186   0.0103486   0.0222764    0
187   0.0100276   0.0230379    0
188   0.00970656   0.0237994    0
189   0.0106697   0.0215149    0
190   0.00380503   0.024927    0
191   0.00472301   0.0227495    0
192   0.00457001   0.0231124    0
193   0.00490111   0.0238106    0
194   0.00507764   0.0241862    0
195   0.0047536   0.0241868    0
196   0.00426402   0.0238382    0
197   0.00411102   0.0242012    0
198   0.00719073   0.016896    0
199   0.00441701   0.0234753    0
200   0.0113953   0.0177876    0
201   0.0116688   0.0172172    0
202   0.0125051   0.0171612    0
203   0.0109821   0.0189664    0
204   0.0113601   0.0188741    0
205   0.0122551   0.0161862    0
206   0.0123713   0.0165541    0
207   0.0116552   0.0181742    0
208   0.011915   0.0185609    0
209   0.0120625   0.018211    0
210   0.0122101   0.017861    0
211   0.0117675   0.0189108    0
212   0.0119395   0.0175391    0
213   0.0123576   0.0175111    0
214   0.0126526   0.0168112    0
215   0.0146012   0.0114139    0
216   0.0149897   0.0123354    0
217   0.0159506   0.0115888    0
218   0.0158899   0.00972167    0
219   0.0174433   0.0106946    0
220   0.0175671   0.0089509    0
221   0.019467   0.00995293    0
222   0.0196732   0.00828589    0
223   0.0257115   0.00663038    0
224   0.0273315   0.00639043    0
225   0.0259242   0.00515665    0
226   0.0214567   0.00922553    0
227   0.0217792   0.00762088    0
228   0.0293375   0.005173    0
229   0.0293651   0.0035477    0
230   0.0279345   0.00415079    0
231   0.0229797   0.00858346    0
232   0.0240915   0.00687033    0
233   0.0316   0.00370489    0
234   0.0327037   0.00459614    0
235   0.0330304   0.00364447    0
236   0.0164062   0.00841878    0
237   0.018364   0.00770486    0
238   0.0220829   0.00624844    0
239   0.0201493   0.00695219    0
240   0.0241358   0.00820819    0
241   0.0264895   0.00743741    0
242   0.0304688   0.00443895    0
243   0.0283345   0.00578171    0
244   0.0290382   0.0063986    0
245   0.0280351   0.00700732    0
246   0.027633   0.00527061    0
247   0.0269294   0.00465372    0
248   0.023239   0.00587317    0
249   0.0245816   0.00551491    0
250   0.027233   0.00363968    0
251   0.0286636   0.00303659    0
252   0.0257539   0.00774752    0
253   0.0303351   0.00572325    0
254   0.0248406   0.00462357    0
255   0.0260145   0.00419297    0
256   0.0234534   0.00510453    0
257   0.0322535   0.00180155    0
258   0.0314411   0.00160139    0
259   0.0311144   0.00255306    0
260   0.0334189   0.00456593    0
261   0.0332555   0.00504176    0
262   0.0327358   0.00593914    0
263   0.0338074   0.00548739    0
264   0.0310665   0.00541492    0
265   0.0316642   0.00639089    0
266   0.0322   0.00616502    0
267   0.0173814   0.0115665    0
268   0.016635   0.0120136    0
269   0.0173194   0.0124384    0
270   0.0156692   0.0125915    0
271   0.0153781   0.0132568    0
272   0.0163488   0.0128476    0
273   0.0184551   0.0103238    0
274   0.0204618   0.00958923    0
275   0.0193639   0.0107865    0
276   0.0152456   0.0105678    0
277   0.0142127   0.0104924    0
278   0.014664   0.00974365    0
279   0.0138242   0.00957097    0
280   0.0151152   0.00899488    0
281   0.0144697   0.00928292    0
282   0.0143405   0.00826809    0
283   0.0139528   0.00896622    0
284   0.01363   0.00911024    0
285   0.0134358   0.00864951    0
286   0.0173109   0.00803736    0
287   0.0157607   0.00870683    0
288   0.0192566   0.00732852    0
289   0.0195068   0.00665658    0
290   0.0211161   0.00660032    0
291   0.0203874   0.00628534    0
292   0.0197448   0.00598973    0
293   0.0230272   0.00460595    0
294   0.0223866   0.00487601    0
295   0.0236678   0.00433588    0
296   0.0312469   0.00114066    0
297   0.0306288   0.00140124    0
298   0.031865   0.000880084    0
299   0.0302397   0.00305038    0
300   0.0304343   0.00222581    0
301   0.0300107   0.00166182    0
302   0.0293926   0.00192239    0
303   0.0332716   0.00571326    0
304   0.0178048   0.0122338    0
305   0.0182901   0.0120292    0
306   0.0168341   0.012643    0
307   0.0183726   0.0111765    0
308   0.0192607   0.01162    0
309   0.0158635   0.0130522    0
310   0.0187754   0.0118246    0
311   0.0203296   0.0104072    0
312   0.0201975   0.0112251    0
313   0.0197291   0.0114225    0
314   0.0320592   0.00134081    0
315   0.0167305   0.0077713    0
316   0.0170547   0.00712382    0
317   0.0177094   0.00741434    0
318   0.0159554   0.00810604    0
319   0.01615   0.00750524    0
320   0.0138881   0.0084588    0
321   0.0151802   0.00844077    0
322   0.0152453   0.00788666    0
323   0.0156976   0.00769595    0
324   0.0186081   0.00703546    0
325   0.0188642   0.00636098    0
326   0.0179595   0.0067424    0
327   0.0222348   0.00556222    0
328   0.0213111   0.00592378    0
329   0.0206254   0.00561849    0
330   0.021506   0.00524725    0
331   0.0193045   0.00617535    0
332   0.0201851   0.00580411    0
333   0.0249227   0.00730893    0
334   0.0249449   0.00797785    0
335   0.0235799   0.00906475    0
336   0.0241802   0.00954604    0
337   0.024158   0.00887711    0
338   0.0222182   0.00890449    0
339   0.0220569   0.00970682    0
340   0.0212954   0.0100278    0
341   0.0218957   0.0105091    0
342   0.0211342   0.0108302    0
343   0.0272623   0.00722236    0
344   0.0268786   0.00784092    0
345   0.026143   0.00815104    0
346   0.026532   0.00855455    0
347   0.0288885   0.00701141    0
348   0.028387   0.00731576    0
349   0.0287388   0.00762421    0
350   0.0309997   0.00605707    0
351   0.0296866   0.00606093    0
352   0.0302683   0.0063654    0
353   0.0309329   0.00669922    0
354   0.024147   0.00486405    0
355   0.0254276   0.00440827    0
356   0.0249701   0.0041779    0
357   0.0243837   0.00403406    0
358   0.0266238   0.00391633    0
359   0.0255571   0.0039626    0
360   0.0250997   0.00373223    0
361   0.0268823   0.00338413    0
362   0.0293789   0.00273504    0
363   0.0206658   0.0110276    0
364   0.0175071   0.00693311    0
365   0.0166024   0.00731453    0
366   0.0147929   0.00807738    0
367   0.0184119   0.00655169    0
368   0.0219463   0.00506163    0
369   0.0210657   0.00543287    0
370   0.0253706   0.00842126    0
371   0.0257964   0.00886466    0
372   0.0253923   0.00903501    0
373   0.0247643   0.00864919    0
374   0.0249883   0.00920535    0
375   0.0245842   0.0093757    0
376   0.0222764   0.0103486    0
377   0.0226572   0.0101881    0
378   0.0228184   0.00938578    0
379   0.0234187   0.00986707    0
380   0.0230379   0.0100276    0
381   0.0237994   0.00970656    0
382   0.0215149   0.0106697    0
383   0.0268998   0.00839949    0
384   0.0272676   0.00824444    0
385   0.0261642   0.00870961    0
386   0.028371   0.00777927    0
387   0.0280032   0.00793432    0
388   0.0276328   0.00757834    0
389   0.0276354   0.00808938    0
390   0.0312985   0.00654506    0
391   0.0291045   0.00747004    0
392   0.0294701   0.00731588    0
393   0.0305672   0.00685339    0
394   0.0302015   0.00700755    0
395   0.0295784   0.0066884    0
396   0.0298358   0.00716171    0
397   0.0242654   0.00444905    0
398   0.0254576   0.00358132    0
399   0.0258156   0.0034304    0
400   0.0262197   0.00367336    0
401   0.0265315   0.00312857    0
402   0.0261736   0.00327949    0
403   0.0247417   0.00388314    0
404   0.0290281   0.00247949    0
405   0.0268892   0.0029778    0
406   0.0272468   0.00282703    0
407   0.0279483   0.00333813    0
408   0.0283128   0.00278104    0
409   0.0286774   0.00222394    0
410   0.0326419   0.00272301    0
411   0.0240257   0.00418497    0
412   0.029035   0.00207316    0
413   0.0275976   0.00308258    0
414   0.0279621   0.00252548    0
415   0.0276044   0.00267626    0
416   0.0283197   0.00237471    0
321  2745  1  2  3 
322  2745  4  1  3 
323  2745  5  3  2 
324  2745  4  3  6 
325  2745  7  6  3 
326  2745  8  5  2 
327  2745  8  2  9 
328  2745  7  3  10 
329  2745  10  3  11 
330  2745  12  9  2 
331  2745  13  11  3 
332  2745  14  12  2 
333  2745  15  13  3 
334  2745  16  14  2 
319  2373  12  17  9 
320  2373  14  17  12 
335  2373  18  19  20 
340  2373  21  7  10 
347  2373  22  23  17 
349  2373  24  25  26 
350  2373  23  27  17 
650  2373  28  29  21 
651  2373  30  4  6 
652  2373  30  6  7 
653  2373  7  21  30 
657  2373  28  31  24 
694  2373  32  8  9 
695  2373  9  17  32 
699  2373  33  34  35 
700  2373  28  36  29 
701  2373  36  28  24 
702  2373  24  26  37 
703  2373  37  36  24 
717  2373  38  17  14 
718  2373  14  16  38 
731  2373  39  15  3 
732  2373  39  3  5 
733  2373  39  5  8 
734  2373  8  32  39 
735  2373  28  40  31 
736  2373  40  28  21 
737  2373  21  41  40 
760  2373  42  23  43 
761  2373  42  44  45 
762  2373  46  42  43 
763  2373  42  46  44 
764  2373  47  48  46 
765  2373  43  47  46 
766  2373  49  48  47 
771  2373  46  48  50 
772  2373  50  44  46 
773  2373  51  44  50 
774  2373  48  52  50 
792  2373  52  53  20 
796  2373  54  55  56 
797  2373  57  54  56 
818  2373  58  33  35 
819  2373  56  55  58 
820  2373  58  35  56 
836  2373  52  20  59 
837  2373  59  50  52 
838  2373  19  60  59 
839  2373  59  20  19 
840  2373  61  62  63 
841  2373  62  61  59 
842  2373  60  64  62 
843  2373  62  59  60 
854  2373  63  65  61 
856  2373  4  30  66 
857  2373  66  1  4 
858  2373  2  1  66 
859  2373  16  2  66 
860  2373  66  38  16 
862  2373  29  67  21 
863  2373  67  30  21 
864  2373  30  68  69 
865  2373  68  30  67 
875  2373  70  18  20 
876  2373  18  70  71 
896  2373  25  72  26 
897  2373  35  73  56 
898  2373  25  73  72 
899  2373  73  74  56 
900  2373  74  73  25 
901  2373  40  75  31 
902  2373  24  76  25 
903  2373  76  24  31 
904  2373  31  77  76 
905  2373  77  31  75 
906  2373  75  78  77 
963  2373  22  79  23 
964  2373  79  43  23 
991  2373  43  80  47 
1008  2373  81  63  62 
1011  2373  81  82  83 
1012  2373  82  81  62 
1013  2373  64  82  62 
1015  2373  84  83  82 
1016  2373  64  84  82 
1055  2373  85  27  23 
1056  2373  42  45  85 
1057  2373  85  23  42 
1068  2373  27  86  17 
1069  2373  86  32  17 
1070  2373  27  87  86 
1087  2373  88  89  54 
1088  2373  57  88  54 
1095  2373  74  90  56 
1096  2373  90  57  56 
1097  2373  90  74  91 
1109  2373  92  57  90 
1110  2373  91  92  90 
1122  2373  69  93  30 
1123  2373  93  66  30 
1126  2373  94  95  93 
1127  2373  69  94  93 
1128  2373  36  96  29 
1137  2373  97  69  68 
1138  2373  98  97  68 
1141  2373  29  99  67 
1142  2373  99  29  96 
1143  2373  96  100  99 
1144  2373  99  98  68 
1145  2373  68  67  99 
1146  2373  101  71  70 
1147  2373  102  101  70 
1159  2373  103  74  25 
1160  2373  74  103  91 
1161  2373  103  25  76 
1162  2373  76  104  103 
1166  2373  105  106  77 
1167  2373  78  105  77 
1170  2373  76  107  104 
1171  2373  107  76  77 
1172  2373  106  107  77 
1176  2373  108  78  75 
1181  2373  109  104  107 
1182  2373  106  109  107 
1228  2373  79  110  43 
1229  2373  80  43  110 
1230  2373  110  111  80 
1240  2373  112  113  80 
1241  2373  111  112  80 
1246  2373  114  55  54 
1247  2373  89  114  54 
1299  2373  32  115  39 
1307  2373  86  116  32 
1308  2373  115  32  116 
1309  2373  116  117  115 
1310  2373  87  118  116 
1311  2373  116  86  87 
1312  2373  85  119  27 
1313  2373  87  27  119 
1314  2373  119  120  87 
1326  2373  121  120  119 
1327  2373  122  121  119 
1339  2373  123  118  87 
1340  2373  120  123  87 
1361  2373  124  36  37 
1362  2373  36  124  96 
1363  2373  125  126  124 
1364  2373  37  125  124 
1365  2373  127  35  34 
1366  2373  127  128  72 
1367  2373  127  72  73 
1368  2373  73  35  127 
1369  2373  129  127  34 
1370  2373  127  129  128 
1372  2373  33  130  34 
1375  2373  131  132  130 
1376  2373  132  34  130 
1377  2373  34  133  129 
1378  2373  133  134  129 
1379  2373  133  34  132 
1380  2373  132  135  133 
1389  2373  136  37  26 
1390  2373  136  26  72 
1391  2373  72  128  136 
1392  2373  128  137  136 
1412  2373  138  85  45 
1413  2373  119  85  138 
1414  2373  138  122  119 
1415  2373  50  139  51 
1416  2373  139  50  59 
1417  2373  61  139  59 
1418  2373  61  140  139 
1419  2373  140  51  139 
1420  2373  140  61  65 
1421  2373  65  141  140 
1422  2373  142  51  140 
1423  2373  141  142  140 
1433  2373  51  143  44 
1434  2373  143  45  44 
1437  2373  144  45  143 
1438  2373  138  45  144 
1439  2373  144  145  138 
1443  2373  38  146  17 
1444  2373  146  22  17 
1456  2373  147  38  66 
1457  2373  93  95  147 
1458  2373  147  66  93 
1467  2373  22  148  79 
1468  2373  148  149  110 
1469  2373  110  79  148 
1548  2373  150  11  13 
1549  2373  150  41  21 
1550  2373  150  21  10 
1551  2373  10  11  150 
1552  2373  150  13  15 
1553  2373  151  41  150 
1554  2373  151  150  15 
1555  2373  15  39  151 
1556  2373  39  152  151 
1557  2373  115  153  152 
1558  2373  152  39  115 
1559  2373  154  40  41 
1560  2373  75  40  154 
1561  2373  108  75  154 
1562  2373  154  155  108 
1571  2373  41  156  154 
1572  2373  156  157  154 
1604  2373  158  100  96 
1607  2373  158  96  124 
1608  2373  124  126  158 
1612  2373  159  98  99 
1613  2373  100  159  99 
1616  2373  160  91  103 
1617  2373  104  160  103 
1620  2373  161  111  110 
1621  2373  149  161  110 
1649  2373  162  153  115 
1650  2373  117  162  115 
1657  2373  163  117  116 
1658  2373  118  163  116 
1676  2373  164  134  133 
1677  2373  135  164  133 
1680  2373  165  135  132 
1681  2373  131  165  132 
1684  2373  129  166  128 
1685  2373  166  129  134 
1686  2373  137  128  166 
1687  2373  166  167  137 
1692  2373  168  126  125 
1693  2373  169  168  125 
1700  2373  170  167  166 
1701  2373  134  170  166 
1708  2373  171  172  137 
1709  2373  167  171  137 
1712  2373  136  173  37 
1713  2373  125  37  173 
1714  2373  173  169  125 
1715  2373  137  172  173 
1716  2373  173  136  137 
1719  2373  174  169  173 
1720  2373  172  174  173 
1737  2373  175  176  142 
1738  2373  141  175  142 
1741  2373  177  122  138 
1742  2373  145  177  138 
1745  2373  178  143  51 
1746  2373  178  51  142 
1747  2373  142  176  178 
1748  2373  178  179  144 
1749  2373  144  143  178 
1755  2373  180  145  144 
1756  2373  179  180  144 
1759  2373  146  181  22 
1760  2373  148  22  181 
1761  2373  181  182  148 
1762  2373  183  146  38 
1763  2373  183  38  147 
1764  2373  147  184  183 
1765  2373  183  185  181 
1766  2373  181  146  183 
1778  2373  186  182  181 
1779  2373  185  186  181 
1784  2373  187  185  183 
1785  2373  184  187  183 
1790  2373  188  184  147 
1791  2373  95  188  147 
1798  2373  189  149  148 
1799  2373  182  189  148 
1880  2373  190  155  154 
1881  2373  157  190  154 
1884  2373  191  192  152 
1885  2373  153  191  152 
1888  2373  193  151  152 
1889  2373  152  192  193 
1890  2373  193  194  151 
1891  2373  194  41  151 
1892  2373  41  194  156 
1893  2373  195  193  196 
1894  2373  195  156  194 
1895  2373  193  195  194 
1896  2373  197  157  156 
1898  2373  195  196  197 
1899  2373  197  156  195 
1968  2373  198  179  178 
1969  2373  176  198  178 
1972  2373  199  196  193 
1973  2373  192  199  193 
2003  2373  200  48  49 
2004  2373  48  200  52 
2010  2373  200  201  52 
2011  2373  201  53  52 
2012  2373  202  53  201 
2013  2373  80  203  47 
2014  2373  203  49  47 
2015  2373  203  80  113 
2016  2373  204  49  203 
2017  2373  113  204  203 
2021  2373  70  205  102 
2022  2373  205  70  20 
2023  2373  53  205  20 
2024  2373  206  53  202 
2025  2373  53  206  205 
2026  2373  206  102  205 
2049  2373  207  200  49 
2050  2373  207  49  204 
2051  2373  204  208  207 
2054  2373  209  210  207 
2055  2373  208  209  207 
2060  2373  211  208  204 
2061  2373  113  211  204 
2064  2373  212  201  200 
2065  2373  201  212  202 
2066  2373  207  210  212 
2067  2373  212  200  207 
2069  2373  213  202  212 
2070  2373  210  213  212 
2073  2373  214  102  206 
2074  2373  202  214  206 
336  2424  215  216  217 
338  2424  218  217  219 
339  2424  219  220  218 
341  2424  221  222  220 
342  2424  223  224  225 
343  2424  226  227  222 
344  2424  228  229  230 
348  2424  227  231  232 
655  2424  233  234  235 
689  2424  220  236  218 
692  2424  222  237  220 
696  2424  238  227  232 
698  2424  239  222  227 
710  2424  240  232  231 
725  2424  223  241  224 
727  2424  228  242  229 
740  2424  243  228  230 
741  2424  228  243  244 
742  2424  245  244  243 
743  2424  243  224  245 
744  2424  224  246  225 
745  2424  230  246  243 
746  2424  246  224  243 
747  2424  247  225  246 
748  2424  230  247  246 
749  2424  232  248  238 
750  2424  249  248  232 
751  2424  249  232  223 
752  2424  223  225  249 
755  2424  230  250  247 
759  2424  229  251  230 
788  2424  223  252  241 
789  2424  253  242  228 
790  2424  254  249  225 
791  2424  247  255  225 
794  2424  256  248  249 
798  2424  257  258  259 
879  2424  260  235  234 
882  2424  261  234  262 
883  2424  261  263  260 
884  2424  234  261  260 
889  2424  264  242  253 
890  2424  264  234  233 
891  2424  233  242  264 
893  2424  265  266  264 
894  2424  234  264  266 
895  2424  266  262  234 
935  2424  267  219  217 
951  2424  217  268  267 
952  2424  268  269  267 
953  2424  216  270  217 
954  2424  270  216  271 
955  2424  268  217  270 
956  2424  270  272  268 
957  2424  273  221  220 
958  2424  219  273  220 
965  2424  221  274  222 
966  2424  274  226  222 
992  2424  275  221  273 
993  2424  215  276  277 
994  2424  276  215  217 
995  2424  218  276  217 
996  2424  277  278  279 
997  2424  278  277  276 
998  2424  278  276  218 
999  2424  218  280  278 
1000  2424  281  280  282 
1001  2424  280  281  278 
1002  2424  281  279  278 
1003  2424  281  283  279 
1004  2424  283  281  282 
1006  2424  284  279  283 
1007  2424  285  284  283 
1036  2424  220  286  236 
1037  2424  286  220  237 
1053  2424  236  287  218 
1054  2424  287  280  218 
1058  2424  288  237  222 
1059  2424  239  288  222 
1060  2424  239  289  288 
1071  2424  238  290  227 
1072  2424  290  239  227 
1073  2424  291  239  290 
1074  2424  289  239  291 
1075  2424  291  292  289 
1083  2424  293  294  256 
1084  2424  295  293  256 
1091  2424  296  297  258 
1092  2424  298  296  258 
1098  2424  299  229  242 
1099  2424  299  242  233 
1100  2424  233  259  299 
1101  2424  300  299  259 
1102  2424  258  297  300 
1103  2424  300  259  258 
1106  2424  301  302  300 
1107  2424  297  301  300 
1155  2424  303  263  261 
1156  2424  262  303  261 
1198  2424  304  305  267 
1199  2424  269  304  267 
1206  2424  306  269  268 
1207  2424  272  306  268 
1210  2424  307  273  219 
1211  2424  275  273  307 
1212  2424  307  308  275 
1213  2424  307  219  267 
1214  2424  267  305  307 
1219  2424  309  272  270 
1220  2424  271  309  270 
1224  2424  310  308  307 
1225  2424  305  310  307 
1231  2424  311  274  221 
1232  2424  311  221  275 
1233  2424  275  312  311 
1244  2424  313  312  275 
1245  2424  308  313  275 
1250  2424  314  298  258 
1251  2424  257  314  258 
1254  2424  315  286  316 
1255  2424  286  315  236 
1256  2424  237  317  286 
1257  2424  317  316  286 
1262  2424  318  287  236 
1263  2424  318  236  315 
1264  2424  315  319  318 
1272  2424  320  285  283 
1273  2424  282  320  283 
1276  2424  280  321  282 
1277  2424  321  280  287 
1278  2424  318  322  321 
1279  2424  321  287  318 
1283  2424  323  322  318 
1284  2424  319  323  318 
1292  2424  288  324  237 
1293  2424  324  288  289 
1294  2424  289  325  324 
1295  2424  317  237  324 
1296  2424  324  326  317 
1300  2424  327  238  248 
1301  2424  327  248  256 
1302  2424  256  294  327 
1315  2424  328  290  238 
1316  2424  328  329  291 
1317  2424  291  290  328 
1318  2424  328  238  327 
1319  2424  327  330  328 
1320  2424  331  325  289 
1321  2424  292  331  289 
1348  2424  332  292  291 
1349  2424  329  332  291 
1397  2424  232  333  223 
1398  2424  333  252  223 
1399  2424  333  232  240 
1400  2424  334  252  333 
1401  2424  240  334  333 
1406  2424  231  335  240 
1407  2424  336  337  335 
1408  2424  337  240  335 
1445  2424  226  338  227 
1446  2424  338  231  227 
1447  2424  226  339  338 
1470  2424  340  226  274 
1471  2424  339  226  340 
1472  2424  340  341  339 
1473  2424  311  342  340 
1474  2424  340  274  311 
1515  2424  241  343  224 
1516  2424  343  245  224 
1517  2424  241  344  343 
1520  2424  252  345  241 
1521  2424  344  241  345 
1522  2424  345  346  344 
1523  2424  347  244  245 
1524  2424  348  349  347 
1525  2424  245  348  347 
1533  2424  350  264  253 
1534  2424  264  350  265 
1540  2424  244  351  228 
1541  2424  351  253  228 
1542  2424  352  253  351 
1543  2424  350  253  352 
1544  2424  352  353  350 
1577  2424  254  354  249 
1578  2424  354  256  249 
1579  2424  256  354  295 
1583  2424  255  355  225 
1584  2424  355  254  225 
1585  2424  254  356  357 
1586  2424  356  254  355 
1587  2424  250  358  247 
1588  2424  358  255  247 
1589  2424  255  359  355 
1590  2424  359  360  356 
1591  2424  356  355  359 
1599  2424  250  361  358 
1600  2424  229  362  251 
1601  2424  362  229  299 
1602  2424  362  299  300 
1603  2424  300  302  362 
1624  2424  363  342  311 
1625  2424  312  363  311 
1632  2424  364  316  317 
1633  2424  326  364  317 
1636  2424  365  319  315 
1637  2424  316  365  315 
1641  2424  366  282  321 
1642  2424  322  366  321 
1645  2424  367  326  324 
1646  2424  325  367  324 
1653  2424  368  330  327 
1654  2424  294  368  327 
1661  2424  369  329  328 
1662  2424  330  369  328 
1721  2424  334  370  252 
1722  2424  370  371  345 
1723  2424  345  252  370 
1726  2424  372  371  370 
1727  2424  373  370  334 
1728  2424  240  337  373 
1729  2424  373  334  240 
1730  2424  373  374  372 
1731  2424  372  370  373 
1732  2424  336  375  337 
1735  2424  375  374  373 
1736  2424  373  337  375 
1767  2424  376  377  339 
1768  2424  341  376  339 
1772  2424  338  378  231 
1773  2424  335  231  378 
1774  2424  378  379  335 
1775  2424  339  377  378 
1776  2424  378  338  339 
1788  2424  380  379  378 
1789  2424  377  380  378 
1794  2424  381  336  335 
1795  2424  379  381  335 
1803  2424  382  341  340 
1804  2424  342  382  340 
1829  2424  383  384  344 
1830  2424  346  383  344 
1835  2424  385  346  345 
1836  2424  371  385  345 
1837  2424  386  349  348 
1838  2424  387  386  348 
1841  2424  343  388  245 
1842  2424  348  245  388 
1843  2424  388  387  348 
1844  2424  344  384  388 
1845  2424  388  343  344 
1848  2424  389  387  388 
1849  2424  384  389  388 
1850  2424  390  265  350 
1851  2424  353  390  350 
1858  2424  391  392  347 
1859  2424  349  391  347 
1867  2424  393  353  352 
1868  2424  394  393  352 
1871  2424  395  351  244 
1872  2424  395  394  352 
1873  2424  352  351  395 
1874  2424  395  244  347 
1875  2424  347  392  395 
1878  2424  396  394  395 
1879  2424  392  396  395 
1905  2424  354  397  295 
1906  2424  397  354  254 
1907  2424  357  397  254 
1917  2424  398  360  359 
1918  2424  399  398  359 
1921  2424  358  400  255 
1922  2424  359  255  400 
1923  2424  400  399  359 
1924  2424  361  401  400 
1925  2424  400  358  361 
1928  2424  402  399  400 
1929  2424  401  402  400 
1930  2424  403  357  356 
1931  2424  360  403  356 
1934  2424  404  362  302 
1935  2424  362  404  251 
1938  2424  405  401  361 
1939  2424  406  405  361 
1945  2424  251  407  230 
1946  2424  407  250  230 
1954  2424  251  408  407 
1955  2424  408  251  404 
1956  2424  404  409  408 
1957  2424  235  410  233 
1959  2424  410  257  259 
1960  2424  259  233  410 
1976  2424  411  295  397 
1977  2424  357  411  397 
1980  2424  412  409  404 
1981  2424  302  412  404 
1984  2424  407  413  250 
1985  2424  361  250  413 
1986  2424  413  406  361 
1987  2424  408  414  413 
1988  2424  413  407  408 
1991  2424  415  406  413 
1992  2424  414  415  413 
1995  2424  416  414  408 
1996  2424  409  416  408 
E_MESH_DATA
