SolidID  2745   14 
h 322   -763990  0.999939  0.96  0.921461  0.388471  0
h 323   -763990  0.999939  0.96  0.921461  0.388471  0
h 324   -763990  0.999939  0.96  0.921461  0.388471  0
h 325   -763990  0.999939  0.96  0.921461  0.388471  0
h 326   -763990  0.999939  0.96  0.921461  0.388471  0
h 327   -763990  0.999939  0.96  0.921461  0.388471  0
h 328   -763990  0.999939  0.96  0.921461  0.388471  0
h 329   -763990  0.999939  0.96  0.921461  0.388471  0
h 330   -763990  0.999939  0.96  0.921461  0.388471  0
h 331   -763990  0.999939  0.96  0.921461  0.388471  0
h 332   -763990  0.999939  0.96  0.921461  0.388471  0
h 333   -763990  0.999939  0.96  0.921461  0.388471  0
h 334   -763990  0.999939  0.96  0.921461  0.388471  0
h 335   -763990  0.999939  0.96  0.921461  0.388471  0
SolidID  2424   304 
h 337   -763990  0.999939  0.96  0.388471  0.921461  0
h 339   -763990  0.999939  0.96  0.388471  0.921461  0
h 340   -763990  0.999939  0.96  0.388471  0.921461  0
h 342   -763990  0.999939  0.96  0.388471  0.921461  0
h 343   -763990  0.999939  0.96  0.388471  0.921461  0
h 344   -763990  0.999939  0.96  0.388471  0.921461  0
h 345   -763990  0.999939  0.96  0.388471  0.921461  0
h 349   -763990  0.999939  0.96  0.388471  0.921461  0
h 656   -763990  0.999939  0.96  0.388471  0.921461  0
h 690   -763990  0.999939  0.96  0.388471  0.921461  0
h 693   -763990  0.999939  0.96  0.388471  0.921461  0
h 697   -763990  0.999939  0.96  0.388471  0.921461  0
h 699   -763990  0.999939  0.96  0.388471  0.921461  0
h 711   -763990  0.999939  0.96  0.388471  0.921461  0
h 726   -763990  0.999939  0.96  0.388471  0.921461  0
h 728   -763990  0.999939  0.96  0.388471  0.921461  0
h 741   -763990  0.999939  0.96  0.388471  0.921461  0
h 742   -763990  0.999939  0.96  0.388471  0.921461  0
h 743   -763990  0.999939  0.96  0.388471  0.921461  0
h 744   -763990  0.999939  0.96  0.388471  0.921461  0
h 745   -763990  0.999939  0.96  0.388471  0.921461  0
h 746   -763990  0.999939  0.96  0.388471  0.921461  0
h 747   -763990  0.999939  0.96  0.388471  0.921461  0
h 748   -763990  0.999939  0.96  0.388471  0.921461  0
h 749   -763990  0.999939  0.96  0.388471  0.921461  0
h 750   -763990  0.999939  0.96  0.388471  0.921461  0
h 751   -763990  0.999939  0.96  0.388471  0.921461  0
h 752   -763990  0.999939  0.96  0.388471  0.921461  0
h 753   -763990  0.999939  0.96  0.388471  0.921461  0
h 756   -763990  0.999939  0.96  0.388471  0.921461  0
h 760   -763990  0.999939  0.96  0.388471  0.921461  0
h 793   -763990  0.999939  0.96  0.388471  0.921461  0
h 794   -763990  0.999939  0.96  0.388471  0.921461  0
h 795   -763990  0.999939  0.96  0.388471  0.921461  0
h 796   -763990  0.999939  0.96  0.388471  0.921461  0
h 799   -763990  0.999939  0.96  0.388471  0.921461  0
h 803   -763990  0.999939  0.96  0.388471  0.921461  0
h 884   -763990  0.999939  0.96  0.388471  0.921461  0
h 887   -763990  0.999939  0.96  0.388471  0.921461  0
h 888   -763990  0.999939  0.96  0.388471  0.921461  0
h 889   -763990  0.999939  0.96  0.388471  0.921461  0
h 894   -763990  0.999939  0.96  0.388471  0.921461  0
h 895   -763990  0.999939  0.96  0.388471  0.921461  0
h 896   -763990  0.999939  0.96  0.388471  0.921461  0
h 898   -763990  0.999939  0.96  0.388471  0.921461  0
h 899   -763990  0.999939  0.96  0.388471  0.921461  0
h 900   -763990  0.999939  0.96  0.388471  0.921461  0
h 940   -763990  0.999939  0.96  0.388471  0.921461  0
h 956   -763990  0.999939  0.96  0.388471  0.921461  0
h 957   -763990  0.999939  0.96  0.388471  0.921461  0
h 958   -763990  0.999939  0.96  0.388471  0.921461  0
h 959   -763990  0.999939  0.96  0.388471  0.921461  0
h 960   -763990  0.999939  0.96  0.388471  0.921461  0
h 961   -763990  0.999939  0.96  0.388471  0.921461  0
h 962   -763990  0.999939  0.96  0.388471  0.921461  0
h 963   -763990  0.999939  0.96  0.388471  0.921461  0
h 970   -763990  0.999939  0.96  0.388471  0.921461  0
h 971   -763990  0.999939  0.96  0.388471  0.921461  0
h 997   -763990  0.999939  0.96  0.388471  0.921461  0
h 998   -763990  0.999939  0.96  0.388471  0.921461  0
h 999   -763990  0.999939  0.96  0.388471  0.921461  0
h 1000   -763990  0.999939  0.96  0.388471  0.921461  0
h 1001   -763990  0.999939  0.96  0.388471  0.921461  0
h 1002   -763990  0.999939  0.96  0.388471  0.921461  0
h 1003   -763990  0.999939  0.96  0.388471  0.921461  0
h 1004   -763990  0.999939  0.96  0.388471  0.921461  0
h 1005   -763990  0.999939  0.96  0.388471  0.921461  0
h 1006   -763990  0.999939  0.96  0.388471  0.921461  0
h 1007   -763990  0.999939  0.96  0.388471  0.921461  0
h 1008   -763990  0.999939  0.96  0.388471  0.921461  0
h 1009   -763990  0.999939  0.96  0.388471  0.921461  0
h 1011   -763990  0.999939  0.96  0.388471  0.921461  0
h 1012   -763990  0.999939  0.96  0.388471  0.921461  0
h 1026   -763990  0.999939  0.96  0.388471  0.921461  0
h 1027   -763990  0.999939  0.96  0.388471  0.921461  0
h 1043   -763990  0.999939  0.96  0.388471  0.921461  0
h 1044   -763990  0.999939  0.96  0.388471  0.921461  0
h 1048   -763990  0.999939  0.96  0.388471  0.921461  0
h 1049   -763990  0.999939  0.96  0.388471  0.921461  0
h 1050   -763990  0.999939  0.96  0.388471  0.921461  0
h 1061   -763990  0.999939  0.96  0.388471  0.921461  0
h 1062   -763990  0.999939  0.96  0.388471  0.921461  0
h 1063   -763990  0.999939  0.96  0.388471  0.921461  0
h 1064   -763990  0.999939  0.96  0.388471  0.921461  0
h 1065   -763990  0.999939  0.96  0.388471  0.921461  0
h 1078   -763990  0.999939  0.96  0.388471  0.921461  0
h 1079   -763990  0.999939  0.96  0.388471  0.921461  0
h 1086   -763990  0.999939  0.96  0.388471  0.921461  0
h 1087   -763990  0.999939  0.96  0.388471  0.921461  0
h 1093   -763990  0.999939  0.96  0.388471  0.921461  0
h 1094   -763990  0.999939  0.96  0.388471  0.921461  0
h 1095   -763990  0.999939  0.96  0.388471  0.921461  0
h 1096   -763990  0.999939  0.96  0.388471  0.921461  0
h 1097   -763990  0.999939  0.96  0.388471  0.921461  0
h 1098   -763990  0.999939  0.96  0.388471  0.921461  0
h 1101   -763990  0.999939  0.96  0.388471  0.921461  0
h 1102   -763990  0.999939  0.96  0.388471  0.921461  0
h 1149   -763990  0.999939  0.96  0.388471  0.921461  0
h 1150   -763990  0.999939  0.96  0.388471  0.921461  0
h 1192   -763990  0.999939  0.96  0.388471  0.921461  0
h 1193   -763990  0.999939  0.96  0.388471  0.921461  0
h 1200   -763990  0.999939  0.96  0.388471  0.921461  0
h 1201   -763990  0.999939  0.96  0.388471  0.921461  0
h 1204   -763990  0.999939  0.96  0.388471  0.921461  0
h 1205   -763990  0.999939  0.96  0.388471  0.921461  0
h 1206   -763990  0.999939  0.96  0.388471  0.921461  0
h 1207   -763990  0.999939  0.96  0.388471  0.921461  0
h 1208   -763990  0.999939  0.96  0.388471  0.921461  0
h 1213   -763990  0.999939  0.96  0.388471  0.921461  0
h 1214   -763990  0.999939  0.96  0.388471  0.921461  0
h 1218   -763990  0.999939  0.96  0.388471  0.921461  0
h 1219   -763990  0.999939  0.96  0.388471  0.921461  0
h 1225   -763990  0.999939  0.96  0.388471  0.921461  0
h 1226   -763990  0.999939  0.96  0.388471  0.921461  0
h 1227   -763990  0.999939  0.96  0.388471  0.921461  0
h 1238   -763990  0.999939  0.96  0.388471  0.921461  0
h 1239   -763990  0.999939  0.96  0.388471  0.921461  0
h 1256   -763990  0.999939  0.96  0.388471  0.921461  0
h 1257   -763990  0.999939  0.96  0.388471  0.921461  0
h 1260   -763990  0.999939  0.96  0.388471  0.921461  0
h 1261   -763990  0.999939  0.96  0.388471  0.921461  0
h 1262   -763990  0.999939  0.96  0.388471  0.921461  0
h 1263   -763990  0.999939  0.96  0.388471  0.921461  0
h 1268   -763990  0.999939  0.96  0.388471  0.921461  0
h 1269   -763990  0.999939  0.96  0.388471  0.921461  0
h 1270   -763990  0.999939  0.96  0.388471  0.921461  0
h 1278   -763990  0.999939  0.96  0.388471  0.921461  0
h 1279   -763990  0.999939  0.96  0.388471  0.921461  0
h 1282   -763990  0.999939  0.96  0.388471  0.921461  0
h 1283   -763990  0.999939  0.96  0.388471  0.921461  0
h 1284   -763990  0.999939  0.96  0.388471  0.921461  0
h 1285   -763990  0.999939  0.96  0.388471  0.921461  0
h 1289   -763990  0.999939  0.96  0.388471  0.921461  0
h 1290   -763990  0.999939  0.96  0.388471  0.921461  0
h 1298   -763990  0.999939  0.96  0.388471  0.921461  0
h 1299   -763990  0.999939  0.96  0.388471  0.921461  0
h 1300   -763990  0.999939  0.96  0.388471  0.921461  0
h 1301   -763990  0.999939  0.96  0.388471  0.921461  0
h 1302   -763990  0.999939  0.96  0.388471  0.921461  0
h 1306   -763990  0.999939  0.96  0.388471  0.921461  0
h 1307   -763990  0.999939  0.96  0.388471  0.921461  0
h 1308   -763990  0.999939  0.96  0.388471  0.921461  0
h 1321   -763990  0.999939  0.96  0.388471  0.921461  0
h 1322   -763990  0.999939  0.96  0.388471  0.921461  0
h 1323   -763990  0.999939  0.96  0.388471  0.921461  0
h 1324   -763990  0.999939  0.96  0.388471  0.921461  0
h 1325   -763990  0.999939  0.96  0.388471  0.921461  0
h 1326   -763990  0.999939  0.96  0.388471  0.921461  0
h 1327   -763990  0.999939  0.96  0.388471  0.921461  0
h 1354   -763990  0.999939  0.96  0.388471  0.921461  0
h 1355   -763990  0.999939  0.96  0.388471  0.921461  0
h 1406   -763990  0.999939  0.96  0.388471  0.921461  0
h 1407   -763990  0.999939  0.96  0.388471  0.921461  0
h 1408   -763990  0.999939  0.96  0.388471  0.921461  0
h 1409   -763990  0.999939  0.96  0.388471  0.921461  0
h 1410   -763990  0.999939  0.96  0.388471  0.921461  0
h 1415   -763990  0.999939  0.96  0.388471  0.921461  0
h 1416   -763990  0.999939  0.96  0.388471  0.921461  0
h 1417   -763990  0.999939  0.96  0.388471  0.921461  0
h 1454   -763990  0.999939  0.96  0.388471  0.921461  0
h 1455   -763990  0.999939  0.96  0.388471  0.921461  0
h 1456   -763990  0.999939  0.96  0.388471  0.921461  0
h 1479   -763990  0.999939  0.96  0.388471  0.921461  0
h 1480   -763990  0.999939  0.96  0.388471  0.921461  0
h 1481   -763990  0.999939  0.96  0.388471  0.921461  0
h 1482   -763990  0.999939  0.96  0.388471  0.921461  0
h 1483   -763990  0.999939  0.96  0.388471  0.921461  0
h 1521   -763990  0.999939  0.96  0.388471  0.921461  0
h 1522   -763990  0.999939  0.96  0.388471  0.921461  0
h 1523   -763990  0.999939  0.96  0.388471  0.921461  0
h 1526   -763990  0.999939  0.96  0.388471  0.921461  0
h 1527   -763990  0.999939  0.96  0.388471  0.921461  0
h 1528   -763990  0.999939  0.96  0.388471  0.921461  0
h 1529   -763990  0.999939  0.96  0.388471  0.921461  0
h 1530   -763990  0.999939  0.96  0.388471  0.921461  0
h 1531   -763990  0.999939  0.96  0.388471  0.921461  0
h 1539   -763990  0.999939  0.96  0.388471  0.921461  0
h 1540   -763990  0.999939  0.96  0.388471  0.921461  0
h 1546   -763990  0.999939  0.96  0.388471  0.921461  0
h 1547   -763990  0.999939  0.96  0.388471  0.921461  0
h 1548   -763990  0.999939  0.96  0.388471  0.921461  0
h 1549   -763990  0.999939  0.96  0.388471  0.921461  0
h 1550   -763990  0.999939  0.96  0.388471  0.921461  0
h 1583   -763990  0.999939  0.96  0.388471  0.921461  0
h 1584   -763990  0.999939  0.96  0.388471  0.921461  0
h 1585   -763990  0.999939  0.96  0.388471  0.921461  0
h 1589   -763990  0.999939  0.96  0.388471  0.921461  0
h 1590   -763990  0.999939  0.96  0.388471  0.921461  0
h 1591   -763990  0.999939  0.96  0.388471  0.921461  0
h 1592   -763990  0.999939  0.96  0.388471  0.921461  0
h 1593   -763990  0.999939  0.96  0.388471  0.921461  0
h 1594   -763990  0.999939  0.96  0.388471  0.921461  0
h 1595   -763990  0.999939  0.96  0.388471  0.921461  0
h 1596   -763990  0.999939  0.96  0.388471  0.921461  0
h 1597   -763990  0.999939  0.96  0.388471  0.921461  0
h 1605   -763990  0.999939  0.96  0.388471  0.921461  0
h 1606   -763990  0.999939  0.96  0.388471  0.921461  0
h 1607   -763990  0.999939  0.96  0.388471  0.921461  0
h 1608   -763990  0.999939  0.96  0.388471  0.921461  0
h 1609   -763990  0.999939  0.96  0.388471  0.921461  0
h 1630   -763990  0.999939  0.96  0.388471  0.921461  0
h 1631   -763990  0.999939  0.96  0.388471  0.921461  0
h 1638   -763990  0.999939  0.96  0.388471  0.921461  0
h 1639   -763990  0.999939  0.96  0.388471  0.921461  0
h 1642   -763990  0.999939  0.96  0.388471  0.921461  0
h 1643   -763990  0.999939  0.96  0.388471  0.921461  0
h 1647   -763990  0.999939  0.96  0.388471  0.921461  0
h 1648   -763990  0.999939  0.96  0.388471  0.921461  0
h 1651   -763990  0.999939  0.96  0.388471  0.921461  0
h 1652   -763990  0.999939  0.96  0.388471  0.921461  0
h 1659   -763990  0.999939  0.96  0.388471  0.921461  0
h 1660   -763990  0.999939  0.96  0.388471  0.921461  0
h 1667   -763990  0.999939  0.96  0.388471  0.921461  0
h 1668   -763990  0.999939  0.96  0.388471  0.921461  0
h 1716   -763990  0.999939  0.96  0.388471  0.921461  0
h 1717   -763990  0.999939  0.96  0.388471  0.921461  0
h 1718   -763990  0.999939  0.96  0.388471  0.921461  0
h 1721   -763990  0.999939  0.96  0.388471  0.921461  0
h 1722   -763990  0.999939  0.96  0.388471  0.921461  0
h 1723   -763990  0.999939  0.96  0.388471  0.921461  0
h 1724   -763990  0.999939  0.96  0.388471  0.921461  0
h 1725   -763990  0.999939  0.96  0.388471  0.921461  0
h 1726   -763990  0.999939  0.96  0.388471  0.921461  0
h 1727   -763990  0.999939  0.96  0.388471  0.921461  0
h 1730   -763990  0.999939  0.96  0.388471  0.921461  0
h 1731   -763990  0.999939  0.96  0.388471  0.921461  0
h 1762   -763990  0.999939  0.96  0.388471  0.921461  0
h 1763   -763990  0.999939  0.96  0.388471  0.921461  0
h 1767   -763990  0.999939  0.96  0.388471  0.921461  0
h 1768   -763990  0.999939  0.96  0.388471  0.921461  0
h 1769   -763990  0.999939  0.96  0.388471  0.921461  0
h 1770   -763990  0.999939  0.96  0.388471  0.921461  0
h 1771   -763990  0.999939  0.96  0.388471  0.921461  0
h 1783   -763990  0.999939  0.96  0.388471  0.921461  0
h 1784   -763990  0.999939  0.96  0.388471  0.921461  0
h 1789   -763990  0.999939  0.96  0.388471  0.921461  0
h 1790   -763990  0.999939  0.96  0.388471  0.921461  0
h 1798   -763990  0.999939  0.96  0.388471  0.921461  0
h 1799   -763990  0.999939  0.96  0.388471  0.921461  0
h 1827   -763990  0.999939  0.96  0.388471  0.921461  0
h 1828   -763990  0.999939  0.96  0.388471  0.921461  0
h 1833   -763990  0.999939  0.96  0.388471  0.921461  0
h 1834   -763990  0.999939  0.96  0.388471  0.921461  0
h 1835   -763990  0.999939  0.96  0.388471  0.921461  0
h 1836   -763990  0.999939  0.96  0.388471  0.921461  0
h 1839   -763990  0.999939  0.96  0.388471  0.921461  0
h 1840   -763990  0.999939  0.96  0.388471  0.921461  0
h 1841   -763990  0.999939  0.96  0.388471  0.921461  0
h 1842   -763990  0.999939  0.96  0.388471  0.921461  0
h 1843   -763990  0.999939  0.96  0.388471  0.921461  0
h 1846   -763990  0.999939  0.96  0.388471  0.921461  0
h 1847   -763990  0.999939  0.96  0.388471  0.921461  0
h 1848   -763990  0.999939  0.96  0.388471  0.921461  0
h 1849   -763990  0.999939  0.96  0.388471  0.921461  0
h 1856   -763990  0.999939  0.96  0.388471  0.921461  0
h 1857   -763990  0.999939  0.96  0.388471  0.921461  0
h 1865   -763990  0.999939  0.96  0.388471  0.921461  0
h 1866   -763990  0.999939  0.96  0.388471  0.921461  0
h 1869   -763990  0.999939  0.96  0.388471  0.921461  0
h 1870   -763990  0.999939  0.96  0.388471  0.921461  0
h 1871   -763990  0.999939  0.96  0.388471  0.921461  0
h 1872   -763990  0.999939  0.96  0.388471  0.921461  0
h 1873   -763990  0.999939  0.96  0.388471  0.921461  0
h 1876   -763990  0.999939  0.96  0.388471  0.921461  0
h 1877   -763990  0.999939  0.96  0.388471  0.921461  0
h 1903   -763990  0.999939  0.96  0.388471  0.921461  0
h 1904   -763990  0.999939  0.96  0.388471  0.921461  0
h 1905   -763990  0.999939  0.96  0.388471  0.921461  0
h 1915   -763990  0.999939  0.96  0.388471  0.921461  0
h 1916   -763990  0.999939  0.96  0.388471  0.921461  0
h 1919   -763990  0.999939  0.96  0.388471  0.921461  0
h 1920   -763990  0.999939  0.96  0.388471  0.921461  0
h 1921   -763990  0.999939  0.96  0.388471  0.921461  0
h 1922   -763990  0.999939  0.96  0.388471  0.921461  0
h 1923   -763990  0.999939  0.96  0.388471  0.921461  0
h 1926   -763990  0.999939  0.96  0.388471  0.921461  0
h 1927   -763990  0.999939  0.96  0.388471  0.921461  0
h 1928   -763990  0.999939  0.96  0.388471  0.921461  0
h 1929   -763990  0.999939  0.96  0.388471  0.921461  0
h 1932   -763990  0.999939  0.96  0.388471  0.921461  0
h 1933   -763990  0.999939  0.96  0.388471  0.921461  0
h 1936   -763990  0.999939  0.96  0.388471  0.921461  0
h 1937   -763990  0.999939  0.96  0.388471  0.921461  0
h 1943   -763990  0.999939  0.96  0.388471  0.921461  0
h 1944   -763990  0.999939  0.96  0.388471  0.921461  0
h 1952   -763990  0.999939  0.96  0.388471  0.921461  0
h 1953   -763990  0.999939  0.96  0.388471  0.921461  0
h 1954   -763990  0.999939  0.96  0.388471  0.921461  0
h 1955   -763990  0.999939  0.96  0.388471  0.921461  0
h 1957   -763990  0.999939  0.96  0.388471  0.921461  0
h 1958   -763990  0.999939  0.96  0.388471  0.921461  0
h 1974   -763990  0.999939  0.96  0.388471  0.921461  0
h 1975   -763990  0.999939  0.96  0.388471  0.921461  0
h 1978   -763990  0.999939  0.96  0.388471  0.921461  0
h 1979   -763990  0.999939  0.96  0.388471  0.921461  0
h 1982   -763990  0.999939  0.96  0.388471  0.921461  0
h 1983   -763990  0.999939  0.96  0.388471  0.921461  0
h 1984   -763990  0.999939  0.96  0.388471  0.921461  0
h 1985   -763990  0.999939  0.96  0.388471  0.921461  0
h 1986   -763990  0.999939  0.96  0.388471  0.921461  0
h 1989   -763990  0.999939  0.96  0.388471  0.921461  0
h 1990   -763990  0.999939  0.96  0.388471  0.921461  0
h 1993   -763990  0.999939  0.96  0.388471  0.921461  0
h 1994   -763990  0.999939  0.96  0.388471  0.921461  0
SolidID  2373   318 
h 320   -763990  0.999939  0.96  0.921461  0.388471  0
h 321   -763990  0.999939  0.96  0.921461  0.388471  0
h 336   -763990  0.999939  0.96  0.921461  0.388471  0
h 341   -763990  0.999939  0.96  0.921461  0.388471  0
h 348   -763990  0.999939  0.96  0.921461  0.388471  0
h 350   -763990  0.999939  0.96  0.921461  0.388471  0
h 351   -763990  0.999939  0.96  0.921461  0.388471  0
h 651   -763990  0.999939  0.96  0.921461  0.388471  0
h 652   -763990  0.999939  0.96  0.921461  0.388471  0
h 653   -763990  0.999939  0.96  0.921461  0.388471  0
h 654   -763990  0.999939  0.96  0.921461  0.388471  0
h 658   -763990  0.999939  0.96  0.921461  0.388471  0
h 695   -763990  0.999939  0.96  0.921461  0.388471  0
h 696   -763990  0.999939  0.96  0.921461  0.388471  0
h 700   -763990  0.999939  0.96  0.921461  0.388471  0
h 701   -763990  0.999939  0.96  0.921461  0.388471  0
h 702   -763990  0.999939  0.96  0.921461  0.388471  0
h 703   -763990  0.999939  0.96  0.921461  0.388471  0
h 704   -763990  0.999939  0.96  0.921461  0.388471  0
h 718   -763990  0.999939  0.96  0.921461  0.388471  0
h 719   -763990  0.999939  0.96  0.921461  0.388471  0
h 732   -763990  0.999939  0.96  0.921461  0.388471  0
h 733   -763990  0.999939  0.96  0.921461  0.388471  0
h 734   -763990  0.999939  0.96  0.921461  0.388471  0
h 735   -763990  0.999939  0.96  0.921461  0.388471  0
h 736   -763990  0.999939  0.96  0.921461  0.388471  0
h 737   -763990  0.999939  0.96  0.921461  0.388471  0
h 738   -763990  0.999939  0.96  0.921461  0.388471  0
h 761   -763990  0.999939  0.96  0.921461  0.388471  0
h 762   -763990  0.999939  0.96  0.921461  0.388471  0
h 763   -763990  0.999939  0.96  0.921461  0.388471  0
h 764   -763990  0.999939  0.96  0.921461  0.388471  0
h 765   -763990  0.999939  0.96  0.921461  0.388471  0
h 766   -763990  0.999939  0.96  0.921461  0.388471  0
h 767   -763990  0.999939  0.96  0.921461  0.388471  0
h 772   -763990  0.999939  0.96  0.921461  0.388471  0
h 773   -763990  0.999939  0.96  0.921461  0.388471  0
h 774   -763990  0.999939  0.96  0.921461  0.388471  0
h 775   -763990  0.999939  0.96  0.921461  0.388471  0
h 797   -763990  0.999939  0.96  0.921461  0.388471  0
h 801   -763990  0.999939  0.96  0.921461  0.388471  0
h 802   -763990  0.999939  0.96  0.921461  0.388471  0
h 823   -763990  0.999939  0.96  0.921461  0.388471  0
h 824   -763990  0.999939  0.96  0.921461  0.388471  0
h 825   -763990  0.999939  0.96  0.921461  0.388471  0
h 841   -763990  0.999939  0.96  0.921461  0.388471  0
h 842   -763990  0.999939  0.96  0.921461  0.388471  0
h 843   -763990  0.999939  0.96  0.921461  0.388471  0
h 844   -763990  0.999939  0.96  0.921461  0.388471  0
h 845   -763990  0.999939  0.96  0.921461  0.388471  0
h 846   -763990  0.999939  0.96  0.921461  0.388471  0
h 847   -763990  0.999939  0.96  0.921461  0.388471  0
h 848   -763990  0.999939  0.96  0.921461  0.388471  0
h 859   -763990  0.999939  0.96  0.921461  0.388471  0
h 861   -763990  0.999939  0.96  0.921461  0.388471  0
h 862   -763990  0.999939  0.96  0.921461  0.388471  0
h 863   -763990  0.999939  0.96  0.921461  0.388471  0
h 864   -763990  0.999939  0.96  0.921461  0.388471  0
h 865   -763990  0.999939  0.96  0.921461  0.388471  0
h 867   -763990  0.999939  0.96  0.921461  0.388471  0
h 868   -763990  0.999939  0.96  0.921461  0.388471  0
h 869   -763990  0.999939  0.96  0.921461  0.388471  0
h 870   -763990  0.999939  0.96  0.921461  0.388471  0
h 880   -763990  0.999939  0.96  0.921461  0.388471  0
h 881   -763990  0.999939  0.96  0.921461  0.388471  0
h 901   -763990  0.999939  0.96  0.921461  0.388471  0
h 902   -763990  0.999939  0.96  0.921461  0.388471  0
h 903   -763990  0.999939  0.96  0.921461  0.388471  0
h 904   -763990  0.999939  0.96  0.921461  0.388471  0
h 905   -763990  0.999939  0.96  0.921461  0.388471  0
h 906   -763990  0.999939  0.96  0.921461  0.388471  0
h 907   -763990  0.999939  0.96  0.921461  0.388471  0
h 908   -763990  0.999939  0.96  0.921461  0.388471  0
h 909   -763990  0.999939  0.96  0.921461  0.388471  0
h 910   -763990  0.999939  0.96  0.921461  0.388471  0
h 911   -763990  0.999939  0.96  0.921461  0.388471  0
h 968   -763990  0.999939  0.96  0.921461  0.388471  0
h 969   -763990  0.999939  0.96  0.921461  0.388471  0
h 996   -763990  0.999939  0.96  0.921461  0.388471  0
h 1045   -763990  0.999939  0.96  0.921461  0.388471  0
h 1046   -763990  0.999939  0.96  0.921461  0.388471  0
h 1047   -763990  0.999939  0.96  0.921461  0.388471  0
h 1058   -763990  0.999939  0.96  0.921461  0.388471  0
h 1059   -763990  0.999939  0.96  0.921461  0.388471  0
h 1060   -763990  0.999939  0.96  0.921461  0.388471  0
h 1082   -763990  0.999939  0.96  0.921461  0.388471  0
h 1083   -763990  0.999939  0.96  0.921461  0.388471  0
h 1090   -763990  0.999939  0.96  0.921461  0.388471  0
h 1091   -763990  0.999939  0.96  0.921461  0.388471  0
h 1092   -763990  0.999939  0.96  0.921461  0.388471  0
h 1104   -763990  0.999939  0.96  0.921461  0.388471  0
h 1105   -763990  0.999939  0.96  0.921461  0.388471  0
h 1113   -763990  0.999939  0.96  0.921461  0.388471  0
h 1116   -763990  0.999939  0.96  0.921461  0.388471  0
h 1117   -763990  0.999939  0.96  0.921461  0.388471  0
h 1120   -763990  0.999939  0.96  0.921461  0.388471  0
h 1121   -763990  0.999939  0.96  0.921461  0.388471  0
h 1122   -763990  0.999939  0.96  0.921461  0.388471  0
h 1131   -763990  0.999939  0.96  0.921461  0.388471  0
h 1132   -763990  0.999939  0.96  0.921461  0.388471  0
h 1135   -763990  0.999939  0.96  0.921461  0.388471  0
h 1136   -763990  0.999939  0.96  0.921461  0.388471  0
h 1137   -763990  0.999939  0.96  0.921461  0.388471  0
h 1138   -763990  0.999939  0.96  0.921461  0.388471  0
h 1139   -763990  0.999939  0.96  0.921461  0.388471  0
h 1140   -763990  0.999939  0.96  0.921461  0.388471  0
h 1141   -763990  0.999939  0.96  0.921461  0.388471  0
h 1153   -763990  0.999939  0.96  0.921461  0.388471  0
h 1154   -763990  0.999939  0.96  0.921461  0.388471  0
h 1155   -763990  0.999939  0.96  0.921461  0.388471  0
h 1156   -763990  0.999939  0.96  0.921461  0.388471  0
h 1160   -763990  0.999939  0.96  0.921461  0.388471  0
h 1161   -763990  0.999939  0.96  0.921461  0.388471  0
h 1164   -763990  0.999939  0.96  0.921461  0.388471  0
h 1165   -763990  0.999939  0.96  0.921461  0.388471  0
h 1166   -763990  0.999939  0.96  0.921461  0.388471  0
h 1170   -763990  0.999939  0.96  0.921461  0.388471  0
h 1175   -763990  0.999939  0.96  0.921461  0.388471  0
h 1176   -763990  0.999939  0.96  0.921461  0.388471  0
h 1222   -763990  0.999939  0.96  0.921461  0.388471  0
h 1223   -763990  0.999939  0.96  0.921461  0.388471  0
h 1224   -763990  0.999939  0.96  0.921461  0.388471  0
h 1234   -763990  0.999939  0.96  0.921461  0.388471  0
h 1235   -763990  0.999939  0.96  0.921461  0.388471  0
h 1240   -763990  0.999939  0.96  0.921461  0.388471  0
h 1241   -763990  0.999939  0.96  0.921461  0.388471  0
h 1242   -763990  0.999939  0.96  0.921461  0.388471  0
h 1244   -763990  0.999939  0.96  0.921461  0.388471  0
h 1245   -763990  0.999939  0.96  0.921461  0.388471  0
h 1252   -763990  0.999939  0.96  0.921461  0.388471  0
h 1253   -763990  0.999939  0.96  0.921461  0.388471  0
h 1305   -763990  0.999939  0.96  0.921461  0.388471  0
h 1313   -763990  0.999939  0.96  0.921461  0.388471  0
h 1314   -763990  0.999939  0.96  0.921461  0.388471  0
h 1315   -763990  0.999939  0.96  0.921461  0.388471  0
h 1316   -763990  0.999939  0.96  0.921461  0.388471  0
h 1317   -763990  0.999939  0.96  0.921461  0.388471  0
h 1318   -763990  0.999939  0.96  0.921461  0.388471  0
h 1319   -763990  0.999939  0.96  0.921461  0.388471  0
h 1320   -763990  0.999939  0.96  0.921461  0.388471  0
h 1332   -763990  0.999939  0.96  0.921461  0.388471  0
h 1333   -763990  0.999939  0.96  0.921461  0.388471  0
h 1345   -763990  0.999939  0.96  0.921461  0.388471  0
h 1346   -763990  0.999939  0.96  0.921461  0.388471  0
h 1370   -763990  0.999939  0.96  0.921461  0.388471  0
h 1371   -763990  0.999939  0.96  0.921461  0.388471  0
h 1372   -763990  0.999939  0.96  0.921461  0.388471  0
h 1373   -763990  0.999939  0.96  0.921461  0.388471  0
h 1374   -763990  0.999939  0.96  0.921461  0.388471  0
h 1375   -763990  0.999939  0.96  0.921461  0.388471  0
h 1376   -763990  0.999939  0.96  0.921461  0.388471  0
h 1377   -763990  0.999939  0.96  0.921461  0.388471  0
h 1378   -763990  0.999939  0.96  0.921461  0.388471  0
h 1379   -763990  0.999939  0.96  0.921461  0.388471  0
h 1381   -763990  0.999939  0.96  0.921461  0.388471  0
h 1384   -763990  0.999939  0.96  0.921461  0.388471  0
h 1385   -763990  0.999939  0.96  0.921461  0.388471  0
h 1386   -763990  0.999939  0.96  0.921461  0.388471  0
h 1387   -763990  0.999939  0.96  0.921461  0.388471  0
h 1388   -763990  0.999939  0.96  0.921461  0.388471  0
h 1389   -763990  0.999939  0.96  0.921461  0.388471  0
h 1398   -763990  0.999939  0.96  0.921461  0.388471  0
h 1399   -763990  0.999939  0.96  0.921461  0.388471  0
h 1400   -763990  0.999939  0.96  0.921461  0.388471  0
h 1401   -763990  0.999939  0.96  0.921461  0.388471  0
h 1421   -763990  0.999939  0.96  0.921461  0.388471  0
h 1422   -763990  0.999939  0.96  0.921461  0.388471  0
h 1423   -763990  0.999939  0.96  0.921461  0.388471  0
h 1424   -763990  0.999939  0.96  0.921461  0.388471  0
h 1425   -763990  0.999939  0.96  0.921461  0.388471  0
h 1426   -763990  0.999939  0.96  0.921461  0.388471  0
h 1427   -763990  0.999939  0.96  0.921461  0.388471  0
h 1428   -763990  0.999939  0.96  0.921461  0.388471  0
h 1429   -763990  0.999939  0.96  0.921461  0.388471  0
h 1430   -763990  0.999939  0.96  0.921461  0.388471  0
h 1431   -763990  0.999939  0.96  0.921461  0.388471  0
h 1432   -763990  0.999939  0.96  0.921461  0.388471  0
h 1442   -763990  0.999939  0.96  0.921461  0.388471  0
h 1443   -763990  0.999939  0.96  0.921461  0.388471  0
h 1446   -763990  0.999939  0.96  0.921461  0.388471  0
h 1447   -763990  0.999939  0.96  0.921461  0.388471  0
h 1448   -763990  0.999939  0.96  0.921461  0.388471  0
h 1452   -763990  0.999939  0.96  0.921461  0.388471  0
h 1453   -763990  0.999939  0.96  0.921461  0.388471  0
h 1465   -763990  0.999939  0.96  0.921461  0.388471  0
h 1466   -763990  0.999939  0.96  0.921461  0.388471  0
h 1467   -763990  0.999939  0.96  0.921461  0.388471  0
h 1476   -763990  0.999939  0.96  0.921461  0.388471  0
h 1477   -763990  0.999939  0.96  0.921461  0.388471  0
h 1478   -763990  0.999939  0.96  0.921461  0.388471  0
h 1554   -763990  0.999939  0.96  0.921461  0.388471  0
h 1555   -763990  0.999939  0.96  0.921461  0.388471  0
h 1556   -763990  0.999939  0.96  0.921461  0.388471  0
h 1557   -763990  0.999939  0.96  0.921461  0.388471  0
h 1558   -763990  0.999939  0.96  0.921461  0.388471  0
h 1559   -763990  0.999939  0.96  0.921461  0.388471  0
h 1560   -763990  0.999939  0.96  0.921461  0.388471  0
h 1561   -763990  0.999939  0.96  0.921461  0.388471  0
h 1562   -763990  0.999939  0.96  0.921461  0.388471  0
h 1563   -763990  0.999939  0.96  0.921461  0.388471  0
h 1564   -763990  0.999939  0.96  0.921461  0.388471  0
h 1565   -763990  0.999939  0.96  0.921461  0.388471  0
h 1566   -763990  0.999939  0.96  0.921461  0.388471  0
h 1567   -763990  0.999939  0.96  0.921461  0.388471  0
h 1568   -763990  0.999939  0.96  0.921461  0.388471  0
h 1577   -763990  0.999939  0.96  0.921461  0.388471  0
h 1578   -763990  0.999939  0.96  0.921461  0.388471  0
h 1610   -763990  0.999939  0.96  0.921461  0.388471  0
h 1613   -763990  0.999939  0.96  0.921461  0.388471  0
h 1614   -763990  0.999939  0.96  0.921461  0.388471  0
h 1618   -763990  0.999939  0.96  0.921461  0.388471  0
h 1619   -763990  0.999939  0.96  0.921461  0.388471  0
h 1622   -763990  0.999939  0.96  0.921461  0.388471  0
h 1623   -763990  0.999939  0.96  0.921461  0.388471  0
h 1626   -763990  0.999939  0.96  0.921461  0.388471  0
h 1627   -763990  0.999939  0.96  0.921461  0.388471  0
h 1655   -763990  0.999939  0.96  0.921461  0.388471  0
h 1656   -763990  0.999939  0.96  0.921461  0.388471  0
h 1663   -763990  0.999939  0.96  0.921461  0.388471  0
h 1664   -763990  0.999939  0.96  0.921461  0.388471  0
h 1671   -763990  0.999939  0.96  0.921461  0.388471  0
h 1672   -763990  0.999939  0.96  0.921461  0.388471  0
h 1675   -763990  0.999939  0.96  0.921461  0.388471  0
h 1676   -763990  0.999939  0.96  0.921461  0.388471  0
h 1679   -763990  0.999939  0.96  0.921461  0.388471  0
h 1680   -763990  0.999939  0.96  0.921461  0.388471  0
h 1681   -763990  0.999939  0.96  0.921461  0.388471  0
h 1682   -763990  0.999939  0.96  0.921461  0.388471  0
h 1687   -763990  0.999939  0.96  0.921461  0.388471  0
h 1688   -763990  0.999939  0.96  0.921461  0.388471  0
h 1695   -763990  0.999939  0.96  0.921461  0.388471  0
h 1696   -763990  0.999939  0.96  0.921461  0.388471  0
h 1703   -763990  0.999939  0.96  0.921461  0.388471  0
h 1704   -763990  0.999939  0.96  0.921461  0.388471  0
h 1707   -763990  0.999939  0.96  0.921461  0.388471  0
h 1708   -763990  0.999939  0.96  0.921461  0.388471  0
h 1709   -763990  0.999939  0.96  0.921461  0.388471  0
h 1710   -763990  0.999939  0.96  0.921461  0.388471  0
h 1711   -763990  0.999939  0.96  0.921461  0.388471  0
h 1714   -763990  0.999939  0.96  0.921461  0.388471  0
h 1715   -763990  0.999939  0.96  0.921461  0.388471  0
h 1732   -763990  0.999939  0.96  0.921461  0.388471  0
h 1733   -763990  0.999939  0.96  0.921461  0.388471  0
h 1736   -763990  0.999939  0.96  0.921461  0.388471  0
h 1737   -763990  0.999939  0.96  0.921461  0.388471  0
h 1740   -763990  0.999939  0.96  0.921461  0.388471  0
h 1741   -763990  0.999939  0.96  0.921461  0.388471  0
h 1742   -763990  0.999939  0.96  0.921461  0.388471  0
h 1743   -763990  0.999939  0.96  0.921461  0.388471  0
h 1744   -763990  0.999939  0.96  0.921461  0.388471  0
h 1750   -763990  0.999939  0.96  0.921461  0.388471  0
h 1751   -763990  0.999939  0.96  0.921461  0.388471  0
h 1754   -763990  0.999939  0.96  0.921461  0.388471  0
h 1755   -763990  0.999939  0.96  0.921461  0.388471  0
h 1756   -763990  0.999939  0.96  0.921461  0.388471  0
h 1757   -763990  0.999939  0.96  0.921461  0.388471  0
h 1758   -763990  0.999939  0.96  0.921461  0.388471  0
h 1759   -763990  0.999939  0.96  0.921461  0.388471  0
h 1760   -763990  0.999939  0.96  0.921461  0.388471  0
h 1761   -763990  0.999939  0.96  0.921461  0.388471  0
h 1773   -763990  0.999939  0.96  0.921461  0.388471  0
h 1774   -763990  0.999939  0.96  0.921461  0.388471  0
h 1779   -763990  0.999939  0.96  0.921461  0.388471  0
h 1780   -763990  0.999939  0.96  0.921461  0.388471  0
h 1785   -763990  0.999939  0.96  0.921461  0.388471  0
h 1786   -763990  0.999939  0.96  0.921461  0.388471  0
h 1793   -763990  0.999939  0.96  0.921461  0.388471  0
h 1794   -763990  0.999939  0.96  0.921461  0.388471  0
h 1878   -763990  0.999939  0.96  0.921461  0.388471  0
h 1879   -763990  0.999939  0.96  0.921461  0.388471  0
h 1882   -763990  0.999939  0.96  0.921461  0.388471  0
h 1883   -763990  0.999939  0.96  0.921461  0.388471  0
h 1886   -763990  0.999939  0.96  0.921461  0.388471  0
h 1887   -763990  0.999939  0.96  0.921461  0.388471  0
h 1888   -763990  0.999939  0.96  0.921461  0.388471  0
h 1889   -763990  0.999939  0.96  0.921461  0.388471  0
h 1890   -763990  0.999939  0.96  0.921461  0.388471  0
h 1891   -763990  0.999939  0.96  0.921461  0.388471  0
h 1892   -763990  0.999939  0.96  0.921461  0.388471  0
h 1893   -763990  0.999939  0.96  0.921461  0.388471  0
h 1894   -763990  0.999939  0.96  0.921461  0.388471  0
h 1896   -763990  0.999939  0.96  0.921461  0.388471  0
h 1897   -763990  0.999939  0.96  0.921461  0.388471  0
h 1966   -763990  0.999939  0.96  0.921461  0.388471  0
h 1967   -763990  0.999939  0.96  0.921461  0.388471  0
h 1970   -763990  0.999939  0.96  0.921461  0.388471  0
h 1971   -763990  0.999939  0.96  0.921461  0.388471  0
h 2001   -763990  0.999939  0.96  0.921461  0.388471  0
h 2002   -763990  0.999939  0.96  0.921461  0.388471  0
h 2008   -763990  0.999939  0.96  0.921461  0.388471  0
h 2009   -763990  0.999939  0.96  0.921461  0.388471  0
h 2010   -763990  0.999939  0.96  0.921461  0.388471  0
h 2011   -763990  0.999939  0.96  0.921461  0.388471  0
h 2012   -763990  0.999939  0.96  0.921461  0.388471  0
h 2013   -763990  0.999939  0.96  0.921461  0.388471  0
h 2014   -763990  0.999939  0.96  0.921461  0.388471  0
h 2015   -763990  0.999939  0.96  0.921461  0.388471  0
h 2019   -763990  0.999939  0.96  0.921461  0.388471  0
h 2020   -763990  0.999939  0.96  0.921461  0.388471  0
h 2021   -763990  0.999939  0.96  0.921461  0.388471  0
h 2022   -763990  0.999939  0.96  0.921461  0.388471  0
h 2023   -763990  0.999939  0.96  0.921461  0.388471  0
h 2024   -763990  0.999939  0.96  0.921461  0.388471  0
h 2047   -763990  0.999939  0.96  0.921461  0.388471  0
h 2048   -763990  0.999939  0.96  0.921461  0.388471  0
h 2049   -763990  0.999939  0.96  0.921461  0.388471  0
h 2052   -763990  0.999939  0.96  0.921461  0.388471  0
h 2053   -763990  0.999939  0.96  0.921461  0.388471  0
h 2058   -763990  0.999939  0.96  0.921461  0.388471  0
h 2059   -763990  0.999939  0.96  0.921461  0.388471  0
h 2062   -763990  0.999939  0.96  0.921461  0.388471  0
h 2063   -763990  0.999939  0.96  0.921461  0.388471  0
h 2064   -763990  0.999939  0.96  0.921461  0.388471  0
h 2065   -763990  0.999939  0.96  0.921461  0.388471  0
h 2067   -763990  0.999939  0.96  0.921461  0.388471  0
h 2068   -763990  0.999939  0.96  0.921461  0.388471  0
h 2071   -763990  0.999939  0.96  0.921461  0.388471  0
h 2072   -763990  0.999939  0.96  0.921461  0.388471  0
E_DATA
B_MESH_DATA
Dim 2 
NumPts 416 
NumElems 636 
1   0.00734561   0.0237364    0
2   0.00736845   0.0236216    0
3   0.00679129   0.0235068    0
4   0.00728058   0.0238337    0
5   0.00685632   0.0234094    0
6   0.00718325   0.0238987    0
7   0.00706845   0.0239216    0
8   0.00695364   0.0233444    0
9   0.00706845   0.0233216    0
10   0.00695364   0.0238987    0
11   0.00685632   0.0238337    0
12   0.00718325   0.0233444    0
13   0.00679129   0.0237364    0
14   0.00728058   0.0234094    0
15   0.00676845   0.0236216    0
16   0.00734561   0.0235068    0
17   0.00762088   0.0217792    0
18   0.0123354   0.0149897    0
19   0.0114139   0.0146012    0
20   0.0115888   0.0159506    0
21   0.00635328   0.0254679    0
22   0.00939184   0.0213282    0
23   0.00859557   0.0199992    0
24   0.00459291   0.0281897    0
25   0.0035477   0.0293651    0
26   0.005173   0.0293375    0
27   0.00710703   0.0203123    0
28   0.00563812   0.0270143    0
29   0.00711162   0.0267369    0
30   0.00793285   0.0251466    0
31   0.00421266   0.0271778    0
32   0.00624844   0.0220829    0
33   0.00364447   0.0330304    0
34   0.00492206   0.0325741    0
35   0.00370489   0.0316    0
36   0.00663116   0.0278766    0
37   0.0063986   0.0290382    0
38   0.00876686   0.023082    0
39   0.00582223   0.0230041    0
40   0.00464507   0.0261521    0
41   0.00525417   0.0245618    0
42   0.00877324   0.0187832    0
43   0.0101078   0.01963    0
44   0.0089509   0.0175671    0
45   0.00765594   0.0182157    0
46   0.00967686   0.0182486    0
47   0.0103441   0.018672    0
48   0.0105805   0.0177141    0
49   0.0111002   0.0184874    0
50   0.00969034   0.0166078    0
51   0.00831974   0.0166411    0
52   0.0110846   0.0168323    0
53   0.0119424   0.0166468    0
54   0.00160139   0.0314411    0
55   0.00180155   0.0322535    0
56   0.00255306   0.0311144    0
57   0.00140124   0.0306288    0
58   0.00272301   0.0326419    0
59   0.0100914   0.0154102    0
60   0.0104924   0.0142127    0
61   0.0088002   0.0155015    0
62   0.00918559   0.0146629    0
63   0.00816904   0.0145755    0
64   0.00957097   0.0138242    0
65   0.00792881   0.0151453    0
66   0.00834986   0.0241143    0
67   0.00752224   0.0259417    0
68   0.00825899   0.025803    0
69   0.00906558   0.0253198    0
70   0.0125678   0.0157255    0
71   0.0132568   0.0153781    0
72   0.00461701   0.0300464    0
73   0.00362629   0.0304825    0
74   0.00277434   0.0299376    0
75   0.00393235   0.0262338    0
76   0.00347385   0.0282783    0
77   0.00349994   0.0272595    0
78   0.00321962   0.0263156    0
79   0.00974981   0.0204791    0
80   0.0108639   0.0194454    0
81   0.00738148   0.019264    0
82   0.00667774   0.0211976    0
83   0.00636276   0.0204689    0
84   0.00114066   0.0312469    0
85   0.000880084   0.031865    0
86   0.00208779   0.0302832    0
87   0.00192239   0.0293926    0
88   0.00166182   0.0300107    0
89   0.00840928   0.0140056    0
90   0.00870772   0.024717    0
91   0.00930581   0.02475    0
92   0.00954604   0.0241802    0
93   0.00736791   0.0277378    0
94   0.00882535   0.0258896    0
95   0.00858512   0.0264595    0
96   0.00784837   0.0265982    0
97   0.00810467   0.0275991    0
98   0.0130285   0.0159197    0
99   0.0128002   0.0164613    0
100   0.00256457   0.0291523    0
101   0.0023548   0.0283669    0
102   0.00300341   0.0268284    0
103   0.00278721   0.0273413    0
104   0.00313053   0.0278098    0
105   0.00343582   0.0258027    0
106   0.00257101   0.0278541    0
107   0.0104874   0.0203383    0
108   0.0112251   0.0201975    0
109   0.0114225   0.0197291    0
110   0.01162   0.0192607    0
111   0.00899012   0.0139149    0
112   0.00864951   0.0134358    0
113   0.00911024   0.01363    0
114   0.00134081   0.0320592    0
115   0.00556222   0.0222348    0
116   0.00596249   0.0213518    0
117   0.00524725   0.021506    0
118   0.00561849   0.0206254    0
119   0.00668561   0.0195044    0
120   0.00598973   0.0197448    0
121   0.00617535   0.0193045    0
122   0.00636098   0.0188642    0
123   0.00580411   0.0201851    0
124   0.00712769   0.0283077    0
125   0.00701141   0.0288885    0
126   0.00762421   0.0287388    0
127   0.00469561   0.0311638    0
128   0.00568633   0.0307277    0
129   0.00544764   0.0316408    0
130   0.00456593   0.0334189    0
131   0.00548739   0.0338074    0
132   0.00520473   0.0331907    0
133   0.00556086   0.032346    0
134   0.00619966   0.0321178    0
135   0.00584353   0.0329626    0
136   0.00604247   0.0298829    0
137   0.00629913   0.030578    0
138   0.00703718   0.0186705    0
139   0.00924527   0.0160546    0
140   0.00855997   0.0160713    0
141   0.00768858   0.0157151    0
142   0.00800416   0.0161781    0
143   0.00798784   0.0174284    0
144   0.00734036   0.0177527    0
145   0.00669288   0.0180769    0
146   0.00907935   0.0222051    0
147   0.00915645   0.0236311    0
148   0.010111   0.0212312    0
149   0.0108302   0.0211342    0
150   0.00605524   0.0241977    0
151   0.0055382   0.0237829    0
152   0.00519612   0.0230583    0
153   0.00487601   0.0223866    0
154   0.00430155   0.0253581    0
155   0.00365203   0.0252899    0
156   0.0046061   0.0245629    0
157   0.00395802   0.0245641    0
158   0.00786444   0.0281689    0
159   0.00834489   0.0270293    0
160   0.0021386   0.0288798    0
161   0.0110276   0.0206658    0
162   0.00506163   0.0219463    0
163   0.00543287   0.0210657    0
164   0.00602159   0.0325402    0
165   0.00566546   0.033385    0
166   0.00600172   0.0314569    0
167   0.0065558   0.0312731    0
168   0.00744614   0.0291612    0
169   0.00726807   0.0295835    0
170   0.00637773   0.0316954    0
171   0.00673387   0.0308507    0
172   0.00691194   0.0304283    0
173   0.00665527   0.0297332    0
174   0.00709   0.0300059    0
175   0.00752263   0.0161088    0
176   0.00735668   0.0165024    0
177   0.00652693   0.0184706    0
178   0.00767226   0.0169654    0
179   0.00702478   0.0172897    0
180   0.00685883   0.0176833    0
181   0.00979424   0.0220504    0
182   0.0105091   0.0218957    0
183   0.00947321   0.0228119    0
184   0.00986707   0.0234187    0
185   0.0101881   0.0226572    0
186   0.0103486   0.0222764    0
187   0.0100276   0.0230379    0
188   0.00970656   0.0237994    0
189   0.0106697   0.0215149    0
190   0.00380503   0.024927    0
191   0.00472301   0.0227495    0
192   0.00457001   0.0231124    0
193   0.00490111   0.0238106    0
194   0.00507764   0.0241862    0
195   0.0047536   0.0241868    0
196   0.00426402   0.0238382    0
197   0.00411102   0.0242012    0
198   0.00719073   0.016896    0
199   0.00441701   0.0234753    0
200   0.0113953   0.0177876    0
201   0.0116688   0.0172172    0
202   0.0125051   0.0171612    0
203   0.0109821   0.0189664    0
204   0.0113601   0.0188741    0
205   0.0122551   0.0161862    0
206   0.0123713   0.0165541    0
207   0.0116552   0.0181742    0
208   0.011915   0.0185609    0
209   0.0120625   0.018211    0
210   0.0122101   0.017861    0
211   0.0117675   0.0189108    0
212   0.0119395   0.0175391    0
213   0.0123576   0.0175111    0
214   0.0126526   0.0168112    0
215   0.0146012   0.0114139    0
216   0.0149897   0.0123354    0
217   0.0159506   0.0115888    0
218   0.0158899   0.00972167    0
219   0.0174433   0.0106946    0
220   0.0175671   0.0089509    0
221   0.019467   0.00995293    0
222   0.0196732   0.00828589    0
223   0.0257115   0.00663038    0
224   0.0273315   0.00639043    0
225   0.0259242   0.00515665    0
226   0.0214567   0.00922553    0
227   0.0217792   0.00762088    0
228   0.0293375   0.005173    0
229   0.0293651   0.0035477    0
230   0.0279345   0.00415079    0
231   0.0229797   0.00858346    0
232   0.0240915   0.00687033    0
233   0.0316   0.00370489    0
234   0.0327037   0.00459614    0
235   0.0330304   0.00364447    0
236   0.0164062   0.00841878    0
237   0.018364   0.00770486    0
238   0.0220829   0.00624844    0
239   0.0201493   0.00695219    0
240   0.0241358   0.00820819    0
241   0.0264895   0.00743741    0
242   0.0304688   0.00443895    0
243   0.0283345   0.00578171    0
244   0.0290382   0.0063986    0
245   0.0280351   0.00700732    0
246   0.027633   0.00527061    0
247   0.0269294   0.00465372    0
248   0.023239   0.00587317    0
249   0.0245816   0.00551491    0
250   0.027233   0.00363968    0
251   0.0286636   0.00303659    0
252   0.0257539   0.00774752    0
253   0.0303351   0.00572325    0
254   0.0248406   0.00462357    0
255   0.0260145   0.00419297    0
256   0.0234534   0.00510453    0
257   0.0322535   0.00180155    0
258   0.0314411   0.00160139    0
259   0.0311144   0.00255306    0
260   0.0334189   0.00456593    0
261   0.0332555   0.00504176    0
262   0.0327358   0.00593914    0
263   0.0338074   0.00548739    0
264   0.0310665   0.00541492    0
265   0.0316642   0.00639089    0
266   0.0322   0.00616502    0
267   0.0173814   0.0115665    0
268   0.016635   0.0120136    0
269   0.0173194   0.0124384    0
270   0.0156692   0.0125915    0
271   0.0153781   0.0132568    0
272   0.0163488   0.0128476    0
273   0.0184551   0.0103238    0
274   0.0204618   0.00958923    0
275   0.0193639   0.0107865    0
276   0.0152456   0.0105678    0
277   0.0142127   0.0104924    0
278   0.014664   0.00974365    0
279   0.0138242   0.00957097    0
280   0.0151152   0.00899488    0
281   0.0144697   0.00928292    0
282   0.0143405   0.00826809    0
283   0.0139528   0.00896622    0
284   0.01363   0.00911024    0
285   0.0134358   0.00864951    0
286   0.0173109   0.00803736    0
287   0.0157607   0.00870683    0
288   0.0192566   0.00732852    0
289   0.0195068   0.00665658    0
290   0.0211161   0.00660032    0
291   0.0203874   0.00628534    0
292   0.0197448   0.00598973    0
293   0.0230272   0.00460595    0
294   0.0223866   0.00487601    0
295   0.0236678   0.00433588    0
296   0.0312469   0.00114066    0
297   0.0306288   0.00140124    0
298   0.031865   0.000880084    0
299   0.0302397   0.00305038    0
300   0.0304343   0.00222581    0
301   0.0300107   0.00166182    0
302   0.0293926   0.00192239    0
303   0.0332716   0.00571326    0
304   0.0178048   0.0122338    0
305   0.0182901   0.0120292    0
306   0.0168341   0.012643    0
307   0.0183726   0.0111765    0
308   0.0192607   0.01162    0
309   0.0158635   0.0130522    0
310   0.0187754   0.0118246    0
311   0.0203296   0.0104072    0
312   0.0201975   0.0112251    0
313   0.0197291   0.0114225    0
314   0.0320592   0.00134081    0
315   0.0167305   0.0077713    0
316   0.0170547   0.00712382    0
317   0.0177094   0.00741434    0
318   0.0159554   0.00810604    0
319   0.01615   0.00750524    0
320   0.0138881   0.0084588    0
321   0.0151802   0.00844077    0
322   0.0152453   0.00788666    0
323   0.0156976   0.00769595    0
324   0.0186081   0.00703546    0
325   0.0188642   0.00636098    0
326   0.0179595   0.0067424    0
327   0.0222348   0.00556222    0
328   0.0213111   0.00592378    0
329   0.0206254   0.00561849    0
330   0.021506   0.00524725    0
331   0.0193045   0.00617535    0
332   0.0201851   0.00580411    0
333   0.0249227   0.00730893    0
334   0.0249449   0.00797785    0
335   0.0235799   0.00906475    0
336   0.0241802   0.00954604    0
337   0.024158   0.00887711    0
338   0.0222182   0.00890449    0
339   0.0220569   0.00970682    0
340   0.0212954   0.0100278    0
341   0.0218957   0.0105091    0
342   0.0211342   0.0108302    0
343   0.0272623   0.00722236    0
344   0.0268786   0.00784092    0
345   0.026143   0.00815104    0
346   0.026532   0.00855455    0
347   0.0288885   0.00701141    0
348   0.028387   0.00731576    0
349   0.0287388   0.00762421    0
350   0.0309997   0.00605707    0
351   0.0296866   0.00606093    0
352   0.0302683   0.0063654    0
353   0.0309329   0.00669922    0
354   0.024147   0.00486405    0
355   0.0254276   0.00440827    0
356   0.0249701   0.0041779    0
357   0.0243837   0.00403406    0
358   0.0266238   0.00391633    0
359   0.0255571   0.0039626    0
360   0.0250997   0.00373223    0
361   0.0268823   0.00338413    0
362   0.0293789   0.00273504    0
363   0.0206658   0.0110276    0
364   0.0175071   0.00693311    0
365   0.0166024   0.00731453    0
366   0.0147929   0.00807738    0
367   0.0184119   0.00655169    0
368   0.0219463   0.00506163    0
369   0.0210657   0.00543287    0
370   0.0253706   0.00842126    0
371   0.0257964   0.00886466    0
372   0.0253923   0.00903501    0
373   0.0247643   0.00864919    0
374   0.0249883   0.00920535    0
375   0.0245842   0.0093757    0
376   0.0222764   0.0103486    0
377   0.0226572   0.0101881    0
378   0.0228184   0.00938578    0
379   0.0234187   0.00986707    0
380   0.0230379   0.0100276    0
381   0.0237994   0.00970656    0
382   0.0215149   0.0106697    0
383   0.0268998   0.00839949    0
384   0.0272676   0.00824444    0
385   0.0261642   0.00870961    0
386   0.028371   0.00777927    0
387   0.0280032   0.00793432    0
388   0.0276328   0.00757834    0
389   0.0276354   0.00808938    0
390   0.0312985   0.00654506    0
391   0.0291045   0.00747004    0
392   0.0294701   0.00731588    0
393   0.0305672   0.00685339    0
394   0.0302015   0.00700755    0
395   0.0295784   0.0066884    0
396   0.0298358   0.00716171    0
397   0.0242654   0.00444905    0
398   0.0254576   0.00358132    0
399   0.0258156   0.0034304    0
400   0.0262197   0.00367336    0
401   0.0265315   0.00312857    0
402   0.0261736   0.00327949    0
403   0.0247417   0.00388314    0
404   0.0290281   0.00247949    0
405   0.0268892   0.0029778    0
406   0.0272468   0.00282703    0
407   0.0279483   0.00333813    0
408   0.0283128   0.00278104    0
409   0.0286774   0.00222394    0
410   0.0326419   0.00272301    0
411   0.0240257   0.00418497    0
412   0.029035   0.00207316    0
413   0.0275976   0.00308258    0
414   0.0279621   0.00252548    0
415   0.0276044   0.00267626    0
416   0.0283197   0.00237471    0
322  2745  1  2  3 
323  2745  4  1  3 
324  2745  5  3  2 
325  2745  4  3  6 
326  2745  7  6  3 
327  2745  8  5  2 
328  2745  8  2  9 
329  2745  7  3  10 
330  2745  10  3  11 
331  2745  12  9  2 
332  2745  13  11  3 
333  2745  14  12  2 
334  2745  15  13  3 
335  2745  16  14  2 
320  2373  12  17  9 
321  2373  14  17  12 
336  2373  18  19  20 
341  2373  21  7  10 
348  2373  22  23  17 
350  2373  24  25  26 
351  2373  23  27  17 
651  2373  28  29  21 
652  2373  30  4  6 
653  2373  30  6  7 
654  2373  7  21  30 
658  2373  28  31  24 
695  2373  32  8  9 
696  2373  9  17  32 
700  2373  33  34  35 
701  2373  28  36  29 
702  2373  36  28  24 
703  2373  24  26  37 
704  2373  37  36  24 
718  2373  38  17  14 
719  2373  14  16  38 
732  2373  39  15  3 
733  2373  39  3  5 
734  2373  39  5  8 
735  2373  8  32  39 
736  2373  28  40  31 
737  2373  40  28  21 
738  2373  21  41  40 
761  2373  42  23  43 
762  2373  42  44  45 
763  2373  46  42  43 
764  2373  42  46  44 
765  2373  47  48  46 
766  2373  43  47  46 
767  2373  49  48  47 
772  2373  46  48  50 
773  2373  50  44  46 
774  2373  51  44  50 
775  2373  48  52  50 
797  2373  52  53  20 
801  2373  54  55  56 
802  2373  57  54  56 
823  2373  58  33  35 
824  2373  56  55  58 
825  2373  58  35  56 
841  2373  52  20  59 
842  2373  59  50  52 
843  2373  19  60  59 
844  2373  59  20  19 
845  2373  61  62  63 
846  2373  62  61  59 
847  2373  60  64  62 
848  2373  62  59  60 
859  2373  63  65  61 
861  2373  4  30  66 
862  2373  66  1  4 
863  2373  2  1  66 
864  2373  16  2  66 
865  2373  66  38  16 
867  2373  29  67  21 
868  2373  67  30  21 
869  2373  30  68  69 
870  2373  68  30  67 
880  2373  70  18  20 
881  2373  18  70  71 
901  2373  25  72  26 
902  2373  35  73  56 
903  2373  25  73  72 
904  2373  73  74  56 
905  2373  74  73  25 
906  2373  40  75  31 
907  2373  24  76  25 
908  2373  76  24  31 
909  2373  31  77  76 
910  2373  77  31  75 
911  2373  75  78  77 
968  2373  22  79  23 
969  2373  79  43  23 
996  2373  43  80  47 
1045  2373  81  27  23 
1046  2373  42  45  81 
1047  2373  81  23  42 
1058  2373  27  82  17 
1059  2373  82  32  17 
1060  2373  27  83  82 
1082  2373  84  85  54 
1083  2373  57  84  54 
1090  2373  74  86  56 
1091  2373  86  57  56 
1092  2373  86  74  87 
1104  2373  88  57  86 
1105  2373  87  88  86 
1113  2373  89  63  62 
1116  2373  69  90  30 
1117  2373  90  66  30 
1120  2373  91  92  90 
1121  2373  69  91  90 
1122  2373  36  93  29 
1131  2373  94  69  68 
1132  2373  95  94  68 
1135  2373  29  96  67 
1136  2373  96  29  93 
1137  2373  93  97  96 
1138  2373  96  95  68 
1139  2373  68  67  96 
1140  2373  98  71  70 
1141  2373  99  98  70 
1153  2373  100  74  25 
1154  2373  74  100  87 
1155  2373  100  25  76 
1156  2373  76  101  100 
1160  2373  102  103  77 
1161  2373  78  102  77 
1164  2373  76  104  101 
1165  2373  104  76  77 
1166  2373  103  104  77 
1170  2373  105  78  75 
1175  2373  106  101  104 
1176  2373  103  106  104 
1222  2373  79  107  43 
1223  2373  80  43  107 
1224  2373  107  108  80 
1234  2373  109  110  80 
1235  2373  108  109  80 
1240  2373  89  111  112 
1241  2373  111  89  62 
1242  2373  64  111  62 
1244  2373  113  112  111 
1245  2373  64  113  111 
1252  2373  114  55  54 
1253  2373  85  114  54 
1305  2373  32  115  39 
1313  2373  82  116  32 
1314  2373  115  32  116 
1315  2373  116  117  115 
1316  2373  83  118  116 
1317  2373  116  82  83 
1318  2373  81  119  27 
1319  2373  83  27  119 
1320  2373  119  120  83 
1332  2373  121  120  119 
1333  2373  122  121  119 
1345  2373  123  118  83 
1346  2373  120  123  83 
1370  2373  124  36  37 
1371  2373  36  124  93 
1372  2373  125  126  124 
1373  2373  37  125  124 
1374  2373  127  35  34 
1375  2373  127  128  72 
1376  2373  127  72  73 
1377  2373  73  35  127 
1378  2373  129  127  34 
1379  2373  127  129  128 
1381  2373  33  130  34 
1384  2373  131  132  130 
1385  2373  132  34  130 
1386  2373  34  133  129 
1387  2373  133  134  129 
1388  2373  133  34  132 
1389  2373  132  135  133 
1398  2373  136  37  26 
1399  2373  136  26  72 
1400  2373  72  128  136 
1401  2373  128  137  136 
1421  2373  138  81  45 
1422  2373  119  81  138 
1423  2373  138  122  119 
1424  2373  50  139  51 
1425  2373  139  50  59 
1426  2373  61  139  59 
1427  2373  61  140  139 
1428  2373  140  51  139 
1429  2373  140  61  65 
1430  2373  65  141  140 
1431  2373  142  51  140 
1432  2373  141  142  140 
1442  2373  51  143  44 
1443  2373  143  45  44 
1446  2373  144  45  143 
1447  2373  138  45  144 
1448  2373  144  145  138 
1452  2373  38  146  17 
1453  2373  146  22  17 
1465  2373  147  38  66 
1466  2373  90  92  147 
1467  2373  147  66  90 
1476  2373  22  148  79 
1477  2373  148  149  107 
1478  2373  107  79  148 
1554  2373  150  11  13 
1555  2373  150  41  21 
1556  2373  150  21  10 
1557  2373  10  11  150 
1558  2373  150  13  15 
1559  2373  151  41  150 
1560  2373  151  150  15 
1561  2373  15  39  151 
1562  2373  39  152  151 
1563  2373  115  153  152 
1564  2373  152  39  115 
1565  2373  154  40  41 
1566  2373  75  40  154 
1567  2373  105  75  154 
1568  2373  154  155  105 
1577  2373  41  156  154 
1578  2373  156  157  154 
1610  2373  158  97  93 
1613  2373  158  93  124 
1614  2373  124  126  158 
1618  2373  159  95  96 
1619  2373  97  159  96 
1622  2373  160  87  100 
1623  2373  101  160  100 
1626  2373  161  108  107 
1627  2373  149  161  107 
1655  2373  162  153  115 
1656  2373  117  162  115 
1663  2373  163  117  116 
1664  2373  118  163  116 
1671  2373  164  134  133 
1672  2373  135  164  133 
1675  2373  165  135  132 
1676  2373  131  165  132 
1679  2373  129  166  128 
1680  2373  166  129  134 
1681  2373  137  128  166 
1682  2373  166  167  137 
1687  2373  168  126  125 
1688  2373  169  168  125 
1695  2373  170  167  166 
1696  2373  134  170  166 
1703  2373  171  172  137 
1704  2373  167  171  137 
1707  2373  136  173  37 
1708  2373  125  37  173 
1709  2373  173  169  125 
1710  2373  137  172  173 
1711  2373  173  136  137 
1714  2373  174  169  173 
1715  2373  172  174  173 
1732  2373  175  176  142 
1733  2373  141  175  142 
1736  2373  177  122  138 
1737  2373  145  177  138 
1740  2373  178  143  51 
1741  2373  178  51  142 
1742  2373  142  176  178 
1743  2373  178  179  144 
1744  2373  144  143  178 
1750  2373  180  145  144 
1751  2373  179  180  144 
1754  2373  146  181  22 
1755  2373  148  22  181 
1756  2373  181  182  148 
1757  2373  183  146  38 
1758  2373  183  38  147 
1759  2373  147  184  183 
1760  2373  183  185  181 
1761  2373  181  146  183 
1773  2373  186  182  181 
1774  2373  185  186  181 
1779  2373  187  185  183 
1780  2373  184  187  183 
1785  2373  188  184  147 
1786  2373  92  188  147 
1793  2373  189  149  148 
1794  2373  182  189  148 
1878  2373  190  155  154 
1879  2373  157  190  154 
1882  2373  191  192  152 
1883  2373  153  191  152 
1886  2373  193  151  152 
1887  2373  152  192  193 
1888  2373  193  194  151 
1889  2373  194  41  151 
1890  2373  41  194  156 
1891  2373  195  193  196 
1892  2373  195  156  194 
1893  2373  193  195  194 
1894  2373  197  157  156 
1896  2373  195  196  197 
1897  2373  197  156  195 
1966  2373  198  179  178 
1967  2373  176  198  178 
1970  2373  199  196  193 
1971  2373  192  199  193 
2001  2373  200  48  49 
2002  2373  48  200  52 
2008  2373  200  201  52 
2009  2373  201  53  52 
2010  2373  202  53  201 
2011  2373  80  203  47 
2012  2373  203  49  47 
2013  2373  203  80  110 
2014  2373  204  49  203 
2015  2373  110  204  203 
2019  2373  70  205  99 
2020  2373  205  70  20 
2021  2373  53  205  20 
2022  2373  206  53  202 
2023  2373  53  206  205 
2024  2373  206  99  205 
2047  2373  207  200  49 
2048  2373  207  49  204 
2049  2373  204  208  207 
2052  2373  209  210  207 
2053  2373  208  209  207 
2058  2373  211  208  204 
2059  2373  110  211  204 
2062  2373  212  201  200 
2063  2373  201  212  202 
2064  2373  207  210  212 
2065  2373  212  200  207 
2067  2373  213  202  212 
2068  2373  210  213  212 
2071  2373  214  99  206 
2072  2373  202  214  206 
337  2424  215  216  217 
339  2424  218  217  219 
340  2424  219  220  218 
342  2424  221  222  220 
343  2424  223  224  225 
344  2424  226  227  222 
345  2424  228  229  230 
349  2424  227  231  232 
656  2424  233  234  235 
690  2424  220  236  218 
693  2424  222  237  220 
697  2424  238  227  232 
699  2424  239  222  227 
711  2424  240  232  231 
726  2424  223  241  224 
728  2424  228  242  229 
741  2424  243  228  230 
742  2424  228  243  244 
743  2424  245  244  243 
744  2424  243  224  245 
745  2424  224  246  225 
746  2424  230  246  243 
747  2424  246  224  243 
748  2424  247  225  246 
749  2424  230  247  246 
750  2424  232  248  238 
751  2424  249  248  232 
752  2424  249  232  223 
753  2424  223  225  249 
756  2424  230  250  247 
760  2424  229  251  230 
793  2424  223  252  241 
794  2424  253  242  228 
795  2424  254  249  225 
796  2424  247  255  225 
799  2424  256  248  249 
803  2424  257  258  259 
884  2424  260  235  234 
887  2424  261  234  262 
888  2424  261  263  260 
889  2424  234  261  260 
894  2424  264  242  253 
895  2424  264  234  233 
896  2424  233  242  264 
898  2424  265  266  264 
899  2424  234  264  266 
900  2424  266  262  234 
940  2424  267  219  217 
956  2424  217  268  267 
957  2424  268  269  267 
958  2424  216  270  217 
959  2424  270  216  271 
960  2424  268  217  270 
961  2424  270  272  268 
962  2424  273  221  220 
963  2424  219  273  220 
970  2424  221  274  222 
971  2424  274  226  222 
997  2424  275  221  273 
998  2424  215  276  277 
999  2424  276  215  217 
1000  2424  218  276  217 
1001  2424  277  278  279 
1002  2424  278  277  276 
1003  2424  278  276  218 
1004  2424  218  280  278 
1005  2424  281  280  282 
1006  2424  280  281  278 
1007  2424  281  279  278 
1008  2424  281  283  279 
1009  2424  283  281  282 
1011  2424  284  279  283 
1012  2424  285  284  283 
1026  2424  220  286  236 
1027  2424  286  220  237 
1043  2424  236  287  218 
1044  2424  287  280  218 
1048  2424  288  237  222 
1049  2424  239  288  222 
1050  2424  239  289  288 
1061  2424  238  290  227 
1062  2424  290  239  227 
1063  2424  291  239  290 
1064  2424  289  239  291 
1065  2424  291  292  289 
1078  2424  293  294  256 
1079  2424  295  293  256 
1086  2424  296  297  258 
1087  2424  298  296  258 
1093  2424  299  229  242 
1094  2424  299  242  233 
1095  2424  233  259  299 
1096  2424  300  299  259 
1097  2424  258  297  300 
1098  2424  300  259  258 
1101  2424  301  302  300 
1102  2424  297  301  300 
1149  2424  303  263  261 
1150  2424  262  303  261 
1192  2424  304  305  267 
1193  2424  269  304  267 
1200  2424  306  269  268 
1201  2424  272  306  268 
1204  2424  307  273  219 
1205  2424  275  273  307 
1206  2424  307  308  275 
1207  2424  307  219  267 
1208  2424  267  305  307 
1213  2424  309  272  270 
1214  2424  271  309  270 
1218  2424  310  308  307 
1219  2424  305  310  307 
1225  2424  311  274  221 
1226  2424  311  221  275 
1227  2424  275  312  311 
1238  2424  313  312  275 
1239  2424  308  313  275 
1256  2424  314  298  258 
1257  2424  257  314  258 
1260  2424  315  286  316 
1261  2424  286  315  236 
1262  2424  237  317  286 
1263  2424  317  316  286 
1268  2424  318  287  236 
1269  2424  318  236  315 
1270  2424  315  319  318 
1278  2424  320  285  283 
1279  2424  282  320  283 
1282  2424  280  321  282 
1283  2424  321  280  287 
1284  2424  318  322  321 
1285  2424  321  287  318 
1289  2424  323  322  318 
1290  2424  319  323  318 
1298  2424  288  324  237 
1299  2424  324  288  289 
1300  2424  289  325  324 
1301  2424  317  237  324 
1302  2424  324  326  317 
1306  2424  327  238  248 
1307  2424  327  248  256 
1308  2424  256  294  327 
1321  2424  328  290  238 
1322  2424  328  329  291 
1323  2424  291  290  328 
1324  2424  328  238  327 
1325  2424  327  330  328 
1326  2424  331  325  289 
1327  2424  292  331  289 
1354  2424  332  292  291 
1355  2424  329  332  291 
1406  2424  232  333  223 
1407  2424  333  252  223 
1408  2424  333  232  240 
1409  2424  334  252  333 
1410  2424  240  334  333 
1415  2424  231  335  240 
1416  2424  336  337  335 
1417  2424  337  240  335 
1454  2424  226  338  227 
1455  2424  338  231  227 
1456  2424  226  339  338 
1479  2424  340  226  274 
1480  2424  339  226  340 
1481  2424  340  341  339 
1482  2424  311  342  340 
1483  2424  340  274  311 
1521  2424  241  343  224 
1522  2424  343  245  224 
1523  2424  241  344  343 
1526  2424  252  345  241 
1527  2424  344  241  345 
1528  2424  345  346  344 
1529  2424  347  244  245 
1530  2424  348  349  347 
1531  2424  245  348  347 
1539  2424  350  264  253 
1540  2424  264  350  265 
1546  2424  244  351  228 
1547  2424  351  253  228 
1548  2424  352  253  351 
1549  2424  350  253  352 
1550  2424  352  353  350 
1583  2424  254  354  249 
1584  2424  354  256  249 
1585  2424  256  354  295 
1589  2424  255  355  225 
1590  2424  355  254  225 
1591  2424  254  356  357 
1592  2424  356  254  355 
1593  2424  250  358  247 
1594  2424  358  255  247 
1595  2424  255  359  355 
1596  2424  359  360  356 
1597  2424  356  355  359 
1605  2424  250  361  358 
1606  2424  229  362  251 
1607  2424  362  229  299 
1608  2424  362  299  300 
1609  2424  300  302  362 
1630  2424  363  342  311 
1631  2424  312  363  311 
1638  2424  364  316  317 
1639  2424  326  364  317 
1642  2424  365  319  315 
1643  2424  316  365  315 
1647  2424  366  282  321 
1648  2424  322  366  321 
1651  2424  367  326  324 
1652  2424  325  367  324 
1659  2424  368  330  327 
1660  2424  294  368  327 
1667  2424  369  329  328 
1668  2424  330  369  328 
1716  2424  334  370  252 
1717  2424  370  371  345 
1718  2424  345  252  370 
1721  2424  372  371  370 
1722  2424  373  370  334 
1723  2424  240  337  373 
1724  2424  373  334  240 
1725  2424  373  374  372 
1726  2424  372  370  373 
1727  2424  336  375  337 
1730  2424  375  374  373 
1731  2424  373  337  375 
1762  2424  376  377  339 
1763  2424  341  376  339 
1767  2424  338  378  231 
1768  2424  335  231  378 
1769  2424  378  379  335 
1770  2424  339  377  378 
1771  2424  378  338  339 
1783  2424  380  379  378 
1784  2424  377  380  378 
1789  2424  381  336  335 
1790  2424  379  381  335 
1798  2424  382  341  340 
1799  2424  342  382  340 
1827  2424  383  384  344 
1828  2424  346  383  344 
1833  2424  385  346  345 
1834  2424  371  385  345 
1835  2424  386  349  348 
1836  2424  387  386  348 
1839  2424  343  388  245 
1840  2424  348  245  388 
1841  2424  388  387  348 
1842  2424  344  384  388 
1843  2424  388  343  344 
1846  2424  389  387  388 
1847  2424  384  389  388 
1848  2424  390  265  350 
1849  2424  353  390  350 
1856  2424  391  392  347 
1857  2424  349  391  347 
1865  2424  393  353  352 
1866  2424  394  393  352 
1869  2424  395  351  244 
1870  2424  395  394  352 
1871  2424  352  351  395 
1872  2424  395  244  347 
1873  2424  347  392  395 
1876  2424  396  394  395 
1877  2424  392  396  395 
1903  2424  354  397  295 
1904  2424  397  354  254 
1905  2424  357  397  254 
1915  2424  398  360  359 
1916  2424  399  398  359 
1919  2424  358  400  255 
1920  2424  359  255  400 
1921  2424  400  399  359 
1922  2424  361  401  400 
1923  2424  400  358  361 
1926  2424  402  399  400 
1927  2424  401  402  400 
1928  2424  403  357  356 
1929  2424  360  403  356 
1932  2424  404  362  302 
1933  2424  362  404  251 
1936  2424  405  401  361 
1937  2424  406  405  361 
1943  2424  251  407  230 
1944  2424  407  250  230 
1952  2424  251  408  407 
1953  2424  408  251  404 
1954  2424  404  409  408 
1955  2424  235  410  233 
1957  2424  410  257  259 
1958  2424  259  233  410 
1974  2424  411  295  397 
1975  2424  357  411  397 
1978  2424  412  409  404 
1979  2424  302  412  404 
1982  2424  407  413  250 
1983  2424  361  250  413 
1984  2424  413  406  361 
1985  2424  408  414  413 
1986  2424  413  407  408 
1989  2424  415  406  413 
1990  2424  414  415  413 
1993  2424  416  414  408 
1994  2424  409  416  408 
E_MESH_DATA
