SolidID  2373   318 
h 319   -763977  0.999939  0.647767  0.921461  0.388471  1.59123e-05
h 320   -763977  0.999939  0.647751  0.921461  0.388471  1.5913e-05
h 336   -763976  0.999939  0.611715  0.921461  0.388471  1.83639e-05
h 340   -763977  0.999939  0.647191  0.921461  0.388471  1.59383e-05
h 348   -763977  0.999939  0.644148  0.921461  0.388471  1.61166e-05
h 349   -763977  0.999939  0.648117  0.921461  0.388471  1.58964e-05
h 350   -763978  0.999939  0.649146  0.921461  0.388471  1.58498e-05
h 650   -763977  0.999939  0.647155  0.921461  0.388471  1.594e-05
h 651   -763977  0.999939  0.64737  0.921461  0.388471  1.59303e-05
h 652   -763977  0.999939  0.647356  0.921461  0.388471  1.59309e-05
h 653   -763977  0.999939  0.647252  0.921461  0.388471  1.59356e-05
h 657   -763977  0.999939  0.644376  0.921461  0.388471  1.61007e-05
h 695   -763977  0.999939  0.647721  0.921461  0.388471  1.59144e-05
h 696   -763977  0.999939  0.647999  0.921461  0.388471  1.59018e-05
h 699   -763979  0.999939  0.70172  0.921461  0.388471  1.33838e-05
h 700   -763977  0.999939  0.647948  0.921461  0.388471  1.59041e-05
h 701   -763977  0.999939  0.647134  0.921461  0.388471  1.59409e-05
h 702   -763978  0.999939  0.649853  0.921461  0.388471  1.58178e-05
h 703   -763978  0.999939  0.64934  0.921461  0.388471  1.5841e-05
h 717   -763977  0.999939  0.647701  0.921461  0.388471  1.59153e-05
h 718   -763977  0.999939  0.647528  0.921461  0.388471  1.59231e-05
h 731   -763977  0.999939  0.647451  0.921461  0.388471  1.59266e-05
h 732   -763977  0.999939  0.647488  0.921461  0.388471  1.59249e-05
h 733   -763977  0.999939  0.647522  0.921461  0.388471  1.59234e-05
h 734   -763977  0.999939  0.647726  0.921461  0.388471  1.59141e-05
h 735   -763977  0.999939  0.644585  0.921461  0.388471  1.60863e-05
h 736   -763977  0.999939  0.646066  0.921461  0.388471  1.59893e-05
h 737   -763977  0.999939  0.646087  0.921461  0.388471  1.59884e-05
h 760   -763977  0.999939  0.648225  0.921461  0.388471  1.58915e-05
h 761   -763978  0.999939  0.654454  0.921461  0.388471  1.56094e-05
h 762   -763977  0.999939  0.647537  0.921461  0.388471  1.59227e-05
h 763   -763978  0.999939  0.651179  0.921461  0.388471  1.57577e-05
h 764   -763977  0.999939  0.643159  0.921461  0.388471  1.6185e-05
h 765   -763977  0.999939  0.644771  0.921461  0.388471  1.60734e-05
h 766   -763977  0.999939  0.639304  0.921461  0.388471  1.64522e-05
h 771   -763977  0.999939  0.646176  0.921461  0.388471  1.59843e-05
h 772   -763978  0.999939  0.652265  0.921461  0.388471  1.57085e-05
h 773   -763978  0.999939  0.660748  0.921461  0.388471  1.53243e-05
h 774   -763977  0.999939  0.640143  0.921461  0.388471  1.63941e-05
h 796   -763976  0.999939  0.614265  0.921461  0.388471  1.81872e-05
h 801   -763978  0.999939  0.670077  0.921461  0.388471  1.49017e-05
h 802   -763972  0.999939  0.541504  0.921461  0.388471  2.29743e-05
h 822   -763980  0.999939  0.704053  0.921461  0.388471  1.32222e-05
h 823   -763980  0.999939  0.714647  0.921461  0.388471  1.24881e-05
h 824   -763979  0.999939  0.680298  0.921461  0.388471  1.44388e-05
h 840   -763977  0.999939  0.630392  0.921461  0.388471  1.70697e-05
h 841   -763977  0.999939  0.645347  0.921461  0.388471  1.60335e-05
h 842   -763977  0.999939  0.637349  0.921461  0.388471  1.65876e-05
h 843   -763977  0.999939  0.62969  0.921461  0.388471  1.71184e-05
h 844   -763981  0.999939  0.723323  0.921461  0.388471  1.18869e-05
h 845   -763979  0.999939  0.686829  0.921461  0.388471  1.4143e-05
h 846   -763978  0.999939  0.656863  0.921461  0.388471  1.55003e-05
h 847   -763978  0.999939  0.661933  0.921461  0.388471  1.52706e-05
h 858   -763980  0.999939  0.715834  0.921461  0.388471  1.24058e-05
h 860   -763977  0.999939  0.647395  0.921461  0.388471  1.59291e-05
h 861   -763977  0.999939  0.647427  0.921461  0.388471  1.59277e-05
h 862   -763977  0.999939  0.64744  0.921461  0.388471  1.59271e-05
h 863   -763977  0.999939  0.647453  0.921461  0.388471  1.59265e-05
h 864   -763977  0.999939  0.647455  0.921461  0.388471  1.59264e-05
h 866   -763977  0.999939  0.64744  0.921461  0.388471  1.59271e-05
h 867   -763977  0.999939  0.647356  0.921461  0.388471  1.59309e-05
h 868   -763977  0.999939  0.64751  0.921461  0.388471  1.59239e-05
h 869   -763977  0.999939  0.647542  0.921461  0.388471  1.59224e-05
h 879   -763974  0.999939  0.587431  0.921461  0.388471  2.0017e-05
h 880   -763964  0.999939  0.540399  0.921461  0.388471  3.32049e-05
h 900   -763977  0.999939  0.647523  0.921461  0.388471  1.59233e-05
h 901   -763978  0.999939  0.653008  0.921461  0.388471  1.56749e-05
h 902   -763977  0.999939  0.644329  0.921461  0.388471  1.6104e-05
h 903   -763976  0.999939  0.627551  0.921461  0.388471  1.72666e-05
h 904   -763977  0.999939  0.631499  0.921461  0.388471  1.69931e-05
h 905   -763977  0.999939  0.643469  0.921461  0.388471  1.61636e-05
h 906   -763977  0.999939  0.638425  0.921461  0.388471  1.65131e-05
h 907   -763977  0.999939  0.640976  0.921461  0.388471  1.63364e-05
h 908   -763977  0.999939  0.639572  0.921461  0.388471  1.64337e-05
h 909   -763977  0.999939  0.641899  0.921461  0.388471  1.62724e-05
h 910   -763977  0.999939  0.641739  0.921461  0.388471  1.62835e-05
h 969   -763977  0.999939  0.647407  0.921461  0.388471  1.59286e-05
h 970   -763977  0.999939  0.646952  0.921461  0.388471  1.59492e-05
h 996   -763977  0.999939  0.643177  0.921461  0.388471  1.61838e-05
h 1048   -763978  0.999939  0.650495  0.921461  0.388471  1.57887e-05
h 1049   -763978  0.999939  0.653251  0.921461  0.388471  1.56639e-05
h 1050   -763978  0.999939  0.650845  0.921461  0.388471  1.57729e-05
h 1063   -763978  0.999939  0.64904  0.921461  0.388471  1.58546e-05
h 1064   -763978  0.999939  0.6485  0.921461  0.388471  1.58791e-05
h 1065   -763978  0.999939  0.649639  0.921461  0.388471  1.58275e-05
h 1081   -749810  0.999939  0.312776  0.921461  0.388471  0.0178181
h 1082   -760192  0.999939  0.422813  0.921461  0.388471  0.00477289
h 1088   -763975  0.999939  0.600942  0.921461  0.388471  1.91104e-05
h 1089   -763973  0.999939  0.560638  0.921461  0.388471  2.17422e-05
h 1090   -763975  0.999939  0.595277  0.921461  0.388471  1.95029e-05
h 1099   -763962  0.999939  0.540239  0.921461  0.388471  3.55106e-05
h 1100   -763974  0.999939  0.578235  0.921461  0.388471  2.06092e-05
h 1108   -763983  0.999939  0.767722  0.921461  0.388471  9.22236e-06
h 1111   -763977  0.999939  0.64744  0.921461  0.388471  1.59271e-05
h 1112   -763977  0.999939  0.64741  0.921461  0.388471  1.59284e-05
h 1115   -763977  0.999939  0.647321  0.921461  0.388471  1.59325e-05
h 1116   -763977  0.999939  0.647386  0.921461  0.388471  1.59295e-05
h 1117   -763978  0.999939  0.648793  0.921461  0.388471  1.58658e-05
h 1126   -763977  0.999939  0.647551  0.921461  0.388471  1.5922e-05
h 1127   -763977  0.999939  0.647689  0.921461  0.388471  1.59158e-05
h 1130   -763977  0.999939  0.647848  0.921461  0.388471  1.59086e-05
h 1131   -763978  0.999939  0.648358  0.921461  0.388471  1.58855e-05
h 1132   -763978  0.999939  0.648681  0.921461  0.388471  1.58709e-05
h 1133   -763977  0.999939  0.647821  0.921461  0.388471  1.59098e-05
h 1134   -763977  0.999939  0.647732  0.921461  0.388471  1.59138e-05
h 1135   -761439  0.999939  0.441861  0.921461  0.388471  0.0032056
h 1136   -763972  0.999939  0.54226  0.921461  0.388471  2.29256e-05
h 1148   -763976  0.999939  0.622356  0.921461  0.388471  1.76266e-05
h 1149   -763975  0.999939  0.608636  0.921461  0.388471  1.85773e-05
h 1150   -763977  0.999939  0.629708  0.921461  0.388471  1.71171e-05
h 1151   -763976  0.999939  0.627036  0.921461  0.388471  1.73023e-05
h 1155   -763977  0.999939  0.638875  0.921461  0.388471  1.6482e-05
h 1156   -763977  0.999939  0.640547  0.921461  0.388471  1.63661e-05
h 1159   -763977  0.999939  0.632708  0.921461  0.388471  1.69092e-05
h 1160   -763977  0.999939  0.6371  0.921461  0.388471  1.66049e-05
h 1161   -763977  0.999939  0.637461  0.921461  0.388471  1.65799e-05
h 1165   -763977  0.999939  0.642918  0.921461  0.388471  1.62018e-05
h 1170   -763977  0.999939  0.63191  0.921461  0.388471  1.69645e-05
h 1171   -763977  0.999939  0.63525  0.921461  0.388471  1.67331e-05
h 1220   -763977  0.999939  0.645434  0.921461  0.388471  1.60274e-05
h 1221   -763977  0.999939  0.643993  0.921461  0.388471  1.61273e-05
h 1222   -763977  0.999939  0.643413  0.921461  0.388471  1.61675e-05
h 1233   -763977  0.999939  0.640693  0.921461  0.388471  1.63559e-05
h 1234   -763977  0.999939  0.642187  0.921461  0.388471  1.62524e-05
h 1240   -763988  0.999939  0.879838  0.921461  0.388471  2.12389e-06
h 1241   -763984  0.999939  0.798469  0.921461  0.388471  7.82973e-06
h 1242   -763983  0.999939  0.759412  0.921461  0.388471  9.59876e-06
h 1244   -763990  0.999939  0.926375  0.921461  0.388471  0
h 1245   -763990  0.999939  0.898426  0.921461  0.388471  7.03946e-07
h 1250   -763983  0.999939  0.76933  0.921461  0.388471  9.14955e-06
h 1251   -763973  0.999939  0.554516  0.921461  0.388471  2.21364e-05
h 1298   -763977  0.999939  0.647884  0.921461  0.388471  1.5907e-05
h 1312   -763978  0.999939  0.648638  0.921461  0.388471  1.58728e-05
h 1313   -763978  0.999939  0.648297  0.921461  0.388471  1.58883e-05
h 1314   -763978  0.999939  0.648377  0.921461  0.388471  1.58846e-05
h 1315   -763978  0.999939  0.649336  0.921461  0.388471  1.58412e-05
h 1316   -763978  0.999939  0.649193  0.921461  0.388471  1.58477e-05
h 1317   -763978  0.999939  0.651253  0.921461  0.388471  1.57544e-05
h 1318   -763978  0.999939  0.650491  0.921461  0.388471  1.57889e-05
h 1319   -763978  0.999939  0.65075  0.921461  0.388471  1.57771e-05
h 1322   -763978  0.999939  0.651425  0.921461  0.388471  1.57466e-05
h 1323   -763978  0.999939  0.652158  0.921461  0.388471  1.57134e-05
h 1344   -763978  0.999939  0.649775  0.921461  0.388471  1.58213e-05
h 1345   -763978  0.999939  0.650237  0.921461  0.388471  1.58004e-05
h 1357   -763978  0.999939  0.650992  0.921461  0.388471  1.57662e-05
h 1358   -763978  0.999939  0.649789  0.921461  0.388471  1.58207e-05
h 1359   -763978  0.999939  0.651577  0.921461  0.388471  1.57397e-05
h 1360   -763978  0.999939  0.65214  0.921461  0.388471  1.57142e-05
h 1361   -763979  0.999939  0.68539  0.921461  0.388471  1.42082e-05
h 1362   -763978  0.999939  0.66468  0.921461  0.388471  1.51462e-05
h 1363   -763978  0.999939  0.657839  0.921461  0.388471  1.54561e-05
h 1364   -763978  0.999939  0.664883  0.921461  0.388471  1.5137e-05
h 1365   -763979  0.999939  0.686691  0.921461  0.388471  1.41492e-05
h 1366   -763978  0.999939  0.674377  0.921461  0.388471  1.4707e-05
h 1368   -763980  0.999939  0.719128  0.921461  0.388471  1.21776e-05
h 1371   -763981  0.999939  0.732641  0.921461  0.388471  1.12412e-05
h 1372   -763981  0.999939  0.720268  0.921461  0.388471  1.20986e-05
h 1373   -763979  0.999939  0.695287  0.921461  0.388471  1.37598e-05
h 1374   -763979  0.999939  0.689925  0.921461  0.388471  1.40028e-05
h 1375   -763980  0.999939  0.708524  0.921461  0.388471  1.29124e-05
h 1376   -763980  0.999939  0.709996  0.921461  0.388471  1.28103e-05
h 1385   -763978  0.999939  0.654733  0.921461  0.388471  1.55968e-05
h 1386   -763978  0.999939  0.655248  0.921461  0.388471  1.55734e-05
h 1387   -763978  0.999939  0.660624  0.921461  0.388471  1.53299e-05
h 1388   -763978  0.999939  0.663758  0.921461  0.388471  1.5188e-05
h 1408   -763978  0.999939  0.654074  0.921461  0.388471  1.56266e-05
h 1409   -763978  0.999939  0.652646  0.921461  0.388471  1.56913e-05
h 1410   -763978  0.999939  0.652937  0.921461  0.388471  1.56781e-05
h 1411   -763978  0.999939  0.666032  0.921461  0.388471  1.50849e-05
h 1412   -763978  0.999939  0.661063  0.921461  0.388471  1.531e-05
h 1413   -763978  0.999939  0.674182  0.921461  0.388471  1.47158e-05
h 1414   -763979  0.999939  0.680395  0.921461  0.388471  1.44344e-05
h 1415   -763978  0.999939  0.673423  0.921461  0.388471  1.47502e-05
h 1416   -763979  0.999939  0.694375  0.921461  0.388471  1.38012e-05
h 1417   -763979  0.999939  0.691691  0.921461  0.388471  1.39227e-05
h 1418   -763978  0.999939  0.67575  0.921461  0.388471  1.46448e-05
h 1419   -763979  0.999939  0.682731  0.921461  0.388471  1.43286e-05
h 1429   -763978  0.999939  0.661982  0.921461  0.388471  1.52684e-05
h 1430   -763978  0.999939  0.658047  0.921461  0.388471  1.54466e-05
h 1433   -763978  0.999939  0.658723  0.921461  0.388471  1.5416e-05
h 1434   -763978  0.999939  0.656325  0.921461  0.388471  1.55246e-05
h 1435   -763978  0.999939  0.656397  0.921461  0.388471  1.55214e-05
h 1442   -763977  0.999939  0.647639  0.921461  0.388471  1.59181e-05
h 1443   -763977  0.999939  0.647648  0.921461  0.388471  1.59177e-05
h 1452   -763977  0.999939  0.647361  0.921461  0.388471  1.59307e-05
h 1453   -763977  0.999939  0.647306  0.921461  0.388471  1.59331e-05
h 1454   -763977  0.999939  0.647359  0.921461  0.388471  1.59308e-05
h 1468   -763977  0.999939  0.646642  0.921461  0.388471  1.59632e-05
h 1469   -763977  0.999939  0.645582  0.921461  0.388471  1.60172e-05
h 1470   -763977  0.999939  0.645897  0.921461  0.388471  1.5997e-05
h 1538   -763977  0.999939  0.647252  0.921461  0.388471  1.59356e-05
h 1539   -763977  0.999939  0.646712  0.921461  0.388471  1.596e-05
h 1540   -763977  0.999939  0.647055  0.921461  0.388471  1.59445e-05
h 1541   -763977  0.999939  0.64725  0.921461  0.388471  1.59357e-05
h 1542   -763977  0.999939  0.647268  0.921461  0.388471  1.59349e-05
h 1543   -763977  0.999939  0.646797  0.921461  0.388471  1.59562e-05
h 1544   -763977  0.999939  0.647135  0.921461  0.388471  1.59409e-05
h 1545   -763977  0.999939  0.647303  0.921461  0.388471  1.59333e-05
h 1546   -763977  0.999939  0.647256  0.921461  0.388471  1.59354e-05
h 1547   -763977  0.999939  0.647634  0.921461  0.388471  1.59183e-05
h 1548   -763977  0.999939  0.647584  0.921461  0.388471  1.59206e-05
h 1549   -763977  0.999939  0.645405  0.921461  0.388471  1.60295e-05
h 1550   -763977  0.999939  0.64433  0.921461  0.388471  1.61039e-05
h 1551   -763977  0.999939  0.643948  0.921461  0.388471  1.61304e-05
h 1552   -763977  0.999939  0.644354  0.921461  0.388471  1.61023e-05
h 1561   -763977  0.999939  0.645827  0.921461  0.388471  1.60002e-05
h 1562   -763977  0.999939  0.645526  0.921461  0.388471  1.6021e-05
h 1594   -763978  0.999939  0.649344  0.921461  0.388471  1.58408e-05
h 1597   -763978  0.999939  0.649942  0.921461  0.388471  1.58138e-05
h 1598   -763978  0.999939  0.650646  0.921461  0.388471  1.57818e-05
h 1602   -763977  0.999939  0.648031  0.921461  0.388471  1.59003e-05
h 1603   -763978  0.999939  0.648346  0.921461  0.388471  1.5886e-05
h 1606   -763976  0.999939  0.611439  0.921461  0.388471  1.8383e-05
h 1607   -763976  0.999939  0.620074  0.921461  0.388471  1.77847e-05
h 1614   -763977  0.999939  0.644249  0.921461  0.388471  1.61096e-05
h 1615   -763977  0.999939  0.644981  0.921461  0.388471  1.60589e-05
h 1647   -763977  0.999939  0.647878  0.921461  0.388471  1.59072e-05
h 1648   -763977  0.999939  0.648131  0.921461  0.388471  1.58958e-05
h 1655   -763978  0.999939  0.648692  0.921461  0.388471  1.58704e-05
h 1656   -763978  0.999939  0.649013  0.921461  0.388471  1.58558e-05
h 1670   -763979  0.999939  0.694946  0.921461  0.388471  1.37753e-05
h 1671   -763980  0.999939  0.702178  0.921461  0.388471  1.33521e-05
h 1674   -763980  0.999939  0.718977  0.921461  0.388471  1.21881e-05
h 1675   -763981  0.999939  0.728713  0.921461  0.388471  1.15134e-05
h 1678   -763978  0.999939  0.676004  0.921461  0.388471  1.46333e-05
h 1679   -763979  0.999939  0.683425  0.921461  0.388471  1.42971e-05
h 1680   -763978  0.999939  0.670197  0.921461  0.388471  1.48963e-05
h 1681   -763978  0.999939  0.671892  0.921461  0.388471  1.48195e-05
h 1686   -763978  0.999939  0.652368  0.921461  0.388471  1.57039e-05
h 1687   -763978  0.999939  0.653616  0.921461  0.388471  1.56473e-05
h 1694   -763979  0.999939  0.676911  0.921461  0.388471  1.45922e-05
h 1695   -763979  0.999939  0.682111  0.921461  0.388471  1.43567e-05
h 1702   -763978  0.999939  0.664781  0.921461  0.388471  1.51416e-05
h 1703   -763978  0.999939  0.668289  0.921461  0.388471  1.49827e-05
h 1706   -763978  0.999939  0.656249  0.921461  0.388471  1.55281e-05
h 1707   -763978  0.999939  0.654279  0.921461  0.388471  1.56173e-05
h 1708   -763978  0.999939  0.654982  0.921461  0.388471  1.55855e-05
h 1709   -763978  0.999939  0.661474  0.921461  0.388471  1.52914e-05
h 1710   -763978  0.999939  0.660311  0.921461  0.388471  1.53441e-05
h 1713   -763978  0.999939  0.656973  0.921461  0.388471  1.54953e-05
h 1714   -763978  0.999939  0.659198  0.921461  0.388471  1.53945e-05
h 1731   -763978  0.999939  0.675676  0.921461  0.388471  1.46482e-05
h 1732   -763979  0.999939  0.681012  0.921461  0.388471  1.44065e-05
h 1735   -763978  0.999939  0.653925  0.921461  0.388471  1.56333e-05
h 1736   -763978  0.999939  0.654991  0.921461  0.388471  1.55851e-05
h 1739   -763978  0.999939  0.665579  0.921461  0.388471  1.51055e-05
h 1740   -763978  0.999939  0.671254  0.921461  0.388471  1.48484e-05
h 1741   -763978  0.999939  0.671602  0.921461  0.388471  1.48327e-05
h 1742   -763978  0.999939  0.662117  0.921461  0.388471  1.52623e-05
h 1743   -763978  0.999939  0.66197  0.921461  0.388471  1.5269e-05
h 1749   -763978  0.999939  0.65795  0.921461  0.388471  1.5451e-05
h 1750   -763978  0.999939  0.659732  0.921461  0.388471  1.53703e-05
h 1763   -763977  0.999939  0.647108  0.921461  0.388471  1.59421e-05
h 1764   -763977  0.999939  0.646777  0.921461  0.388471  1.59571e-05
h 1765   -763977  0.999939  0.646541  0.921461  0.388471  1.59678e-05
h 1766   -763977  0.999939  0.647309  0.921461  0.388471  1.5933e-05
h 1767   -763977  0.999939  0.647287  0.921461  0.388471  1.5934e-05
h 1768   -763977  0.999939  0.647188  0.921461  0.388471  1.59385e-05
h 1769   -763977  0.999939  0.646978  0.921461  0.388471  1.5948e-05
h 1770   -763977  0.999939  0.647137  0.921461  0.388471  1.59408e-05
h 1776   -763977  0.999939  0.646658  0.921461  0.388471  1.59625e-05
h 1777   -763977  0.999939  0.646806  0.921461  0.388471  1.59558e-05
h 1782   -763977  0.999939  0.647014  0.921461  0.388471  1.59464e-05
h 1783   -763977  0.999939  0.647089  0.921461  0.388471  1.5943e-05
h 1788   -763977  0.999939  0.647193  0.921461  0.388471  1.59382e-05
h 1789   -763977  0.999939  0.647233  0.921461  0.388471  1.59364e-05
h 1797   -763977  0.999939  0.645942  0.921461  0.388471  1.59949e-05
h 1798   -763977  0.999939  0.646234  0.921461  0.388471  1.59817e-05
h 1880   -763977  0.999939  0.644872  0.921461  0.388471  1.60664e-05
h 1881   -763977  0.999939  0.645231  0.921461  0.388471  1.60415e-05
h 1884   -763977  0.999939  0.647237  0.921461  0.388471  1.59363e-05
h 1885   -763977  0.999939  0.647433  0.921461  0.388471  1.59274e-05
h 1888   -763977  0.999939  0.646987  0.921461  0.388471  1.59476e-05
h 1889   -763977  0.999939  0.647017  0.921461  0.388471  1.59462e-05
h 1890   -763977  0.999939  0.646734  0.921461  0.388471  1.59591e-05
h 1891   -763977  0.999939  0.64664  0.921461  0.388471  1.59633e-05
h 1892   -763977  0.999939  0.646308  0.921461  0.388471  1.59783e-05
h 1893   -763977  0.999939  0.646486  0.921461  0.388471  1.59703e-05
h 1894   -763977  0.999939  0.646299  0.921461  0.388471  1.59788e-05
h 1895   -763977  0.999939  0.646527  0.921461  0.388471  1.59684e-05
h 1896   -763977  0.999939  0.645873  0.921461  0.388471  1.5998e-05
h 1898   -763977  0.999939  0.646268  0.921461  0.388471  1.59801e-05
h 1899   -763977  0.999939  0.646123  0.921461  0.388471  1.59867e-05
h 1968   -763978  0.999939  0.664439  0.921461  0.388471  1.51571e-05
h 1969   -763978  0.999939  0.667483  0.921461  0.388471  1.50193e-05
h 1972   -763977  0.999939  0.646617  0.921461  0.388471  1.59643e-05
h 1973   -763977  0.999939  0.646831  0.921461  0.388471  1.59547e-05
h 2003   -763977  0.999939  0.634896  0.921461  0.388471  1.67576e-05
h 2004   -763977  0.999939  0.631918  0.921461  0.388471  1.6964e-05
h 2010   -763976  0.999939  0.625285  0.921461  0.388471  1.74236e-05
h 2011   -763976  0.999939  0.617685  0.921461  0.388471  1.79502e-05
h 2012   -763975  0.999939  0.60952  0.921461  0.388471  1.8516e-05
h 2013   -763977  0.999939  0.641331  0.921461  0.388471  1.63118e-05
h 2014   -763977  0.999939  0.639776  0.921461  0.388471  1.64195e-05
h 2015   -763977  0.999939  0.640111  0.921461  0.388471  1.63963e-05
h 2016   -763977  0.999939  0.638045  0.921461  0.388471  1.65394e-05
h 2017   -763977  0.999939  0.638551  0.921461  0.388471  1.65044e-05
h 2021   -763973  0.999939  0.567313  0.921461  0.388471  2.13124e-05
h 2022   -763974  0.999939  0.585999  0.921461  0.388471  2.01092e-05
h 2023   -763975  0.999939  0.600024  0.921461  0.388471  1.9174e-05
h 2024   -763975  0.999939  0.599395  0.921461  0.388471  1.92176e-05
h 2025   -763975  0.999939  0.593481  0.921461  0.388471  1.96274e-05
h 2026   -763974  0.999939  0.580623  0.921461  0.388471  2.04554e-05
h 2049   -763977  0.999939  0.632439  0.921461  0.388471  1.69279e-05
h 2050   -763977  0.999939  0.635115  0.921461  0.388471  1.67424e-05
h 2051   -763977  0.999939  0.633683  0.921461  0.388471  1.68417e-05
h 2054   -763976  0.999939  0.627215  0.921461  0.388471  1.72898e-05
h 2055   -763977  0.999939  0.630484  0.921461  0.388471  1.70634e-05
h 2060   -763977  0.999939  0.635471  0.921461  0.388471  1.67178e-05
h 2061   -763977  0.999939  0.63746  0.921461  0.388471  1.658e-05
h 2064   -763976  0.999939  0.623207  0.921461  0.388471  1.75676e-05
h 2065   -763976  0.999939  0.614989  0.921461  0.388471  1.8137e-05
h 2066   -763976  0.999939  0.62459  0.921461  0.388471  1.74717e-05
h 2067   -763976  0.999939  0.62688  0.921461  0.388471  1.73131e-05
h 2069   -763976  0.999939  0.613856  0.921461  0.388471  1.82155e-05
h 2070   -763976  0.999939  0.619355  0.921461  0.388471  1.78345e-05
h 2073   -763974  0.999939  0.585155  0.921461  0.388471  2.01636e-05
h 2074   -763975  0.999939  0.595893  0.921461  0.388471  1.94603e-05
SolidID  2424   304 
h 335   -763975  0.999939  0.593213  0.388471  0.921461  1.96447e-05
h 338   -763975  0.999939  0.603748  0.388471  0.921461  1.89159e-05
h 339   -763976  0.999939  0.612352  0.388471  0.921461  1.83198e-05
h 341   -763976  0.999939  0.611296  0.388471  0.921461  1.83929e-05
h 342   -763976  0.999939  0.615355  0.388471  0.921461  1.81117e-05
h 343   -763976  0.999939  0.611167  0.388471  0.921461  1.84019e-05
h 344   -763977  0.999939  0.643055  0.388471  0.921461  1.61923e-05
h 347   -763976  0.999939  0.611545  0.388471  0.921461  1.83757e-05
h 655   -763974  0.999939  0.588546  0.388471  0.921461  1.99452e-05
h 689   -763976  0.999939  0.6205  0.388471  0.921461  1.77552e-05
h 692   -763976  0.999939  0.613753  0.388471  0.921461  1.82227e-05
h 694   -763976  0.999939  0.612686  0.388471  0.921461  1.82966e-05
h 698   -763976  0.999939  0.612159  0.388471  0.921461  1.83332e-05
h 710   -763975  0.999939  0.610968  0.388471  0.921461  1.84157e-05
h 725   -763975  0.999939  0.610148  0.388471  0.921461  1.84725e-05
h 727   -763977  0.999939  0.633592  0.388471  0.921461  1.6848e-05
h 740   -763976  0.999939  0.621887  0.388471  0.921461  1.76591e-05
h 741   -763975  0.999939  0.601152  0.388471  0.921461  1.90959e-05
h 742   -763975  0.999939  0.598717  0.388471  0.921461  1.92645e-05
h 743   -763975  0.999939  0.605378  0.388471  0.921461  1.8803e-05
h 744   -763976  0.999939  0.618296  0.388471  0.921461  1.79079e-05
h 745   -763976  0.999939  0.624339  0.388471  0.921461  1.74892e-05
h 746   -763976  0.999939  0.613114  0.388471  0.921461  1.82669e-05
h 747   -763976  0.999939  0.624648  0.388471  0.921461  1.74678e-05
h 748   -763977  0.999939  0.63111  0.388471  0.921461  1.702e-05
h 749   -763976  0.999939  0.613683  0.388471  0.921461  1.82275e-05
h 750   -763976  0.999939  0.614844  0.388471  0.921461  1.81471e-05
h 751   -763976  0.999939  0.614529  0.388471  0.921461  1.81689e-05
h 752   -763976  0.999939  0.617242  0.388471  0.921461  1.79809e-05
h 755   -763977  0.999939  0.639794  0.388471  0.921461  1.64182e-05
h 759   -763978  0.999939  0.668728  0.388471  0.921461  1.49628e-05
h 792   -763975  0.999939  0.609802  0.388471  0.921461  1.84964e-05
h 793   -763975  0.999939  0.595595  0.388471  0.921461  1.94809e-05
h 794   -763976  0.999939  0.620039  0.388471  0.921461  1.77871e-05
h 795   -763976  0.999939  0.626856  0.388471  0.921461  1.73147e-05
h 798   -763976  0.999939  0.61598  0.388471  0.921461  1.80683e-05
h 800   -763983  0.999939  0.76231  0.388471  0.921461  9.46752e-06
h 883   -763973  0.999939  0.562817  0.388471  0.921461  2.16019e-05
h 886   -763099  0.999939  0.481695  0.388471  0.921461  0.00111971
h 887   -763465  0.999939  0.496994  0.388471  0.921461  0.000660373
h 888   -763803  0.999939  0.526417  0.388471  0.921461  0.00023523
h 893   -763974  0.999939  0.573802  0.388471  0.921461  2.08946e-05
h 894   -763973  0.999939  0.568035  0.388471  0.921461  2.12659e-05
h 895   -763975  0.999939  0.595672  0.388471  0.921461  1.94756e-05
h 897   -762950  0.999939  0.478124  0.388471  0.921461  0.00130667
h 898   -763540  0.999939  0.503565  0.388471  0.921461  0.000565427
h 899   -762245  0.999939  0.461211  0.388471  0.921461  0.00219233
h 939   -763975  0.999939  0.593778  0.388471  0.921461  1.96068e-05
h 955   -763974  0.999939  0.584986  0.388471  0.921461  2.01745e-05
h 956   -763974  0.999939  0.584249  0.388471  0.921461  2.02219e-05
h 957   -763973  0.999939  0.569887  0.388471  0.921461  2.11467e-05
h 958   -763838  0.999939  0.529508  0.388471  0.921461  0.000190573
h 959   -763973  0.999939  0.569418  0.388471  0.921461  2.11769e-05
h 960   -763972  0.999939  0.552215  0.388471  0.921461  2.22846e-05
h 961   -763975  0.999939  0.60942  0.388471  0.921461  1.85229e-05
h 962   -763975  0.999939  0.608354  0.388471  0.921461  1.85968e-05
h 967   -763975  0.999939  0.610134  0.388471  0.921461  1.84734e-05
h 968   -763975  0.999939  0.61046  0.388471  0.921461  1.84508e-05
h 995   -763975  0.999939  0.607041  0.388471  0.921461  1.86877e-05
h 997   -763976  0.999939  0.613024  0.388471  0.921461  1.82732e-05
h 998   -763975  0.999939  0.60272  0.388471  0.921461  1.89872e-05
h 999   -763975  0.999939  0.608458  0.388471  0.921461  1.85896e-05
h 1000   -763976  0.999939  0.619171  0.388471  0.921461  1.78473e-05
h 1001   -763976  0.999939  0.619624  0.388471  0.921461  1.78159e-05
h 1002   -763976  0.999939  0.623057  0.388471  0.921461  1.7578e-05
h 1003   -763977  0.999939  0.634834  0.388471  0.921461  1.6762e-05
h 1004   -763978  0.999939  0.660624  0.388471  0.921461  1.53299e-05
h 1005   -763978  0.999939  0.652039  0.388471  0.921461  1.57188e-05
h 1006   -763978  0.999939  0.658696  0.388471  0.921461  1.54172e-05
h 1026   -763976  0.999939  0.619197  0.388471  0.921461  1.78455e-05
h 1027   -763976  0.999939  0.616169  0.388471  0.921461  1.80552e-05
h 1043   -763976  0.999939  0.626854  0.388471  0.921461  1.73149e-05
h 1044   -763977  0.999939  0.632342  0.388471  0.921461  1.69346e-05
h 1045   -763976  0.999939  0.613337  0.388471  0.921461  1.82515e-05
h 1046   -763976  0.999939  0.612771  0.388471  0.921461  1.82907e-05
h 1047   -763976  0.999939  0.613189  0.388471  0.921461  1.82617e-05
h 1058   -763976  0.999939  0.612612  0.388471  0.921461  1.83018e-05
h 1059   -763976  0.999939  0.612452  0.388471  0.921461  1.83128e-05
h 1060   -763976  0.999939  0.612869  0.388471  0.921461  1.82839e-05
h 1061   -763976  0.999939  0.613059  0.388471  0.921461  1.82708e-05
h 1062   -763976  0.999939  0.613193  0.388471  0.921461  1.82615e-05
h 1073   -763976  0.999939  0.615614  0.388471  0.921461  1.80937e-05
h 1074   -763976  0.999939  0.616673  0.388471  0.921461  1.80204e-05
h 1077   -763990  0.999939  0.953754  0.388471  0.921461  0
h 1078   -763990  0.999939  0.96  0.388471  0.921461  0
h 1085   -763978  0.999939  0.669257  0.388471  0.921461  1.49389e-05
h 1086   -763978  0.999939  0.653002  0.388471  0.921461  1.56751e-05
h 1087   -763979  0.999939  0.693945  0.388471  0.921461  1.38207e-05
h 1091   -763982  0.999939  0.754974  0.388471  0.921461  9.79982e-06
h 1092   -763989  0.999939  0.883162  0.388471  0.921461  1.86995e-06
h 1093   -763984  0.999939  0.809144  0.388471  0.921461  7.19671e-06
h 1096   -763986  0.999939  0.832034  0.388471  0.921461  5.61065e-06
h 1097   -763988  0.999939  0.880071  0.388471  0.921461  2.1061e-06
h 1144   -759820  0.999939  0.417449  0.388471  0.921461  0.00524054
h 1145   -760630  0.999939  0.429131  0.388471  0.921461  0.00422211
h 1187   -763975  0.999939  0.593486  0.388471  0.921461  1.9627e-05
h 1188   -763974  0.999939  0.588767  0.388471  0.921461  1.9931e-05
h 1195   -763974  0.999939  0.576236  0.388471  0.921461  2.07379e-05
h 1196   -763973  0.999939  0.564705  0.388471  0.921461  2.14804e-05
h 1199   -763975  0.999939  0.603478  0.388471  0.921461  1.89347e-05
h 1200   -763975  0.999939  0.604817  0.388471  0.921461  1.88419e-05
h 1201   -763975  0.999939  0.603944  0.388471  0.921461  1.89024e-05
h 1202   -763975  0.999939  0.599226  0.388471  0.921461  1.92293e-05
h 1203   -763975  0.999939  0.59725  0.388471  0.921461  1.93662e-05
h 1208   -763695  0.999939  0.517022  0.388471  0.921461  0.000370976
h 1209   -759750  0.999939  0.416445  0.388471  0.921461  0.00532808
h 1213   -763975  0.999939  0.602134  0.388471  0.921461  1.90278e-05
h 1214   -763975  0.999939  0.599917  0.388471  0.921461  1.91814e-05
h 1217   -763975  0.999939  0.608786  0.388471  0.921461  1.85669e-05
h 1218   -763975  0.999939  0.607674  0.388471  0.921461  1.86439e-05
h 1219   -763975  0.999939  0.607192  0.388471  0.921461  1.86773e-05
h 1229   -763975  0.999939  0.60629  0.388471  0.921461  1.87398e-05
h 1230   -763975  0.999939  0.605239  0.388471  0.921461  1.88126e-05
h 1235   -763981  0.999939  0.722721  0.388471  0.921461  1.19286e-05
h 1236   -763979  0.999939  0.684584  0.388471  0.921461  1.42446e-05
h 1238   -763988  0.999939  0.865335  0.388471  0.921461  3.23178e-06
h 1239   -763983  0.999939  0.786377  0.388471  0.921461  8.37739e-06
h 1246   -763990  0.999939  0.96  0.388471  0.921461  0
h 1247   -763988  0.999939  0.869592  0.388471  0.921461  2.90659e-06
h 1254   -763976  0.999939  0.620318  0.388471  0.921461  1.77678e-05
h 1255   -763976  0.999939  0.621888  0.388471  0.921461  1.7659e-05
h 1256   -763976  0.999939  0.616722  0.388471  0.921461  1.8017e-05
h 1257   -763976  0.999939  0.618525  0.388471  0.921461  1.7892e-05
h 1262   -763976  0.999939  0.628974  0.388471  0.921461  1.7168e-05
h 1263   -763976  0.999939  0.625694  0.388471  0.921461  1.73953e-05
h 1264   -763976  0.999939  0.626219  0.388471  0.921461  1.73589e-05
h 1265   -763978  0.999939  0.651094  0.388471  0.921461  1.57616e-05
h 1266   -763977  0.999939  0.639898  0.388471  0.921461  1.6411e-05
h 1267   -763977  0.999939  0.637441  0.388471  0.921461  1.65813e-05
h 1268   -763977  0.999939  0.63504  0.388471  0.921461  1.67477e-05
h 1272   -763977  0.999939  0.633742  0.388471  0.921461  1.68376e-05
h 1273   -763977  0.999939  0.629525  0.388471  0.921461  1.71298e-05
h 1288   -763976  0.999939  0.61431  0.388471  0.921461  1.81841e-05
h 1289   -763976  0.999939  0.613774  0.388471  0.921461  1.82212e-05
h 1290   -763976  0.999939  0.613966  0.388471  0.921461  1.8208e-05
h 1291   -763976  0.999939  0.615461  0.388471  0.921461  1.81043e-05
h 1292   -763976  0.999939  0.61579  0.388471  0.921461  1.80816e-05
h 1295   -763976  0.999939  0.613949  0.388471  0.921461  1.82091e-05
h 1296   -763976  0.999939  0.614871  0.388471  0.921461  1.81452e-05
h 1297   -763976  0.999939  0.614916  0.388471  0.921461  1.81421e-05
h 1303   -763976  0.999939  0.613081  0.388471  0.921461  1.82693e-05
h 1304   -763976  0.999939  0.613109  0.388471  0.921461  1.82673e-05
h 1305   -763976  0.999939  0.61299  0.388471  0.921461  1.82755e-05
h 1306   -763976  0.999939  0.613501  0.388471  0.921461  1.82402e-05
h 1307   -763976  0.999939  0.613609  0.388471  0.921461  1.82327e-05
h 1308   -763976  0.999939  0.61363  0.388471  0.921461  1.82312e-05
h 1309   -763976  0.999939  0.613377  0.388471  0.921461  1.82488e-05
h 1335   -763976  0.999939  0.613115  0.388471  0.921461  1.82669e-05
h 1336   -763976  0.999939  0.613087  0.388471  0.921461  1.82688e-05
h 1393   -763976  0.999939  0.612477  0.388471  0.921461  1.83111e-05
h 1394   -763975  0.999939  0.610992  0.388471  0.921461  1.8414e-05
h 1395   -763976  0.999939  0.611394  0.388471  0.921461  1.83861e-05
h 1396   -763975  0.999939  0.609991  0.388471  0.921461  1.84834e-05
h 1397   -763975  0.999939  0.610312  0.388471  0.921461  1.84611e-05
h 1402   -763975  0.999939  0.609865  0.388471  0.921461  1.84921e-05
h 1403   -763975  0.999939  0.608764  0.388471  0.921461  1.85684e-05
h 1404   -763975  0.999939  0.609415  0.388471  0.921461  1.85233e-05
h 1439   -763975  0.999939  0.610706  0.388471  0.921461  1.84338e-05
h 1440   -763975  0.999939  0.610796  0.388471  0.921461  1.84276e-05
h 1441   -763975  0.999939  0.609933  0.388471  0.921461  1.84874e-05
h 1463   -763975  0.999939  0.609653  0.388471  0.921461  1.85068e-05
h 1464   -763975  0.999939  0.609625  0.388471  0.921461  1.85088e-05
h 1465   -763975  0.999939  0.609282  0.388471  0.921461  1.85325e-05
h 1466   -763975  0.999939  0.608737  0.388471  0.921461  1.85702e-05
h 1467   -763975  0.999939  0.609073  0.388471  0.921461  1.8547e-05
h 1505   -763975  0.999939  0.607146  0.388471  0.921461  1.86805e-05
h 1506   -763975  0.999939  0.604606  0.388471  0.921461  1.88565e-05
h 1507   -763975  0.999939  0.605697  0.388471  0.921461  1.87809e-05
h 1510   -763975  0.999939  0.607728  0.388471  0.921461  1.86401e-05
h 1511   -763975  0.999939  0.606384  0.388471  0.921461  1.87333e-05
h 1512   -763975  0.999939  0.605504  0.388471  0.921461  1.87943e-05
h 1513   -763974  0.999939  0.592068  0.388471  0.921461  1.97185e-05
h 1514   -763974  0.999939  0.589895  0.388471  0.921461  1.98584e-05
h 1515   -763975  0.999939  0.593742  0.388471  0.921461  1.96093e-05
h 1523   -763972  0.999939  0.54158  0.388471  0.921461  2.29694e-05
h 1524   -763574  0.999939  0.506523  0.388471  0.921461  0.000522678
h 1530   -763974  0.999939  0.590466  0.388471  0.921461  1.98216e-05
h 1531   -763974  0.999939  0.583742  0.388471  0.921461  2.02546e-05
h 1532   -763973  0.999939  0.562627  0.388471  0.921461  2.16141e-05
h 1533   -763972  0.999939  0.542987  0.388471  0.921461  2.28788e-05
h 1534   -763754  0.999939  0.522203  0.388471  0.921461  0.000296115
h 1567   -763976  0.999939  0.618819  0.388471  0.921461  1.78717e-05
h 1568   -763976  0.999939  0.617254  0.388471  0.921461  1.79801e-05
h 1569   -763976  0.999939  0.617424  0.388471  0.921461  1.79683e-05
h 1573   -763976  0.999939  0.625171  0.388471  0.921461  1.74315e-05
h 1574   -763976  0.999939  0.62261  0.388471  0.921461  1.7609e-05
h 1575   -763976  0.999939  0.621761  0.388471  0.921461  1.76678e-05
h 1576   -763976  0.999939  0.622887  0.388471  0.921461  1.75898e-05
h 1577   -763977  0.999939  0.637203  0.388471  0.921461  1.65978e-05
h 1578   -763977  0.999939  0.631866  0.388471  0.921461  1.69676e-05
h 1579   -763976  0.999939  0.626962  0.388471  0.921461  1.73074e-05
h 1580   -763976  0.999939  0.625255  0.388471  0.921461  1.74257e-05
h 1581   -763976  0.999939  0.624983  0.388471  0.921461  1.74446e-05
h 1589   -763977  0.999939  0.642413  0.388471  0.921461  1.62367e-05
h 1590   -763979  0.999939  0.698116  0.388471  0.921461  1.36317e-05
h 1591   -763980  0.999939  0.707376  0.388471  0.921461  1.29919e-05
h 1592   -763982  0.999939  0.749259  0.388471  0.921461  1.00897e-05
h 1593   -763983  0.999939  0.778505  0.388471  0.921461  8.73398e-06
h 1610   -763975  0.999939  0.608284  0.388471  0.921461  1.86016e-05
h 1611   -763975  0.999939  0.60778  0.388471  0.921461  1.86366e-05
h 1622   -763976  0.999939  0.617974  0.388471  0.921461  1.79302e-05
h 1623   -763976  0.999939  0.616775  0.388471  0.921461  1.80133e-05
h 1626   -763976  0.999939  0.623768  0.388471  0.921461  1.75287e-05
h 1627   -763976  0.999939  0.621455  0.388471  0.921461  1.7689e-05
h 1631   -763978  0.999939  0.650657  0.388471  0.921461  1.57814e-05
h 1632   -763977  0.999939  0.644049  0.388471  0.921461  1.61234e-05
h 1635   -763973  0.999939  0.572561  0.388471  0.921461  2.09745e-05
h 1636   -763978  0.999939  0.662426  0.388471  0.921461  1.52483e-05
h 1639   -763976  0.999939  0.615064  0.388471  0.921461  1.81319e-05
h 1640   -763976  0.999939  0.614456  0.388471  0.921461  1.8174e-05
h 1643   -763976  0.999939  0.613911  0.388471  0.921461  1.82117e-05
h 1644   -763976  0.999939  0.614268  0.388471  0.921461  1.8187e-05
h 1651   -763976  0.999939  0.613223  0.388471  0.921461  1.82594e-05
h 1652   -763976  0.999939  0.613384  0.388471  0.921461  1.82483e-05
h 1715   -763975  0.999939  0.608837  0.388471  0.921461  1.85633e-05
h 1716   -763975  0.999939  0.607126  0.388471  0.921461  1.86819e-05
h 1717   -763975  0.999939  0.607891  0.388471  0.921461  1.86289e-05
h 1720   -763975  0.999939  0.60718  0.388471  0.921461  1.86781e-05
h 1721   -763975  0.999939  0.608758  0.388471  0.921461  1.85688e-05
h 1722   -763975  0.999939  0.609213  0.388471  0.921461  1.85373e-05
h 1723   -763975  0.999939  0.609439  0.388471  0.921461  1.85216e-05
h 1724   -763975  0.999939  0.607676  0.388471  0.921461  1.86438e-05
h 1725   -763975  0.999939  0.607889  0.388471  0.921461  1.8629e-05
h 1726   -763975  0.999939  0.608251  0.388471  0.921461  1.86039e-05
h 1729   -763975  0.999939  0.607914  0.388471  0.921461  1.86273e-05
h 1730   -763975  0.999939  0.608434  0.388471  0.921461  1.85913e-05
h 1753   -763975  0.999939  0.609202  0.388471  0.921461  1.8538e-05
h 1754   -763975  0.999939  0.609215  0.388471  0.921461  1.85371e-05
h 1758   -763975  0.999939  0.609978  0.388471  0.921461  1.84843e-05
h 1759   -763975  0.999939  0.609666  0.388471  0.921461  1.85059e-05
h 1760   -763975  0.999939  0.609102  0.388471  0.921461  1.8545e-05
h 1761   -763975  0.999939  0.609323  0.388471  0.921461  1.85297e-05
h 1762   -763975  0.999939  0.609741  0.388471  0.921461  1.85007e-05
h 1773   -763975  0.999939  0.60896  0.388471  0.921461  1.85548e-05
h 1774   -763975  0.999939  0.609071  0.388471  0.921461  1.85471e-05
h 1784   -763975  0.999939  0.608551  0.388471  0.921461  1.85831e-05
h 1785   -763975  0.999939  0.608709  0.388471  0.921461  1.85722e-05
h 1792   -763975  0.999939  0.609069  0.388471  0.921461  1.85472e-05
h 1793   -763975  0.999939  0.608917  0.388471  0.921461  1.85578e-05
h 1829   -763975  0.999939  0.603479  0.388471  0.921461  1.89346e-05
h 1830   -763975  0.999939  0.604431  0.388471  0.921461  1.88687e-05
h 1835   -763975  0.999939  0.605851  0.388471  0.921461  1.87702e-05
h 1836   -763975  0.999939  0.606362  0.388471  0.921461  1.87348e-05
h 1837   -763974  0.999939  0.592246  0.388471  0.921461  1.97069e-05
h 1838   -763975  0.999939  0.595095  0.388471  0.921461  1.95156e-05
h 1841   -763975  0.999939  0.601757  0.388471  0.921461  1.90539e-05
h 1842   -763975  0.999939  0.598203  0.388471  0.921461  1.93002e-05
h 1843   -763975  0.999939  0.597548  0.388471  0.921461  1.93456e-05
h 1844   -763975  0.999939  0.602616  0.388471  0.921461  1.89944e-05
h 1845   -763975  0.999939  0.603496  0.388471  0.921461  1.89334e-05
h 1848   -763975  0.999939  0.599441  0.388471  0.921461  1.92144e-05
h 1849   -763975  0.999939  0.600994  0.388471  0.921461  1.91068e-05
h 1850   -763037  0.999939  0.480199  0.388471  0.921461  0.00119801
h 1851   -763450  0.999939  0.495715  0.388471  0.921461  0.000678851
h 1858   -763974  0.999939  0.581442  0.388471  0.921461  2.04026e-05
h 1859   -763974  0.999939  0.586095  0.388471  0.921461  2.0103e-05
h 1867   -763798  0.999939  0.526001  0.388471  0.921461  0.000241237
h 1868   -763967  0.999939  0.540711  0.388471  0.921461  2.86994e-05
h 1871   -763974  0.999939  0.579199  0.388471  0.921461  2.05471e-05
h 1872   -763973  0.999939  0.556211  0.388471  0.921461  2.20273e-05
h 1873   -763973  0.999939  0.566189  0.388471  0.921461  2.13848e-05
h 1874   -763974  0.999939  0.582761  0.388471  0.921461  2.03177e-05
h 1875   -763974  0.999939  0.577926  0.388471  0.921461  2.06291e-05
h 1878   -763973  0.999939  0.561312  0.388471  0.921461  2.16988e-05
h 1879   -763973  0.999939  0.569617  0.388471  0.921461  2.11641e-05
h 1905   -763976  0.999939  0.61856  0.388471  0.921461  1.78896e-05
h 1906   -763976  0.999939  0.619575  0.388471  0.921461  1.78193e-05
h 1907   -763976  0.999939  0.620556  0.388471  0.921461  1.77513e-05
h 1917   -763976  0.999939  0.626981  0.388471  0.921461  1.73061e-05
h 1918   -763976  0.999939  0.629153  0.388471  0.921461  1.71556e-05
h 1921   -763977  0.999939  0.63315  0.388471  0.921461  1.68786e-05
h 1922   -763977  0.999939  0.63022  0.388471  0.921461  1.70817e-05
h 1923   -763977  0.999939  0.631161  0.388471  0.921461  1.70164e-05
h 1924   -763977  0.999939  0.64029  0.388471  0.921461  1.63839e-05
h 1925   -763977  0.999939  0.638363  0.388471  0.921461  1.65174e-05
h 1928   -763977  0.999939  0.634244  0.388471  0.921461  1.68028e-05
h 1929   -763977  0.999939  0.637537  0.388471  0.921461  1.65746e-05
h 1930   -763976  0.999939  0.622279  0.388471  0.921461  1.76319e-05
h 1931   -763976  0.999939  0.623759  0.388471  0.921461  1.75293e-05
h 1934   -763982  0.999939  0.746081  0.388471  0.921461  1.03099e-05
h 1935   -763980  0.999939  0.714016  0.388471  0.921461  1.25318e-05
h 1938   -763977  0.999939  0.64524  0.388471  0.921461  1.60409e-05
h 1939   -763978  0.999939  0.650323  0.388471  0.921461  1.57965e-05
h 1945   -763978  0.999939  0.664093  0.388471  0.921461  1.51728e-05
h 1946   -763978  0.999939  0.651343  0.388471  0.921461  1.57503e-05
h 1954   -763979  0.999939  0.679806  0.388471  0.921461  1.44611e-05
h 1955   -763979  0.999939  0.700389  0.388471  0.921461  1.3476e-05
h 1956   -763980  0.999939  0.710935  0.388471  0.921461  1.27453e-05
h 1957   -763976  0.999939  0.618486  0.388471  0.921461  1.78947e-05
h 1959   -763978  0.999939  0.651988  0.388471  0.921461  1.57211e-05
h 1960   -763978  0.999939  0.659849  0.388471  0.921461  1.5365e-05
h 1976   -763976  0.999939  0.618843  0.388471  0.921461  1.787e-05
h 1977   -763976  0.999939  0.619851  0.388471  0.921461  1.78001e-05
h 1980   -763981  0.999939  0.731889  0.388471  0.921461  1.12933e-05
h 1981   -763982  0.999939  0.75309  0.388471  0.921461  9.88512e-06
h 1984   -763978  0.999939  0.656867  0.388471  0.921461  1.55001e-05
h 1985   -763978  0.999939  0.650644  0.388471  0.921461  1.57819e-05
h 1986   -763978  0.999939  0.65446  0.388471  0.921461  1.56091e-05
h 1987   -763979  0.999939  0.676609  0.388471  0.921461  1.46059e-05
h 1988   -763978  0.999939  0.670555  0.388471  0.921461  1.48801e-05
h 1991   -763978  0.999939  0.662578  0.388471  0.921461  1.52414e-05
h 1992   -763978  0.999939  0.670413  0.388471  0.921461  1.48865e-05
h 1995   -763979  0.999939  0.689217  0.388471  0.921461  1.40348e-05
h 1996   -763979  0.999939  0.701475  0.388471  0.921461  1.34008e-05
SolidID  2745   14 
h 321   -763977  0.999939  0.647459  0.921461  0.388471  1.59262e-05
h 322   -763977  0.999939  0.647437  0.921461  0.388471  1.59272e-05
h 323   -763977  0.999939  0.647478  0.921461  0.388471  1.59253e-05
h 324   -763977  0.999939  0.647416  0.921461  0.388471  1.59282e-05
h 325   -763977  0.999939  0.6474  0.921461  0.388471  1.59289e-05
h 326   -763977  0.999939  0.647501  0.921461  0.388471  1.59243e-05
h 327   -763977  0.999939  0.647517  0.921461  0.388471  1.59236e-05
h 328   -763977  0.999939  0.647389  0.921461  0.388471  1.59294e-05
h 329   -763977  0.999939  0.647386  0.921461  0.388471  1.59295e-05
h 330   -763977  0.999939  0.647519  0.921461  0.388471  1.59235e-05
h 331   -763977  0.999939  0.647396  0.921461  0.388471  1.59291e-05
h 332   -763977  0.999939  0.647515  0.921461  0.388471  1.59237e-05
h 333   -763977  0.999939  0.647417  0.921461  0.388471  1.59281e-05
h 334   -763977  0.999939  0.647508  0.921461  0.388471  1.5924e-05
E_DATA
B_MESH_DATA
Dim 2 
NumPts 416 
NumElems 636 
1   0.00734561   0.0237364    0
2   0.00736845   0.0236216    0
3   0.00679129   0.0235068    0
4   0.00728058   0.0238337    0
5   0.00685632   0.0234094    0
6   0.00718325   0.0238987    0
7   0.00706845   0.0239216    0
8   0.00695364   0.0233444    0
9   0.00706845   0.0233216    0
10   0.00695364   0.0238987    0
11   0.00685632   0.0238337    0
12   0.00718325   0.0233444    0
13   0.00679129   0.0237364    0
14   0.00728058   0.0234094    0
15   0.00676845   0.0236216    0
16   0.00734561   0.0235068    0
17   0.00762088   0.0217792    0
18   0.0123354   0.0149897    0
19   0.0114139   0.0146012    0
20   0.0115888   0.0159506    0
21   0.00635328   0.0254679    0
22   0.00459291   0.0281897    0
23   0.0035477   0.0293651    0
24   0.005173   0.0293375    0
25   0.00939184   0.0213282    0
26   0.00859557   0.0199992    0
27   0.00710703   0.0203123    0
28   0.00563812   0.0270143    0
29   0.00711162   0.0267369    0
30   0.00793285   0.0251466    0
31   0.00421266   0.0271778    0
32   0.00624844   0.0220829    0
33   0.00364447   0.0330304    0
34   0.00492206   0.0325741    0
35   0.00370489   0.0316    0
36   0.00663116   0.0278766    0
37   0.0063986   0.0290382    0
38   0.00876686   0.023082    0
39   0.00582223   0.0230041    0
40   0.00464507   0.0261521    0
41   0.00525417   0.0245618    0
42   0.00877324   0.0187832    0
43   0.0101078   0.01963    0
44   0.0089509   0.0175671    0
45   0.00765594   0.0182157    0
46   0.00967686   0.0182486    0
47   0.0103441   0.018672    0
48   0.0105805   0.0177141    0
49   0.0111002   0.0184874    0
50   0.00969034   0.0166078    0
51   0.00831974   0.0166411    0
52   0.0110846   0.0168323    0
53   0.0119424   0.0166468    0
54   0.00160139   0.0314411    0
55   0.00180155   0.0322535    0
56   0.00255306   0.0311144    0
57   0.00140124   0.0306288    0
58   0.00272301   0.0326419    0
59   0.0100914   0.0154102    0
60   0.0104924   0.0142127    0
61   0.0088002   0.0155015    0
62   0.00918559   0.0146629    0
63   0.00816904   0.0145755    0
64   0.00957097   0.0138242    0
65   0.00792881   0.0151453    0
66   0.00834986   0.0241143    0
67   0.00752224   0.0259417    0
68   0.00825899   0.025803    0
69   0.00906558   0.0253198    0
70   0.0125678   0.0157255    0
71   0.0132568   0.0153781    0
72   0.00461701   0.0300464    0
73   0.00362629   0.0304825    0
74   0.00277434   0.0299376    0
75   0.00393235   0.0262338    0
76   0.00347385   0.0282783    0
77   0.00349994   0.0272595    0
78   0.00321962   0.0263156    0
79   0.00974981   0.0204791    0
80   0.0108639   0.0194454    0
81   0.00738148   0.019264    0
82   0.00667774   0.0211976    0
83   0.00636276   0.0204689    0
84   0.00114066   0.0312469    0
85   0.000880084   0.031865    0
86   0.00208779   0.0302832    0
87   0.00192239   0.0293926    0
88   0.00166182   0.0300107    0
89   0.00840928   0.0140056    0
90   0.00870772   0.024717    0
91   0.00930581   0.02475    0
92   0.00954604   0.0241802    0
93   0.00736791   0.0277378    0
94   0.00882535   0.0258896    0
95   0.00858512   0.0264595    0
96   0.00784837   0.0265982    0
97   0.00810467   0.0275991    0
98   0.0130285   0.0159197    0
99   0.0128002   0.0164613    0
100   0.00256457   0.0291523    0
101   0.0023548   0.0283669    0
102   0.00300341   0.0268284    0
103   0.00278721   0.0273413    0
104   0.00313053   0.0278098    0
105   0.00343582   0.0258027    0
106   0.00257101   0.0278541    0
107   0.0104874   0.0203383    0
108   0.0112251   0.0201975    0
109   0.0114225   0.0197291    0
110   0.01162   0.0192607    0
111   0.00899012   0.0139149    0
112   0.00864951   0.0134358    0
113   0.00911024   0.01363    0
114   0.00134081   0.0320592    0
115   0.00556222   0.0222348    0
116   0.00596249   0.0213518    0
117   0.00524725   0.021506    0
118   0.00561849   0.0206254    0
119   0.00668561   0.0195044    0
120   0.00598973   0.0197448    0
121   0.00617535   0.0193045    0
122   0.00636098   0.0188642    0
123   0.00580411   0.0201851    0
124   0.00712769   0.0283077    0
125   0.00701141   0.0288885    0
126   0.00762421   0.0287388    0
127   0.00469561   0.0311638    0
128   0.00568633   0.0307277    0
129   0.00544764   0.0316408    0
130   0.00456593   0.0334189    0
131   0.00548739   0.0338074    0
132   0.00520473   0.0331907    0
133   0.00556086   0.032346    0
134   0.00619966   0.0321178    0
135   0.00584353   0.0329626    0
136   0.00604247   0.0298829    0
137   0.00629913   0.030578    0
138   0.00703718   0.0186705    0
139   0.00924527   0.0160546    0
140   0.00855997   0.0160713    0
141   0.00768858   0.0157151    0
142   0.00800416   0.0161781    0
143   0.00798784   0.0174284    0
144   0.00734036   0.0177527    0
145   0.00669288   0.0180769    0
146   0.00907935   0.0222051    0
147   0.00915645   0.0236311    0
148   0.010111   0.0212312    0
149   0.0108302   0.0211342    0
150   0.00605524   0.0241977    0
151   0.0055382   0.0237829    0
152   0.00519612   0.0230583    0
153   0.00487601   0.0223866    0
154   0.00430155   0.0253581    0
155   0.00365203   0.0252899    0
156   0.0046061   0.0245629    0
157   0.00395802   0.0245641    0
158   0.00786444   0.0281689    0
159   0.00834489   0.0270293    0
160   0.0021386   0.0288798    0
161   0.0110276   0.0206658    0
162   0.00506163   0.0219463    0
163   0.00543287   0.0210657    0
164   0.00602159   0.0325402    0
165   0.00566546   0.033385    0
166   0.00600172   0.0314569    0
167   0.0065558   0.0312731    0
168   0.00744614   0.0291612    0
169   0.00726807   0.0295835    0
170   0.00637773   0.0316954    0
171   0.00673387   0.0308507    0
172   0.00691194   0.0304283    0
173   0.00665527   0.0297332    0
174   0.00709   0.0300059    0
175   0.00752263   0.0161088    0
176   0.00735668   0.0165024    0
177   0.00652693   0.0184706    0
178   0.00767226   0.0169654    0
179   0.00702478   0.0172897    0
180   0.00685883   0.0176833    0
181   0.00979424   0.0220504    0
182   0.0105091   0.0218957    0
183   0.00947321   0.0228119    0
184   0.00986707   0.0234187    0
185   0.0101881   0.0226572    0
186   0.0103486   0.0222764    0
187   0.0100276   0.0230379    0
188   0.00970656   0.0237994    0
189   0.0106697   0.0215149    0
190   0.00380503   0.024927    0
191   0.00472301   0.0227495    0
192   0.00457001   0.0231124    0
193   0.00490111   0.0238106    0
194   0.00507764   0.0241862    0
195   0.0047536   0.0241868    0
196   0.00426402   0.0238382    0
197   0.00411102   0.0242012    0
198   0.00719073   0.016896    0
199   0.00441701   0.0234753    0
200   0.0113953   0.0177876    0
201   0.0116688   0.0172172    0
202   0.0125051   0.0171612    0
203   0.0109821   0.0189664    0
204   0.0113601   0.0188741    0
205   0.0122551   0.0161862    0
206   0.0123713   0.0165541    0
207   0.0116552   0.0181742    0
208   0.011915   0.0185609    0
209   0.0120625   0.018211    0
210   0.0122101   0.017861    0
211   0.0117675   0.0189108    0
212   0.0119395   0.0175391    0
213   0.0123576   0.0175111    0
214   0.0126526   0.0168112    0
215   0.0146012   0.0114139    0
216   0.0149897   0.0123354    0
217   0.0159506   0.0115888    0
218   0.0158899   0.00972167    0
219   0.0174433   0.0106946    0
220   0.0175671   0.0089509    0
221   0.019467   0.00995293    0
222   0.0196732   0.00828589    0
223   0.0257115   0.00663038    0
224   0.0273315   0.00639043    0
225   0.0259242   0.00515665    0
226   0.0214567   0.00922553    0
227   0.0217792   0.00762088    0
228   0.0293375   0.005173    0
229   0.0293651   0.0035477    0
230   0.0279345   0.00415079    0
231   0.0229797   0.00858346    0
232   0.0240915   0.00687033    0
233   0.0316   0.00370489    0
234   0.0327037   0.00459614    0
235   0.0330304   0.00364447    0
236   0.0164062   0.00841878    0
237   0.018364   0.00770486    0
238   0.0220829   0.00624844    0
239   0.0201493   0.00695219    0
240   0.0241358   0.00820819    0
241   0.0264895   0.00743741    0
242   0.0304688   0.00443895    0
243   0.0283345   0.00578171    0
244   0.0290382   0.0063986    0
245   0.0280351   0.00700732    0
246   0.027633   0.00527061    0
247   0.0269294   0.00465372    0
248   0.023239   0.00587317    0
249   0.0245816   0.00551491    0
250   0.027233   0.00363968    0
251   0.0286636   0.00303659    0
252   0.0257539   0.00774752    0
253   0.0303351   0.00572325    0
254   0.0248406   0.00462357    0
255   0.0260145   0.00419297    0
256   0.0234534   0.00510453    0
257   0.0322535   0.00180155    0
258   0.0314411   0.00160139    0
259   0.0311144   0.00255306    0
260   0.0334189   0.00456593    0
261   0.0332555   0.00504176    0
262   0.0327358   0.00593914    0
263   0.0338074   0.00548739    0
264   0.0310665   0.00541492    0
265   0.0316642   0.00639089    0
266   0.0322   0.00616502    0
267   0.0173814   0.0115665    0
268   0.016635   0.0120136    0
269   0.0173194   0.0124384    0
270   0.0156692   0.0125915    0
271   0.0153781   0.0132568    0
272   0.0163488   0.0128476    0
273   0.0184551   0.0103238    0
274   0.0204618   0.00958923    0
275   0.0193639   0.0107865    0
276   0.0152456   0.0105678    0
277   0.0142127   0.0104924    0
278   0.014664   0.00974365    0
279   0.0138242   0.00957097    0
280   0.0151152   0.00899488    0
281   0.0144697   0.00928292    0
282   0.0143405   0.00826809    0
283   0.0173109   0.00803736    0
284   0.0157607   0.00870683    0
285   0.0192566   0.00732852    0
286   0.0195068   0.00665658    0
287   0.0211161   0.00660032    0
288   0.0203874   0.00628534    0
289   0.0197448   0.00598973    0
290   0.0230272   0.00460595    0
291   0.0223866   0.00487601    0
292   0.0236678   0.00433588    0
293   0.0312469   0.00114066    0
294   0.0306288   0.00140124    0
295   0.031865   0.000880084    0
296   0.0302397   0.00305038    0
297   0.0304343   0.00222581    0
298   0.0300107   0.00166182    0
299   0.0293926   0.00192239    0
300   0.0332716   0.00571326    0
301   0.0178048   0.0122338    0
302   0.0182901   0.0120292    0
303   0.0168341   0.012643    0
304   0.0183726   0.0111765    0
305   0.0192607   0.01162    0
306   0.0158635   0.0130522    0
307   0.0187754   0.0118246    0
308   0.0203296   0.0104072    0
309   0.0201975   0.0112251    0
310   0.0197291   0.0114225    0
311   0.0139528   0.00896622    0
312   0.01363   0.00911024    0
313   0.0134358   0.00864951    0
314   0.0320592   0.00134081    0
315   0.0167305   0.0077713    0
316   0.0170547   0.00712382    0
317   0.0177094   0.00741434    0
318   0.0159554   0.00810604    0
319   0.01615   0.00750524    0
320   0.0151802   0.00844077    0
321   0.0152453   0.00788666    0
322   0.0156976   0.00769595    0
323   0.0186081   0.00703546    0
324   0.0188642   0.00636098    0
325   0.0179595   0.0067424    0
326   0.0222348   0.00556222    0
327   0.0213111   0.00592378    0
328   0.0206254   0.00561849    0
329   0.021506   0.00524725    0
330   0.0193045   0.00617535    0
331   0.0201851   0.00580411    0
332   0.0249227   0.00730893    0
333   0.0249449   0.00797785    0
334   0.0235799   0.00906475    0
335   0.0241802   0.00954604    0
336   0.024158   0.00887711    0
337   0.0222182   0.00890449    0
338   0.0220569   0.00970682    0
339   0.0212954   0.0100278    0
340   0.0218957   0.0105091    0
341   0.0211342   0.0108302    0
342   0.0272623   0.00722236    0
343   0.0268786   0.00784092    0
344   0.026143   0.00815104    0
345   0.026532   0.00855455    0
346   0.0288885   0.00701141    0
347   0.028387   0.00731576    0
348   0.0287388   0.00762421    0
349   0.0309997   0.00605707    0
350   0.0296866   0.00606093    0
351   0.0302683   0.0063654    0
352   0.0309329   0.00669922    0
353   0.024147   0.00486405    0
354   0.0254276   0.00440827    0
355   0.0249701   0.0041779    0
356   0.0243837   0.00403406    0
357   0.0266238   0.00391633    0
358   0.0255571   0.0039626    0
359   0.0250997   0.00373223    0
360   0.0268823   0.00338413    0
361   0.0293789   0.00273504    0
362   0.0206658   0.0110276    0
363   0.0175071   0.00693311    0
364   0.0166024   0.00731453    0
365   0.0147929   0.00807738    0
366   0.0138881   0.0084588    0
367   0.0184119   0.00655169    0
368   0.0219463   0.00506163    0
369   0.0210657   0.00543287    0
370   0.0253706   0.00842126    0
371   0.0257964   0.00886466    0
372   0.0253923   0.00903501    0
373   0.0247643   0.00864919    0
374   0.0249883   0.00920535    0
375   0.0245842   0.0093757    0
376   0.0222764   0.0103486    0
377   0.0226572   0.0101881    0
378   0.0228184   0.00938578    0
379   0.0234187   0.00986707    0
380   0.0230379   0.0100276    0
381   0.0237994   0.00970656    0
382   0.0215149   0.0106697    0
383   0.0268998   0.00839949    0
384   0.0272676   0.00824444    0
385   0.0261642   0.00870961    0
386   0.028371   0.00777927    0
387   0.0280032   0.00793432    0
388   0.0276328   0.00757834    0
389   0.0276354   0.00808938    0
390   0.0312985   0.00654506    0
391   0.0291045   0.00747004    0
392   0.0294701   0.00731588    0
393   0.0305672   0.00685339    0
394   0.0302015   0.00700755    0
395   0.0295784   0.0066884    0
396   0.0298358   0.00716171    0
397   0.0242654   0.00444905    0
398   0.0254576   0.00358132    0
399   0.0258156   0.0034304    0
400   0.0262197   0.00367336    0
401   0.0265315   0.00312857    0
402   0.0261736   0.00327949    0
403   0.0247417   0.00388314    0
404   0.0290281   0.00247949    0
405   0.0268892   0.0029778    0
406   0.0272468   0.00282703    0
407   0.0279483   0.00333813    0
408   0.0283128   0.00278104    0
409   0.0286774   0.00222394    0
410   0.0326419   0.00272301    0
411   0.0240257   0.00418497    0
412   0.029035   0.00207316    0
413   0.0275976   0.00308258    0
414   0.0279621   0.00252548    0
415   0.0276044   0.00267626    0
416   0.0283197   0.00237471    0
321  2745  1  2  3 
322  2745  4  1  3 
323  2745  5  3  2 
324  2745  4  3  6 
325  2745  7  6  3 
326  2745  8  5  2 
327  2745  8  2  9 
328  2745  7  3  10 
329  2745  10  3  11 
330  2745  12  9  2 
331  2745  13  11  3 
332  2745  14  12  2 
333  2745  15  13  3 
334  2745  16  14  2 
319  2373  12  17  9 
320  2373  14  17  12 
336  2373  18  19  20 
340  2373  21  7  10 
348  2373  22  23  24 
349  2373  25  26  17 
350  2373  26  27  17 
650  2373  28  29  21 
651  2373  30  4  6 
652  2373  30  6  7 
653  2373  7  21  30 
657  2373  28  31  22 
695  2373  32  8  9 
696  2373  9  17  32 
699  2373  33  34  35 
700  2373  28  36  29 
701  2373  36  28  22 
702  2373  22  24  37 
703  2373  37  36  22 
717  2373  38  17  14 
718  2373  14  16  38 
731  2373  39  15  3 
732  2373  39  3  5 
733  2373  39  5  8 
734  2373  8  32  39 
735  2373  28  40  31 
736  2373  40  28  21 
737  2373  21  41  40 
760  2373  42  26  43 
761  2373  42  44  45 
762  2373  46  42  43 
763  2373  42  46  44 
764  2373  47  48  46 
765  2373  43  47  46 
766  2373  49  48  47 
771  2373  46  48  50 
772  2373  50  44  46 
773  2373  51  44  50 
774  2373  48  52  50 
796  2373  52  53  20 
801  2373  54  55  56 
802  2373  57  54  56 
822  2373  58  33  35 
823  2373  56  55  58 
824  2373  58  35  56 
840  2373  52  20  59 
841  2373  59  50  52 
842  2373  19  60  59 
843  2373  59  20  19 
844  2373  61  62  63 
845  2373  62  61  59 
846  2373  60  64  62 
847  2373  62  59  60 
858  2373  63  65  61 
860  2373  4  30  66 
861  2373  66  1  4 
862  2373  2  1  66 
863  2373  16  2  66 
864  2373  66  38  16 
866  2373  29  67  21 
867  2373  67  30  21 
868  2373  30  68  69 
869  2373  68  30  67 
879  2373  70  18  20 
880  2373  18  70  71 
900  2373  23  72  24 
901  2373  35  73  56 
902  2373  23  73  72 
903  2373  73  74  56 
904  2373  74  73  23 
905  2373  40  75  31 
906  2373  22  76  23 
907  2373  76  22  31 
908  2373  31  77  76 
909  2373  77  31  75 
910  2373  75  78  77 
969  2373  25  79  26 
970  2373  79  43  26 
996  2373  43  80  47 
1048  2373  81  27  26 
1049  2373  42  45  81 
1050  2373  81  26  42 
1063  2373  27  82  17 
1064  2373  82  32  17 
1065  2373  27  83  82 
1081  2373  84  85  54 
1082  2373  57  84  54 
1088  2373  74  86  56 
1089  2373  86  57  56 
1090  2373  86  74  87 
1099  2373  88  57  86 
1100  2373  87  88  86 
1108  2373  89  63  62 
1111  2373  69  90  30 
1112  2373  90  66  30 
1115  2373  91  92  90 
1116  2373  69  91  90 
1117  2373  36  93  29 
1126  2373  94  69  68 
1127  2373  95  94  68 
1130  2373  29  96  67 
1131  2373  96  29  93 
1132  2373  93  97  96 
1133  2373  96  95  68 
1134  2373  68  67  96 
1135  2373  98  71  70 
1136  2373  99  98  70 
1148  2373  100  74  23 
1149  2373  74  100  87 
1150  2373  100  23  76 
1151  2373  76  101  100 
1155  2373  102  103  77 
1156  2373  78  102  77 
1159  2373  76  104  101 
1160  2373  104  76  77 
1161  2373  103  104  77 
1165  2373  105  78  75 
1170  2373  106  101  104 
1171  2373  103  106  104 
1220  2373  79  107  43 
1221  2373  80  43  107 
1222  2373  107  108  80 
1233  2373  109  110  80 
1234  2373  108  109  80 
1240  2373  89  111  112 
1241  2373  111  89  62 
1242  2373  64  111  62 
1244  2373  113  112  111 
1245  2373  64  113  111 
1250  2373  114  55  54 
1251  2373  85  114  54 
1298  2373  32  115  39 
1312  2373  82  116  32 
1313  2373  115  32  116 
1314  2373  116  117  115 
1315  2373  83  118  116 
1316  2373  116  82  83 
1317  2373  81  119  27 
1318  2373  83  27  119 
1319  2373  119  120  83 
1322  2373  121  120  119 
1323  2373  122  121  119 
1344  2373  123  118  83 
1345  2373  120  123  83 
1357  2373  124  36  37 
1358  2373  36  124  93 
1359  2373  125  126  124 
1360  2373  37  125  124 
1361  2373  127  35  34 
1362  2373  127  128  72 
1363  2373  127  72  73 
1364  2373  73  35  127 
1365  2373  129  127  34 
1366  2373  127  129  128 
1368  2373  33  130  34 
1371  2373  131  132  130 
1372  2373  132  34  130 
1373  2373  34  133  129 
1374  2373  133  134  129 
1375  2373  133  34  132 
1376  2373  132  135  133 
1385  2373  136  37  24 
1386  2373  136  24  72 
1387  2373  72  128  136 
1388  2373  128  137  136 
1408  2373  138  81  45 
1409  2373  119  81  138 
1410  2373  138  122  119 
1411  2373  50  139  51 
1412  2373  139  50  59 
1413  2373  61  139  59 
1414  2373  61  140  139 
1415  2373  140  51  139 
1416  2373  140  61  65 
1417  2373  65  141  140 
1418  2373  142  51  140 
1419  2373  141  142  140 
1429  2373  51  143  44 
1430  2373  143  45  44 
1433  2373  144  45  143 
1434  2373  138  45  144 
1435  2373  144  145  138 
1442  2373  38  146  17 
1443  2373  146  25  17 
1452  2373  147  38  66 
1453  2373  90  92  147 
1454  2373  147  66  90 
1468  2373  25  148  79 
1469  2373  148  149  107 
1470  2373  107  79  148 
1538  2373  150  11  13 
1539  2373  150  41  21 
1540  2373  150  21  10 
1541  2373  10  11  150 
1542  2373  150  13  15 
1543  2373  151  41  150 
1544  2373  151  150  15 
1545  2373  15  39  151 
1546  2373  39  152  151 
1547  2373  115  153  152 
1548  2373  152  39  115 
1549  2373  154  40  41 
1550  2373  75  40  154 
1551  2373  105  75  154 
1552  2373  154  155  105 
1561  2373  41  156  154 
1562  2373  156  157  154 
1594  2373  158  97  93 
1597  2373  158  93  124 
1598  2373  124  126  158 
1602  2373  159  95  96 
1603  2373  97  159  96 
1606  2373  160  87  100 
1607  2373  101  160  100 
1614  2373  161  108  107 
1615  2373  149  161  107 
1647  2373  162  153  115 
1648  2373  117  162  115 
1655  2373  163  117  116 
1656  2373  118  163  116 
1670  2373  164  134  133 
1671  2373  135  164  133 
1674  2373  165  135  132 
1675  2373  131  165  132 
1678  2373  129  166  128 
1679  2373  166  129  134 
1680  2373  137  128  166 
1681  2373  166  167  137 
1686  2373  168  126  125 
1687  2373  169  168  125 
1694  2373  170  167  166 
1695  2373  134  170  166 
1702  2373  171  172  137 
1703  2373  167  171  137 
1706  2373  136  173  37 
1707  2373  125  37  173 
1708  2373  173  169  125 
1709  2373  137  172  173 
1710  2373  173  136  137 
1713  2373  174  169  173 
1714  2373  172  174  173 
1731  2373  175  176  142 
1732  2373  141  175  142 
1735  2373  177  122  138 
1736  2373  145  177  138 
1739  2373  178  143  51 
1740  2373  178  51  142 
1741  2373  142  176  178 
1742  2373  178  179  144 
1743  2373  144  143  178 
1749  2373  180  145  144 
1750  2373  179  180  144 
1763  2373  146  181  25 
1764  2373  148  25  181 
1765  2373  181  182  148 
1766  2373  183  146  38 
1767  2373  183  38  147 
1768  2373  147  184  183 
1769  2373  183  185  181 
1770  2373  181  146  183 
1776  2373  186  182  181 
1777  2373  185  186  181 
1782  2373  187  185  183 
1783  2373  184  187  183 
1788  2373  188  184  147 
1789  2373  92  188  147 
1797  2373  189  149  148 
1798  2373  182  189  148 
1880  2373  190  155  154 
1881  2373  157  190  154 
1884  2373  191  192  152 
1885  2373  153  191  152 
1888  2373  193  151  152 
1889  2373  152  192  193 
1890  2373  193  194  151 
1891  2373  194  41  151 
1892  2373  41  194  156 
1893  2373  195  193  196 
1894  2373  195  156  194 
1895  2373  193  195  194 
1896  2373  197  157  156 
1898  2373  195  196  197 
1899  2373  197  156  195 
1968  2373  198  179  178 
1969  2373  176  198  178 
1972  2373  199  196  193 
1973  2373  192  199  193 
2003  2373  200  48  49 
2004  2373  48  200  52 
2010  2373  200  201  52 
2011  2373  201  53  52 
2012  2373  202  53  201 
2013  2373  80  203  47 
2014  2373  203  49  47 
2015  2373  203  80  110 
2016  2373  204  49  203 
2017  2373  110  204  203 
2021  2373  70  205  99 
2022  2373  205  70  20 
2023  2373  53  205  20 
2024  2373  206  53  202 
2025  2373  53  206  205 
2026  2373  206  99  205 
2049  2373  207  200  49 
2050  2373  207  49  204 
2051  2373  204  208  207 
2054  2373  209  210  207 
2055  2373  208  209  207 
2060  2373  211  208  204 
2061  2373  110  211  204 
2064  2373  212  201  200 
2065  2373  201  212  202 
2066  2373  207  210  212 
2067  2373  212  200  207 
2069  2373  213  202  212 
2070  2373  210  213  212 
2073  2373  214  99  206 
2074  2373  202  214  206 
335  2424  215  216  217 
338  2424  218  217  219 
339  2424  219  220  218 
341  2424  221  222  220 
342  2424  223  224  225 
343  2424  226  227  222 
344  2424  228  229  230 
347  2424  227  231  232 
655  2424  233  234  235 
689  2424  220  236  218 
692  2424  222  237  220 
694  2424  238  227  232 
698  2424  239  222  227 
710  2424  240  232  231 
725  2424  223  241  224 
727  2424  228  242  229 
740  2424  243  228  230 
741  2424  228  243  244 
742  2424  245  244  243 
743  2424  243  224  245 
744  2424  224  246  225 
745  2424  230  246  243 
746  2424  246  224  243 
747  2424  247  225  246 
748  2424  230  247  246 
749  2424  232  248  238 
750  2424  249  248  232 
751  2424  249  232  223 
752  2424  223  225  249 
755  2424  230  250  247 
759  2424  229  251  230 
792  2424  223  252  241 
793  2424  253  242  228 
794  2424  254  249  225 
795  2424  247  255  225 
798  2424  256  248  249 
800  2424  257  258  259 
883  2424  260  235  234 
886  2424  261  234  262 
887  2424  261  263  260 
888  2424  234  261  260 
893  2424  264  242  253 
894  2424  264  234  233 
895  2424  233  242  264 
897  2424  265  266  264 
898  2424  234  264  266 
899  2424  266  262  234 
939  2424  267  219  217 
955  2424  217  268  267 
956  2424  268  269  267 
957  2424  216  270  217 
958  2424  270  216  271 
959  2424  268  217  270 
960  2424  270  272  268 
961  2424  273  221  220 
962  2424  219  273  220 
967  2424  221  274  222 
968  2424  274  226  222 
995  2424  275  221  273 
997  2424  215  276  277 
998  2424  276  215  217 
999  2424  218  276  217 
1000  2424  277  278  279 
1001  2424  278  277  276 
1002  2424  278  276  218 
1003  2424  218  280  278 
1004  2424  281  280  282 
1005  2424  280  281  278 
1006  2424  281  279  278 
1026  2424  220  283  236 
1027  2424  283  220  237 
1043  2424  236  284  218 
1044  2424  284  280  218 
1045  2424  285  237  222 
1046  2424  239  285  222 
1047  2424  239  286  285 
1058  2424  238  287  227 
1059  2424  287  239  227 
1060  2424  288  239  287 
1061  2424  286  239  288 
1062  2424  288  289  286 
1073  2424  290  291  256 
1074  2424  292  290  256 
1077  2424  293  294  258 
1078  2424  295  293  258 
1085  2424  296  229  242 
1086  2424  296  242  233 
1087  2424  233  259  296 
1091  2424  297  296  259 
1092  2424  258  294  297 
1093  2424  297  259  258 
1096  2424  298  299  297 
1097  2424  294  298  297 
1144  2424  300  263  261 
1145  2424  262  300  261 
1187  2424  301  302  267 
1188  2424  269  301  267 
1195  2424  303  269  268 
1196  2424  272  303  268 
1199  2424  304  273  219 
1200  2424  275  273  304 
1201  2424  304  305  275 
1202  2424  304  219  267 
1203  2424  267  302  304 
1208  2424  306  272  270 
1209  2424  271  306  270 
1213  2424  307  305  304 
1214  2424  302  307  304 
1217  2424  308  274  221 
1218  2424  308  221  275 
1219  2424  275  309  308 
1229  2424  310  309  275 
1230  2424  305  310  275 
1235  2424  281  311  279 
1236  2424  311  281  282 
1238  2424  312  279  311 
1239  2424  313  312  311 
1246  2424  314  295  258 
1247  2424  257  314  258 
1254  2424  315  283  316 
1255  2424  283  315  236 
1256  2424  237  317  283 
1257  2424  317  316  283 
1262  2424  318  284  236 
1263  2424  318  236  315 
1264  2424  315  319  318 
1265  2424  280  320  282 
1266  2424  320  280  284 
1267  2424  318  321  320 
1268  2424  320  284  318 
1272  2424  322  321  318 
1273  2424  319  322  318 
1288  2424  285  323  237 
1289  2424  323  285  286 
1290  2424  286  324  323 
1291  2424  317  237  323 
1292  2424  323  325  317 
1295  2424  326  238  248 
1296  2424  326  248  256 
1297  2424  256  291  326 
1303  2424  327  287  238 
1304  2424  327  328  288 
1305  2424  288  287  327 
1306  2424  327  238  326 
1307  2424  326  329  327 
1308  2424  330  324  286 
1309  2424  289  330  286 
1335  2424  331  289  288 
1336  2424  328  331  288 
1393  2424  232  332  223 
1394  2424  332  252  223 
1395  2424  332  232  240 
1396  2424  333  252  332 
1397  2424  240  333  332 
1402  2424  231  334  240 
1403  2424  335  336  334 
1404  2424  336  240  334 
1439  2424  226  337  227 
1440  2424  337  231  227 
1441  2424  226  338  337 
1463  2424  339  226  274 
1464  2424  338  226  339 
1465  2424  339  340  338 
1466  2424  308  341  339 
1467  2424  339  274  308 
1505  2424  241  342  224 
1506  2424  342  245  224 
1507  2424  241  343  342 
1510  2424  252  344  241 
1511  2424  343  241  344 
1512  2424  344  345  343 
1513  2424  346  244  245 
1514  2424  347  348  346 
1515  2424  245  347  346 
1523  2424  349  264  253 
1524  2424  264  349  265 
1530  2424  244  350  228 
1531  2424  350  253  228 
1532  2424  351  253  350 
1533  2424  349  253  351 
1534  2424  351  352  349 
1567  2424  254  353  249 
1568  2424  353  256  249 
1569  2424  256  353  292 
1573  2424  255  354  225 
1574  2424  354  254  225 
1575  2424  254  355  356 
1576  2424  355  254  354 
1577  2424  250  357  247 
1578  2424  357  255  247 
1579  2424  255  358  354 
1580  2424  358  359  355 
1581  2424  355  354  358 
1589  2424  250  360  357 
1590  2424  229  361  251 
1591  2424  361  229  296 
1592  2424  361  296  297 
1593  2424  297  299  361 
1610  2424  362  341  308 
1611  2424  309  362  308 
1622  2424  363  316  317 
1623  2424  325  363  317 
1626  2424  364  319  315 
1627  2424  316  364  315 
1631  2424  365  282  320 
1632  2424  321  365  320 
1635  2424  366  313  311 
1636  2424  282  366  311 
1639  2424  367  325  323 
1640  2424  324  367  323 
1643  2424  368  329  326 
1644  2424  291  368  326 
1651  2424  369  328  327 
1652  2424  329  369  327 
1715  2424  333  370  252 
1716  2424  370  371  344 
1717  2424  344  252  370 
1720  2424  372  371  370 
1721  2424  373  370  333 
1722  2424  240  336  373 
1723  2424  373  333  240 
1724  2424  373  374  372 
1725  2424  372  370  373 
1726  2424  335  375  336 
1729  2424  375  374  373 
1730  2424  373  336  375 
1753  2424  376  377  338 
1754  2424  340  376  338 
1758  2424  337  378  231 
1759  2424  334  231  378 
1760  2424  378  379  334 
1761  2424  338  377  378 
1762  2424  378  337  338 
1773  2424  380  379  378 
1774  2424  377  380  378 
1784  2424  381  335  334 
1785  2424  379  381  334 
1792  2424  382  340  339 
1793  2424  341  382  339 
1829  2424  383  384  343 
1830  2424  345  383  343 
1835  2424  385  345  344 
1836  2424  371  385  344 
1837  2424  386  348  347 
1838  2424  387  386  347 
1841  2424  342  388  245 
1842  2424  347  245  388 
1843  2424  388  387  347 
1844  2424  343  384  388 
1845  2424  388  342  343 
1848  2424  389  387  388 
1849  2424  384  389  388 
1850  2424  390  265  349 
1851  2424  352  390  349 
1858  2424  391  392  346 
1859  2424  348  391  346 
1867  2424  393  352  351 
1868  2424  394  393  351 
1871  2424  395  350  244 
1872  2424  395  394  351 
1873  2424  351  350  395 
1874  2424  395  244  346 
1875  2424  346  392  395 
1878  2424  396  394  395 
1879  2424  392  396  395 
1905  2424  353  397  292 
1906  2424  397  353  254 
1907  2424  356  397  254 
1917  2424  398  359  358 
1918  2424  399  398  358 
1921  2424  357  400  255 
1922  2424  358  255  400 
1923  2424  400  399  358 
1924  2424  360  401  400 
1925  2424  400  357  360 
1928  2424  402  399  400 
1929  2424  401  402  400 
1930  2424  403  356  355 
1931  2424  359  403  355 
1934  2424  404  361  299 
1935  2424  361  404  251 
1938  2424  405  401  360 
1939  2424  406  405  360 
1945  2424  251  407  230 
1946  2424  407  250  230 
1954  2424  251  408  407 
1955  2424  408  251  404 
1956  2424  404  409  408 
1957  2424  235  410  233 
1959  2424  410  257  259 
1960  2424  259  233  410 
1976  2424  411  292  397 
1977  2424  356  411  397 
1980  2424  412  409  404 
1981  2424  299  412  404 
1984  2424  407  413  250 
1985  2424  360  250  413 
1986  2424  413  406  360 
1987  2424  408  414  413 
1988  2424  413  407  408 
1991  2424  415  406  413 
1992  2424  414  415  413 
1995  2424  416  414  408 
1996  2424  409  416  408 
E_MESH_DATA
