PhaseB
  5 10
  0.0311
  -63.9809  0  0  -0.566893  -49.1132  
  0.0312
  -64.8951  0  0  -0.571045  -41.5152  
  0.0313
  -65.7451  0  0  -0.574378  -33.3333  
  0.0314
  -66.5303  0  0  -0.576863  -24.8455  
  0.0315
  -67.2499  0  0  -0.578781  -19.1834  
  0.0316
  -67.903  0  0  -0.580391  -16.1013  
  0.0317
  -68.4892  0  0  -0.581695  -13.0436  
  0.0318
  -69.0077  0  0  -0.582621  -9.25926  
  0.0319
  -69.4582  0  0  -0.583133  -5.11894  
  0.032
  -69.8401  0  0  -0.583188  -0.551054  
