SolidID  1180   15 
h 1359   -763990  0.999939  0.96  0.995434  -0.0954544  0
h 1360   -763990  0.999939  0.96  0.995434  -0.0954544  0
h 1361   -763990  0.999939  0.96  0.995434  -0.0954544  0
h 1362   -763990  0.999939  0.96  0.995434  -0.0954544  0
h 1363   -763990  0.999939  0.96  0.995434  -0.0954544  0
h 1364   -763990  0.999939  0.96  0.995434  -0.0954544  0
h 1365   -763990  0.999939  0.96  0.995434  -0.0954544  0
h 1366   -763990  0.999939  0.96  0.995434  -0.0954544  0
h 1367   -763990  0.999939  0.96  0.995434  -0.0954544  0
h 1368   -763990  0.999939  0.96  0.995434  -0.0954544  0
h 1369   -763990  0.999939  0.96  0.995434  -0.0954544  0
h 1370   -763990  0.999939  0.96  0.995434  -0.0954544  0
h 1371   -763990  0.999939  0.96  0.995434  -0.0954544  0
h 1372   -763990  0.999939  0.96  0.995434  -0.0954544  0
h 1373   -763990  0.999939  0.96  0.995434  -0.0954544  0
SolidID  1224   15 
h 1511   -763990  0.999939  0.96  -0.749216  0.662326  0
h 1512   -763990  0.999939  0.96  -0.749216  0.662326  0
h 1513   -763990  0.999939  0.96  -0.749216  0.662326  0
h 1514   -763990  0.999939  0.96  -0.749216  0.662326  0
h 1515   -763990  0.999939  0.96  -0.749216  0.662326  0
h 1516   -763990  0.999939  0.96  -0.749216  0.662326  0
h 1517   -763990  0.999939  0.96  -0.749216  0.662326  0
h 1518   -763990  0.999939  0.96  -0.749216  0.662326  0
h 1519   -763990  0.999939  0.96  -0.749216  0.662326  0
h 1520   -763990  0.999939  0.96  -0.749216  0.662326  0
h 1521   -763990  0.999939  0.96  -0.749216  0.662326  0
h 1522   -763990  0.999939  0.96  -0.749216  0.662326  0
h 1523   -763990  0.999939  0.96  -0.749216  0.662326  0
h 1524   -763990  0.999939  0.96  -0.749216  0.662326  0
h 1525   -763990  0.999939  0.96  -0.749216  0.662326  0
SolidID  1191   15 
h 1397   -763990  0.999939  0.96  -0.86143  -0.507877  0
h 1398   -763990  0.999939  0.96  -0.86143  -0.507877  0
h 1399   -763990  0.999939  0.96  -0.86143  -0.507877  0
h 1400   -763990  0.999939  0.96  -0.86143  -0.507877  0
h 1401   -763990  0.999939  0.96  -0.86143  -0.507877  0
h 1402   -763990  0.999939  0.96  -0.86143  -0.507877  0
h 1403   -763990  0.999939  0.96  -0.86143  -0.507877  0
h 1404   -763990  0.999939  0.96  -0.86143  -0.507877  0
h 1405   -763990  0.999939  0.96  -0.86143  -0.507877  0
h 1406   -763990  0.999939  0.96  -0.86143  -0.507877  0
h 1407   -763990  0.999939  0.96  -0.86143  -0.507877  0
h 1408   -763990  0.999939  0.96  -0.86143  -0.507877  0
h 1409   -763990  0.999939  0.96  -0.86143  -0.507877  0
h 1410   -763990  0.999939  0.96  -0.86143  -0.507877  0
h 1411   -763990  0.999939  0.96  -0.86143  -0.507877  0
SolidID  1628   10 
h 1273   -763990  0.999939  0.96  1  0  0
h 1274   -763990  0.999939  0.96  1  0  0
h 1275   -763990  0.999939  0.96  1  0  0
h 1276   -763990  0.999939  0.96  1  0  0
h 1277   -763990  0.999939  0.96  1  0  0
h 1278   -763990  0.999939  0.96  1  0  0
h 1279   -763990  0.999939  0.96  1  0  0
h 1280   -763990  0.999939  0.96  1  0  0
h 1281   -763990  0.999939  0.96  1  0  0
h 1282   -763990  0.999939  0.96  1  0  0
SolidID  1202   15 
h 1435   -763990  0.999939  0.96  0.398388  0.917217  0
h 1436   -763990  0.999939  0.96  0.398388  0.917217  0
h 1437   -763990  0.999939  0.96  0.398388  0.917217  0
h 1438   -763990  0.999939  0.96  0.398388  0.917217  0
h 1439   -763990  0.999939  0.96  0.398388  0.917217  0
h 1440   -763990  0.999939  0.96  0.398388  0.917217  0
h 1441   -763990  0.999939  0.96  0.398388  0.917217  0
h 1442   -763990  0.999939  0.96  0.398388  0.917217  0
h 1443   -763990  0.999939  0.96  0.398388  0.917217  0
h 1444   -763990  0.999939  0.96  0.398388  0.917217  0
h 1445   -763990  0.999939  0.96  0.398388  0.917217  0
h 1446   -763990  0.999939  0.96  0.398388  0.917217  0
h 1447   -763990  0.999939  0.96  0.398388  0.917217  0
h 1448   -763990  0.999939  0.96  0.398388  0.917217  0
h 1449   -763990  0.999939  0.96  0.398388  0.917217  0
SolidID  1213   15 
h 1473   -763990  0.999939  0.96  0.216823  -0.976211  0
h 1474   -763990  0.999939  0.96  0.216823  -0.976211  0
h 1475   -763990  0.999939  0.96  0.216823  -0.976211  0
h 1476   -763990  0.999939  0.96  0.216823  -0.976211  0
h 1477   -763990  0.999939  0.96  0.216823  -0.976211  0
h 1478   -763990  0.999939  0.96  0.216823  -0.976211  0
h 1479   -763990  0.999939  0.96  0.216823  -0.976211  0
h 1480   -763990  0.999939  0.96  0.216823  -0.976211  0
h 1481   -763990  0.999939  0.96  0.216823  -0.976211  0
h 1482   -763990  0.999939  0.96  0.216823  -0.976211  0
h 1483   -763990  0.999939  0.96  0.216823  -0.976211  0
h 1484   -763990  0.999939  0.96  0.216823  -0.976211  0
h 1485   -763990  0.999939  0.96  0.216823  -0.976211  0
h 1486   -763990  0.999939  0.96  0.216823  -0.976211  0
h 1487   -763990  0.999939  0.96  0.216823  -0.976211  0
SolidID  1235   15 
h 1549   -763990  0.999939  0.96  0.995434  -0.0954544  0
h 1550   -763990  0.999939  0.96  0.995434  -0.0954544  0
h 1551   -763990  0.999939  0.96  0.995434  -0.0954544  0
h 1552   -763990  0.999939  0.96  0.995434  -0.0954544  0
h 1553   -763990  0.999939  0.96  0.995434  -0.0954544  0
h 1554   -763990  0.999939  0.96  0.995434  -0.0954544  0
h 1555   -763990  0.999939  0.96  0.995434  -0.0954544  0
h 1556   -763990  0.999939  0.96  0.995434  -0.0954544  0
h 1557   -763990  0.999939  0.96  0.995434  -0.0954544  0
h 1558   -763990  0.999939  0.96  0.995434  -0.0954544  0
h 1559   -763990  0.999939  0.96  0.995434  -0.0954544  0
h 1560   -763990  0.999939  0.96  0.995434  -0.0954544  0
h 1561   -763990  0.999939  0.96  0.995434  -0.0954544  0
h 1562   -763990  0.999939  0.96  0.995434  -0.0954544  0
h 1563   -763990  0.999939  0.96  0.995434  -0.0954544  0
SolidID  1246   15 
h 1587   -763990  0.999939  0.96  -0.86143  -0.507877  0
h 1588   -763990  0.999939  0.96  -0.86143  -0.507877  0
h 1589   -763990  0.999939  0.96  -0.86143  -0.507877  0
h 1590   -763990  0.999939  0.96  -0.86143  -0.507877  0
h 1591   -763990  0.999939  0.96  -0.86143  -0.507877  0
h 1592   -763990  0.999939  0.96  -0.86143  -0.507877  0
h 1593   -763990  0.999939  0.96  -0.86143  -0.507877  0
h 1594   -763990  0.999939  0.96  -0.86143  -0.507877  0
h 1595   -763990  0.999939  0.96  -0.86143  -0.507877  0
h 1596   -763990  0.999939  0.96  -0.86143  -0.507877  0
h 1597   -763990  0.999939  0.96  -0.86143  -0.507877  0
h 1598   -763990  0.999939  0.96  -0.86143  -0.507877  0
h 1599   -763990  0.999939  0.96  -0.86143  -0.507877  0
h 1600   -763990  0.999939  0.96  -0.86143  -0.507877  0
h 1601   -763990  0.999939  0.96  -0.86143  -0.507877  0
SolidID  1094   15 
h 1609   -763990  0.999939  0.96  -0.398388  0.917217  0
h 1610   -763990  0.999939  0.96  -0.398388  0.917217  0
h 1611   -763990  0.999939  0.96  -0.398388  0.917217  0
h 1612   -763990  0.999939  0.96  -0.398388  0.917217  0
h 1613   -763990  0.999939  0.96  -0.398388  0.917217  0
h 1614   -763990  0.999939  0.96  -0.398388  0.917217  0
h 1615   -763990  0.999939  0.96  -0.398388  0.917217  0
h 1616   -763990  0.999939  0.96  -0.398388  0.917217  0
h 1617   -763990  0.999939  0.96  -0.398388  0.917217  0
h 1618   -763990  0.999939  0.96  -0.398388  0.917217  0
h 1619   -763990  0.999939  0.96  -0.398388  0.917217  0
h 1620   -763990  0.999939  0.96  -0.398388  0.917217  0
h 1621   -763990  0.999939  0.96  -0.398388  0.917217  0
h 1622   -763990  0.999939  0.96  -0.398388  0.917217  0
h 1623   -763990  0.999939  0.96  -0.398388  0.917217  0
SolidID  1158   15 
h 1283   -763990  0.999939  0.96  0.216823  -0.976211  0
h 1284   -763990  0.999939  0.96  0.216823  -0.976211  0
h 1285   -763990  0.999939  0.96  0.216823  -0.976211  0
h 1286   -763990  0.999939  0.96  0.216823  -0.976211  0
h 1287   -763990  0.999939  0.96  0.216823  -0.976211  0
h 1288   -763990  0.999939  0.96  0.216823  -0.976211  0
h 1289   -763990  0.999939  0.96  0.216823  -0.976211  0
h 1290   -763990  0.999939  0.96  0.216823  -0.976211  0
h 1291   -763990  0.999939  0.96  0.216823  -0.976211  0
h 1292   -763990  0.999939  0.96  0.216823  -0.976211  0
h 1293   -763990  0.999939  0.96  0.216823  -0.976211  0
h 1294   -763990  0.999939  0.96  0.216823  -0.976211  0
h 1295   -763990  0.999939  0.96  0.216823  -0.976211  0
h 1296   -763990  0.999939  0.96  0.216823  -0.976211  0
h 1297   -763990  0.999939  0.96  0.216823  -0.976211  0
SolidID  1072   15 
h 1533   -763990  0.999939  0.96  0.749216  0.662326  0
h 1534   -763990  0.999939  0.96  0.749216  0.662326  0
h 1535   -763990  0.999939  0.96  0.749216  0.662326  0
h 1536   -763990  0.999939  0.96  0.749216  0.662326  0
h 1537   -763990  0.999939  0.96  0.749216  0.662326  0
h 1538   -763990  0.999939  0.96  0.749216  0.662326  0
h 1539   -763990  0.999939  0.96  0.749216  0.662326  0
h 1540   -763990  0.999939  0.96  0.749216  0.662326  0
h 1541   -763990  0.999939  0.96  0.749216  0.662326  0
h 1542   -763990  0.999939  0.96  0.749216  0.662326  0
h 1543   -763990  0.999939  0.96  0.749216  0.662326  0
h 1544   -763990  0.999939  0.96  0.749216  0.662326  0
h 1545   -763990  0.999939  0.96  0.749216  0.662326  0
h 1546   -763990  0.999939  0.96  0.749216  0.662326  0
h 1547   -763990  0.999939  0.96  0.749216  0.662326  0
SolidID  1169   15 
h 1321   -763990  0.999939  0.96  -0.749216  0.662326  0
h 1322   -763990  0.999939  0.96  -0.749216  0.662326  0
h 1323   -763990  0.999939  0.96  -0.749216  0.662326  0
h 1324   -763990  0.999939  0.96  -0.749216  0.662326  0
h 1325   -763990  0.999939  0.96  -0.749216  0.662326  0
h 1326   -763990  0.999939  0.96  -0.749216  0.662326  0
h 1327   -763990  0.999939  0.96  -0.749216  0.662326  0
h 1328   -763990  0.999939  0.96  -0.749216  0.662326  0
h 1329   -763990  0.999939  0.96  -0.749216  0.662326  0
h 1330   -763990  0.999939  0.96  -0.749216  0.662326  0
h 1331   -763990  0.999939  0.96  -0.749216  0.662326  0
h 1332   -763990  0.999939  0.96  -0.749216  0.662326  0
h 1333   -763990  0.999939  0.96  -0.749216  0.662326  0
h 1334   -763990  0.999939  0.96  -0.749216  0.662326  0
h 1335   -763990  0.999939  0.96  -0.749216  0.662326  0
SolidID  1006   15 
h 1305   -763990  0.999939  0.96  -0.995434  -0.0954544  0
h 1306   -763990  0.999939  0.96  -0.995434  -0.0954544  0
h 1307   -763990  0.999939  0.96  -0.995434  -0.0954544  0
h 1308   -763990  0.999939  0.96  -0.995434  -0.0954544  0
h 1309   -763990  0.999939  0.96  -0.995434  -0.0954544  0
h 1310   -763990  0.999939  0.96  -0.995434  -0.0954544  0
h 1311   -763990  0.999939  0.96  -0.995434  -0.0954544  0
h 1312   -763990  0.999939  0.96  -0.995434  -0.0954544  0
h 1313   -763990  0.999939  0.96  -0.995434  -0.0954544  0
h 1314   -763990  0.999939  0.96  -0.995434  -0.0954544  0
h 1315   -763990  0.999939  0.96  -0.995434  -0.0954544  0
h 1316   -763990  0.999939  0.96  -0.995434  -0.0954544  0
h 1317   -763990  0.999939  0.96  -0.995434  -0.0954544  0
h 1318   -763990  0.999939  0.96  -0.995434  -0.0954544  0
h 1319   -763990  0.999939  0.96  -0.995434  -0.0954544  0
SolidID  1039   15 
h 1419   -763990  0.999939  0.96  -0.398388  0.917217  0
h 1420   -763990  0.999939  0.96  -0.398388  0.917217  0
h 1421   -763990  0.999939  0.96  -0.398388  0.917217  0
h 1422   -763990  0.999939  0.96  -0.398388  0.917217  0
h 1423   -763990  0.999939  0.96  -0.398388  0.917217  0
h 1424   -763990  0.999939  0.96  -0.398388  0.917217  0
h 1425   -763990  0.999939  0.96  -0.398388  0.917217  0
h 1426   -763990  0.999939  0.96  -0.398388  0.917217  0
h 1427   -763990  0.999939  0.96  -0.398388  0.917217  0
h 1428   -763990  0.999939  0.96  -0.398388  0.917217  0
h 1429   -763990  0.999939  0.96  -0.398388  0.917217  0
h 1430   -763990  0.999939  0.96  -0.398388  0.917217  0
h 1431   -763990  0.999939  0.96  -0.398388  0.917217  0
h 1432   -763990  0.999939  0.96  -0.398388  0.917217  0
h 1433   -763990  0.999939  0.96  -0.398388  0.917217  0
SolidID  1017   15 
h 1343   -763990  0.999939  0.96  0.749216  0.662326  0
h 1344   -763990  0.999939  0.96  0.749216  0.662326  0
h 1345   -763990  0.999939  0.96  0.749216  0.662326  0
h 1346   -763990  0.999939  0.96  0.749216  0.662326  0
h 1347   -763990  0.999939  0.96  0.749216  0.662326  0
h 1348   -763990  0.999939  0.96  0.749216  0.662326  0
h 1349   -763990  0.999939  0.96  0.749216  0.662326  0
h 1350   -763990  0.999939  0.96  0.749216  0.662326  0
h 1351   -763990  0.999939  0.96  0.749216  0.662326  0
h 1352   -763990  0.999939  0.96  0.749216  0.662326  0
h 1353   -763990  0.999939  0.96  0.749216  0.662326  0
h 1354   -763990  0.999939  0.96  0.749216  0.662326  0
h 1355   -763990  0.999939  0.96  0.749216  0.662326  0
h 1356   -763990  0.999939  0.96  0.749216  0.662326  0
h 1357   -763990  0.999939  0.96  0.749216  0.662326  0
SolidID  1083   15 
h 1571   -763990  0.999939  0.96  -0.216823  -0.976211  0
h 1572   -763990  0.999939  0.96  -0.216823  -0.976211  0
h 1573   -763990  0.999939  0.96  -0.216823  -0.976211  0
h 1574   -763990  0.999939  0.96  -0.216823  -0.976211  0
h 1575   -763990  0.999939  0.96  -0.216823  -0.976211  0
h 1576   -763990  0.999939  0.96  -0.216823  -0.976211  0
h 1577   -763990  0.999939  0.96  -0.216823  -0.976211  0
h 1578   -763990  0.999939  0.96  -0.216823  -0.976211  0
h 1579   -763990  0.999939  0.96  -0.216823  -0.976211  0
h 1580   -763990  0.999939  0.96  -0.216823  -0.976211  0
h 1581   -763990  0.999939  0.96  -0.216823  -0.976211  0
h 1582   -763990  0.999939  0.96  -0.216823  -0.976211  0
h 1583   -763990  0.999939  0.96  -0.216823  -0.976211  0
h 1584   -763990  0.999939  0.96  -0.216823  -0.976211  0
h 1585   -763990  0.999939  0.96  -0.216823  -0.976211  0
SolidID  1028   15 
h 1381   -763990  0.999939  0.96  -0.216823  -0.976211  0
h 1382   -763990  0.999939  0.96  -0.216823  -0.976211  0
h 1383   -763990  0.999939  0.96  -0.216823  -0.976211  0
h 1384   -763990  0.999939  0.96  -0.216823  -0.976211  0
h 1385   -763990  0.999939  0.96  -0.216823  -0.976211  0
h 1386   -763990  0.999939  0.96  -0.216823  -0.976211  0
h 1387   -763990  0.999939  0.96  -0.216823  -0.976211  0
h 1388   -763990  0.999939  0.96  -0.216823  -0.976211  0
h 1389   -763990  0.999939  0.96  -0.216823  -0.976211  0
h 1390   -763990  0.999939  0.96  -0.216823  -0.976211  0
h 1391   -763990  0.999939  0.96  -0.216823  -0.976211  0
h 1392   -763990  0.999939  0.96  -0.216823  -0.976211  0
h 1393   -763990  0.999939  0.96  -0.216823  -0.976211  0
h 1394   -763990  0.999939  0.96  -0.216823  -0.976211  0
h 1395   -763990  0.999939  0.96  -0.216823  -0.976211  0
SolidID  1050   15 
h 1457   -763990  0.999939  0.96  0.86143  -0.507877  0
h 1458   -763990  0.999939  0.96  0.86143  -0.507877  0
h 1459   -763990  0.999939  0.96  0.86143  -0.507877  0
h 1460   -763990  0.999939  0.96  0.86143  -0.507877  0
h 1461   -763990  0.999939  0.96  0.86143  -0.507877  0
h 1462   -763990  0.999939  0.96  0.86143  -0.507877  0
h 1463   -763990  0.999939  0.96  0.86143  -0.507877  0
h 1464   -763990  0.999939  0.96  0.86143  -0.507877  0
h 1465   -763990  0.999939  0.96  0.86143  -0.507877  0
h 1466   -763990  0.999939  0.96  0.86143  -0.507877  0
h 1467   -763990  0.999939  0.96  0.86143  -0.507877  0
h 1468   -763990  0.999939  0.96  0.86143  -0.507877  0
h 1469   -763990  0.999939  0.96  0.86143  -0.507877  0
h 1470   -763990  0.999939  0.96  0.86143  -0.507877  0
h 1471   -763990  0.999939  0.96  0.86143  -0.507877  0
SolidID  1061   15 
h 1495   -763990  0.999939  0.96  -0.995434  -0.0954544  0
h 1496   -763990  0.999939  0.96  -0.995434  -0.0954544  0
h 1497   -763990  0.999939  0.96  -0.995434  -0.0954544  0
h 1498   -763990  0.999939  0.96  -0.995434  -0.0954544  0
h 1499   -763990  0.999939  0.96  -0.995434  -0.0954544  0
h 1500   -763990  0.999939  0.96  -0.995434  -0.0954544  0
h 1501   -763990  0.999939  0.96  -0.995434  -0.0954544  0
h 1502   -763990  0.999939  0.96  -0.995434  -0.0954544  0
h 1503   -763990  0.999939  0.96  -0.995434  -0.0954544  0
h 1504   -763990  0.999939  0.96  -0.995434  -0.0954544  0
h 1505   -763990  0.999939  0.96  -0.995434  -0.0954544  0
h 1506   -763990  0.999939  0.96  -0.995434  -0.0954544  0
h 1507   -763990  0.999939  0.96  -0.995434  -0.0954544  0
h 1508   -763990  0.999939  0.96  -0.995434  -0.0954544  0
h 1509   -763990  0.999939  0.96  -0.995434  -0.0954544  0
SolidID  993   29 
h 1243   -763990  0.999939  0.96  0.86143  -0.507877  0
h 1244   -763990  0.999939  0.96  0.86143  -0.507877  0
h 1245   -763990  0.999939  0.96  0.86143  -0.507877  0
h 1246   -763990  0.999939  0.96  0.86143  -0.507877  0
h 1247   -763990  0.999939  0.96  0.86143  -0.507877  0
h 1248   -763990  0.999939  0.96  0.86143  -0.507877  0
h 1249   -763990  0.999939  0.96  0.86143  -0.507877  0
h 1250   -763990  0.999939  0.96  0.86143  -0.507877  0
h 1251   -763990  0.999939  0.96  0.86143  -0.507877  0
h 1252   -763990  0.999939  0.96  0.86143  -0.507877  0
h 1253   -763990  0.999939  0.96  0.86143  -0.507877  0
h 1254   -763990  0.999939  0.96  0.86143  -0.507877  0
h 1255   -763990  0.999939  0.96  0.86143  -0.507877  0
h 1256   -763990  0.999939  0.96  0.86143  -0.507877  0
h 1257   -763990  0.999939  0.96  0.86143  -0.507877  0
h 1258   -763990  0.999939  0.96  0.86143  -0.507877  0
h 1259   -763990  0.999939  0.96  0.86143  -0.507877  0
h 1260   -763990  0.999939  0.96  0.86143  -0.507877  0
h 1261   -763990  0.999939  0.96  0.86143  -0.507877  0
h 1262   -763990  0.999939  0.96  0.86143  -0.507877  0
h 1263   -763990  0.999939  0.96  0.86143  -0.507877  0
h 1264   -763990  0.999939  0.96  0.86143  -0.507877  0
h 1265   -763990  0.999939  0.96  0.86143  -0.507877  0
h 1266   -763990  0.999939  0.96  0.86143  -0.507877  0
h 1267   -763990  0.999939  0.96  0.86143  -0.507877  0
h 1268   -763990  0.999939  0.96  0.86143  -0.507877  0
h 1269   -763990  0.999939  0.96  0.86143  -0.507877  0
h 1270   -763990  0.999939  0.96  0.86143  -0.507877  0
h 1271   -763990  0.999939  0.96  0.86143  -0.507877  0
SolidID  1145   15 
h 1   -763990  0.999939  0.96  0.398388  0.917217  0
h 2   -763990  0.999939  0.96  0.398388  0.917217  0
h 3   -763990  0.999939  0.96  0.398388  0.917217  0
h 4   -763990  0.999939  0.96  0.398388  0.917217  0
h 5   -763990  0.999939  0.96  0.398388  0.917217  0
h 6   -763990  0.999939  0.96  0.398388  0.917217  0
h 7   -763990  0.999939  0.96  0.398388  0.917217  0
h 8   -763990  0.999939  0.96  0.398388  0.917217  0
h 9   -763990  0.999939  0.96  0.398388  0.917217  0
h 10   -763990  0.999939  0.96  0.398388  0.917217  0
h 11   -763990  0.999939  0.96  0.398388  0.917217  0
h 12   -763990  0.999939  0.96  0.398388  0.917217  0
h 13   -763990  0.999939  0.96  0.398388  0.917217  0
h 14   -763990  0.999939  0.96  0.398388  0.917217  0
h 15   -763990  0.999939  0.96  0.398388  0.917217  0
E_DATA
B_MESH_DATA
Dim 2 
NumPts 292 
NumElems 324 
1   -0.0212688   -0.02199    0
2   -0.0189478   -0.0198953    0
3   -0.0156953   -0.0207521    0
4   -0.0215638   -0.0189824    0
5   -0.0236539   -0.0211568    0
6   -0.0254574   -0.0229203    0
7   -0.025891   -0.0209679    0
8   -0.02402   -0.0195279    0
9   -0.0172235   -0.0191599    0
10   -0.0190328   -0.0184202    0
11   -0.0236554   -0.0225201    0
12   -0.0163458   -0.0178234    0
13   -0.0161289   -0.0187996    0
14   -0.0261079   -0.0199917    0
15   -0.0274861   -0.0134325    0
16   -0.0245865   -0.00851437    0
17   -0.0247767   -0.0118725    0
18   -0.0247169   -0.0146425    0
19   -0.0274308   -0.0159584    0
20   -0.0296653   -0.0171287    0
21   -0.0279424   -0.0181444    0
22   -0.0259948   -0.01681    0
23   -0.0235445   -0.0104598    0
24   -0.0234002   -0.0124091    0
25   -0.0287278   -0.0155386    0
26   -0.0220022   -0.010038    0
27   -0.0228636   -0.00953012    0
28   -0.027081   -0.0186523    0
29   -0.0301322   -0.00528879    0
30   -0.0270233   -0.00495833    0
31   -0.0248955   -0.00756331    0
32   -0.028603   -0.00268221    0
33   -0.0315721   -0.00321282    0
34   -0.0340677   -0.00357943    0
35   -0.0332709   -0.00174499    0
36   -0.0309109   -0.00167981    0
37   -0.025196   -0.005377    0
38   -0.026225   -0.00371508    0
39   -0.0323746   -0.00431481    0
40   -0.0237003   -0.00481166    0
41   -0.0240987   -0.00572888    0
42   -0.0328725   -0.000827775    0
43   -0.0301322   0.00528879    0
44   -0.0248955   0.00756331    0
45   -0.0270233   0.00495833    0
46   -0.028603   0.00268221    0
47   -0.0315721   0.00321282    0
48   -0.0340677   0.00357943    0
49   -0.0332709   0.00174499    0
50   -0.0309109   0.00167981    0
51   -0.025196   0.005377    0
52   -0.026225   0.00371508    0
53   -0.0323746   0.00431481    0
54   -0.0237003   0.00481166    0
55   -0.0240987   0.00572888    0
56   -0.0328725   0.000827775    0
57   -0.0274861   0.0134325    0
58   -0.0247767   0.0118725    0
59   -0.0245865   0.00851437    0
60   -0.0247169   0.0146425    0
61   -0.0274308   0.0159584    0
62   -0.0296653   0.0171287    0
63   -0.0279424   0.0181444    0
64   -0.0259948   0.01681    0
65   -0.0235445   0.0104598    0
66   -0.0234002   0.0124091    0
67   -0.0287278   0.0155386    0
68   -0.0220022   0.010038    0
69   -0.0228636   0.00953012    0
70   -0.027081   0.0186523    0
71   -0.0212688   0.02199    0
72   -0.0156953   0.0207521    0
73   -0.0189478   0.0198953    0
74   -0.0215638   0.0189824    0
75   -0.0236539   0.0211568    0
76   -0.0254574   0.0229203    0
77   -0.025891   0.0209679    0
78   -0.02402   0.0195279    0
79   -0.0172235   0.0191599    0
80   -0.0190328   0.0184202    0
81   -0.0236554   0.0225201    0
82   -0.0163458   0.0178234    0
83   -0.0161289   0.0187996    0
84   -0.0261079   0.0199917    0
85   -0.0143413   0.0270231    0
86   -0.0130663   0.0241684    0
87   -0.0148863   0.0213398    0
88   -0.0113898   0.0263742    0
89   -0.0128119   0.029034    0
90   -0.0139317   0.0312942    0
91   -0.0119409   0.0311033    0
92   -0.0111496   0.0288789    0
93   -0.0128998   0.0223013    0
94   -0.0116372   0.0237935    0
95   -0.0141079   0.0294567    0
96   -0.0119   0.0210535    0
97   -0.0128954   0.0211489    0
98   -0.0109454   0.0310078    0
99   -0.00428142   0.0302917    0
100   -0.0005   0.0260142    0
101   -0.00363499   0.0272329    0
102   -0.00628788   0.0280319    0
103   -0.00670073   0.0310196    0
104   -0.00712326   0.0335064    0
105   -0.00862169   0.0321817    0
106   -0.00795439   0.0299171    0
107   -0.00267217   0.0256244    0
108   -0.00457073   0.0260895    0
109   -0.00590068   0.0321234    0
110   -0.00274765   0.0240273    0
111   -0.00199843   0.0246896    0
112   -0.0093709   0.0315194    0
113   0.00428142   0.0302917    0
114   0.00363499   0.0272329    0
115   0.0005   0.0260142    0
116   0.00628788   0.0280319    0
117   0.00670073   0.0310196    0
118   0.00712326   0.0335064    0
119   0.00862169   0.0321817    0
120   0.00795439   0.0299171    0
121   0.00267217   0.0256244    0
122   0.00457073   0.0260895    0
123   0.00590068   0.0321234    0
124   0.00274765   0.0240273    0
125   0.00199843   0.0246896    0
126   0.0093709   0.0315194    0
127   0.0143413   0.0270231    0
128   0.0148863   0.0213398    0
129   0.0130663   0.0241684    0
130   0.0113898   0.0263742    0
131   0.0128119   0.029034    0
132   0.0139317   0.0312942    0
133   0.0119409   0.0311033    0
134   0.0111496   0.0288789    0
135   0.0128998   0.0223013    0
136   0.0116372   0.0237935    0
137   0.0141079   0.0294567    0
138   0.0119   0.0210535    0
139   0.0128954   0.0211489    0
140   0.0109454   0.0310078    0
141   0.0212688   0.02199    0
142   0.0189478   0.0198953    0
143   0.0156953   0.0207521    0
144   0.0215638   0.0189824    0
145   0.0236539   0.0211568    0
146   0.0254574   0.0229203    0
147   0.025891   0.0209679    0
148   0.02402   0.0195279    0
149   0.0172235   0.0191599    0
150   0.0190328   0.0184202    0
151   0.0236554   0.0225201    0
152   0.0163458   0.0178234    0
153   0.0161289   0.0187996    0
154   0.0261079   0.0199917    0
155   0.0257837   0.0134967    0
156   0.0257337   0.0135833    0
157   0.0259337   0.0135833    0
158   0.0259203   0.0136333    0
159   0.0258837   0.0136699    0
160   0.0258337   0.0134833    0
161   0.0258337   0.0136833    0
162   0.0258837   0.0134967    0
163   0.0257837   0.0136699    0
164   0.0257471   0.0136333    0
165   0.0259203   0.0135333    0
166   0.0257471   0.0135333    0
167   0.0274861   0.0134325    0
168   0.0245865   0.00851437    0
169   0.0247767   0.0118725    0
170   0.0296653   0.0171287    0
171   0.0274308   0.0159584    0
172   0.0279424   0.0181444    0
173   0.0259948   0.01681    0
174   0.0247169   0.0146425    0
175   0.0235445   0.0104598    0
176   0.0234002   0.0124091    0
177   0.0287278   0.0155386    0
178   0.0220022   0.010038    0
179   0.0228636   0.00953012    0
180   0.027081   0.0186523    0
181   0.0301322   0.00528879    0
182   0.0270233   0.00495833    0
183   0.0248955   0.00756331    0
184   0.028603   0.00268221    0
185   0.0315721   0.00321282    0
186   0.0340677   0.00357943    0
187   0.0332709   0.00174499    0
188   0.0309109   0.00167981    0
189   0.025196   0.005377    0
190   0.026225   0.00371508    0
191   0.0323746   0.00431481    0
192   0.0237003   0.00481166    0
193   0.0240987   0.00572888    0
194   0.0328725   0.000827775    0
195   0.0301322   -0.00528879    0
196   0.0248955   -0.00756331    0
197   0.0270233   -0.00495833    0
198   0.028603   -0.00268221    0
199   0.0315721   -0.00321282    0
200   0.0340677   -0.00357943    0
201   0.0332709   -0.00174499    0
202   0.0309109   -0.00167981    0
203   0.025196   -0.005377    0
204   0.026225   -0.00371508    0
205   0.0323746   -0.00431481    0
206   0.0237003   -0.00481166    0
207   0.0240987   -0.00572888    0
208   0.0328725   -0.000827775    0
209   0.0274861   -0.0134325    0
210   0.0247767   -0.0118725    0
211   0.0245865   -0.00851437    0
212   0.0247169   -0.0146425    0
213   0.0274308   -0.0159584    0
214   0.0296653   -0.0171287    0
215   0.0279424   -0.0181444    0
216   0.0259948   -0.01681    0
217   0.0235445   -0.0104598    0
218   0.0234002   -0.0124091    0
219   0.0287278   -0.0155386    0
220   0.0220022   -0.010038    0
221   0.0228636   -0.00953012    0
222   0.027081   -0.0186523    0
223   0.0212688   -0.02199    0
224   0.0156953   -0.0207521    0
225   0.0189478   -0.0198953    0
226   0.0215638   -0.0189824    0
227   0.0236539   -0.0211568    0
228   0.0254574   -0.0229203    0
229   0.025891   -0.0209679    0
230   0.02402   -0.0195279    0
231   0.0172235   -0.0191599    0
232   0.0190328   -0.0184202    0
233   0.0236554   -0.0225201    0
234   0.0163458   -0.0178234    0
235   0.0161289   -0.0187996    0
236   0.0261079   -0.0199917    0
237   0.0143413   -0.0270231    0
238   0.0130663   -0.0241684    0
239   0.0148863   -0.0213398    0
240   0.0113898   -0.0263742    0
241   0.0128119   -0.029034    0
242   0.0139317   -0.0312942    0
243   0.0119409   -0.0311033    0
244   0.0111496   -0.0288789    0
245   0.0128998   -0.0223013    0
246   0.0116372   -0.0237935    0
247   0.0141079   -0.0294567    0
248   0.0119   -0.0210535    0
249   0.0128954   -0.0211489    0
250   0.0109454   -0.0310078    0
251   0.00428142   -0.0302917    0
252   0.0005   -0.0260142    0
253   0.00363499   -0.0272329    0
254   0.00628788   -0.0280319    0
255   0.00670073   -0.0310196    0
256   0.00712326   -0.0335064    0
257   0.00862169   -0.0321817    0
258   0.00795439   -0.0299171    0
259   0.00267217   -0.0256244    0
260   0.00457073   -0.0260895    0
261   0.00590068   -0.0321234    0
262   0.00274765   -0.0240273    0
263   0.00199843   -0.0246896    0
264   0.0093709   -0.0315194    0
265   -0.00428142   -0.0302917    0
266   -0.00363499   -0.0272329    0
267   -0.0005   -0.0260142    0
268   -0.00628788   -0.0280319    0
269   -0.00670073   -0.0310196    0
270   -0.00712326   -0.0335064    0
271   -0.00862169   -0.0321817    0
272   -0.00795439   -0.0299171    0
273   -0.00267217   -0.0256244    0
274   -0.00457073   -0.0260895    0
275   -0.00590068   -0.0321234    0
276   -0.00274765   -0.0240273    0
277   -0.00199843   -0.0246896    0
278   -0.0093709   -0.0315194    0
279   -0.0143413   -0.0270231    0
280   -0.0148863   -0.0213398    0
281   -0.0130663   -0.0241684    0
282   -0.0113898   -0.0263742    0
283   -0.0128119   -0.029034    0
284   -0.0139317   -0.0312942    0
285   -0.0119409   -0.0311033    0
286   -0.0111496   -0.0288789    0
287   -0.0128998   -0.0223013    0
288   -0.0116372   -0.0237935    0
289   -0.0141079   -0.0294567    0
290   -0.0119   -0.0210535    0
291   -0.0128954   -0.0211489    0
292   -0.0109454   -0.0310078    0
1473  1213  1  2  3 
1474  1213  4  2  1 
1475  1213  4  1  5 
1476  1213  6  7  5 
1477  1213  8  4  5 
1478  1213  9  3  2 
1479  1213  10  2  4 
1480  1213  7  8  5 
1481  1213  11  5  1 
1482  1213  12  9  10 
1483  1213  10  9  2 
1484  1213  11  6  5 
1485  1213  3  9  13 
1486  1213  7  14  8 
1487  1213  13  9  12 
1457  1050  15  16  17 
1458  1050  18  15  17 
1459  1050  18  19  15 
1460  1050  20  19  21 
1461  1050  22  19  18 
1462  1050  23  17  16 
1463  1050  24  18  17 
1464  1050  21  19  22 
1465  1050  25  15  19 
1466  1050  26  24  23 
1467  1050  24  17  23 
1468  1050  25  19  20 
1469  1050  16  27  23 
1470  1050  21  22  28 
1471  1050  27  26  23 
1435  1202  29  30  31 
1436  1202  32  30  29 
1437  1202  32  29  33 
1438  1202  34  35  33 
1439  1202  36  32  33 
1440  1202  37  31  30 
1441  1202  38  30  32 
1442  1202  35  36  33 
1443  1202  39  33  29 
1444  1202  40  37  38 
1445  1202  38  37  30 
1446  1202  39  34  33 
1447  1202  31  37  41 
1448  1202  35  42  36 
1449  1202  41  37  40 
1419  1039  43  44  45 
1420  1039  46  43  45 
1421  1039  46  47  43 
1422  1039  48  47  49 
1423  1039  50  47  46 
1424  1039  51  45  44 
1425  1039  52  46  45 
1426  1039  49  47  50 
1427  1039  53  43  47 
1428  1039  54  52  51 
1429  1039  52  45  51 
1430  1039  53  47  48 
1431  1039  44  55  51 
1432  1039  49  50  56 
1433  1039  55  54  51 
1397  1191  57  58  59 
1398  1191  60  58  57 
1399  1191  60  57  61 
1400  1191  62  63  61 
1401  1191  64  60  61 
1402  1191  65  59  58 
1403  1191  66  58  60 
1404  1191  63  64  61 
1405  1191  67  61  57 
1406  1191  68  65  66 
1407  1191  66  65  58 
1408  1191  67  62  61 
1409  1191  59  65  69 
1410  1191  63  70  64 
1411  1191  69  65  68 
1381  1028  71  72  73 
1382  1028  74  71  73 
1383  1028  74  75  71 
1384  1028  76  75  77 
1385  1028  78  75  74 
1386  1028  79  73  72 
1387  1028  80  74  73 
1388  1028  77  75  78 
1389  1028  81  71  75 
1390  1028  82  80  79 
1391  1028  80  73  79 
1392  1028  81  75  76 
1393  1028  72  83  79 
1394  1028  77  78  84 
1395  1028  83  82  79 
1359  1180  85  86  87 
1360  1180  88  86  85 
1361  1180  88  85  89 
1362  1180  90  91  89 
1363  1180  92  88  89 
1364  1180  93  87  86 
1365  1180  94  86  88 
1366  1180  91  92  89 
1367  1180  95  89  85 
1368  1180  96  93  94 
1369  1180  94  93  86 
1370  1180  95  90  89 
1371  1180  87  93  97 
1372  1180  91  98  92 
1373  1180  97  93  96 
1343  1017  99  100  101 
1344  1017  102  99  101 
1345  1017  102  103  99 
1346  1017  104  103  105 
1347  1017  106  103  102 
1348  1017  107  101  100 
1349  1017  108  102  101 
1350  1017  105  103  106 
1351  1017  109  99  103 
1352  1017  110  108  107 
1353  1017  108  101  107 
1354  1017  109  103  104 
1355  1017  100  111  107 
1356  1017  105  106  112 
1357  1017  111  110  107 
1321  1169  113  114  115 
1322  1169  116  114  113 
1323  1169  116  113  117 
1324  1169  118  119  117 
1325  1169  120  116  117 
1326  1169  121  115  114 
1327  1169  122  114  116 
1328  1169  119  120  117 
1329  1169  123  117  113 
1330  1169  124  121  122 
1331  1169  122  121  114 
1332  1169  123  118  117 
1333  1169  115  121  125 
1334  1169  119  126  120 
1335  1169  125  121  124 
1305  1006  127  128  129 
1306  1006  130  127  129 
1307  1006  130  131  127 
1308  1006  132  131  133 
1309  1006  134  131  130 
1310  1006  135  129  128 
1311  1006  136  130  129 
1312  1006  133  131  134 
1313  1006  137  127  131 
1314  1006  138  136  135 
1315  1006  136  129  135 
1316  1006  137  131  132 
1317  1006  128  139  135 
1318  1006  133  134  140 
1319  1006  139  138  135 
1283  1158  141  142  143 
1284  1158  144  142  141 
1285  1158  144  141  145 
1286  1158  146  147  145 
1287  1158  148  144  145 
1288  1158  149  143  142 
1289  1158  150  142  144 
1290  1158  147  148  145 
1291  1158  151  145  141 
1292  1158  152  149  150 
1293  1158  150  149  142 
1294  1158  151  146  145 
1295  1158  143  149  153 
1296  1158  147  154  148 
1297  1158  153  149  152 
1273  1628  155  156  157 
1274  1628  158  157  156 
1275  1628  159  158  156 
1276  1628  160  155  157 
1277  1628  161  159  156 
1278  1628  160  157  162 
1279  1628  161  156  163 
1280  1628  164  163  156 
1281  1628  165  162  157 
1282  1628  166  156  155 
1243  993  167  168  169 
1244  993  170  171  172 
1245  993  173  171  174 
1246  993  161  174  171 
1247  993  158  171  167 
1248  993  175  169  168 
1249  993  176  174  169 
1250  993  172  171  173 
1251  993  177  167  171 
1252  993  178  176  175 
1253  993  156  169  174 
1254  993  162  167  169 
1255  993  176  169  175 
1256  993  177  171  170 
1257  993  168  179  175 
1258  993  172  173  180 
1259  993  179  178  175 
1260  993  159  171  158 
1261  993  161  171  159 
1262  993  166  155  169 
1263  993  160  169  155 
1264  993  165  157  167 
1265  993  158  167  157 
1266  993  164  174  163 
1267  993  166  169  156 
1268  993  160  162  169 
1269  993  164  156  174 
1270  993  161  163  174 
1271  993  165  167  162 
1  1145  181  182  183 
2  1145  184  182  181 
3  1145  184  181  185 
4  1145  186  187  185 
5  1145  188  184  185 
6  1145  189  183  182 
7  1145  190  182  184 
8  1145  187  188  185 
9  1145  191  185  181 
10  1145  192  189  190 
11  1145  190  189  182 
12  1145  191  186  185 
13  1145  183  189  193 
14  1145  187  194  188 
15  1145  193  189  192 
1609  1094  195  196  197 
1610  1094  198  195  197 
1611  1094  198  199  195 
1612  1094  200  199  201 
1613  1094  202  199  198 
1614  1094  203  197  196 
1615  1094  204  198  197 
1616  1094  201  199  202 
1617  1094  205  195  199 
1618  1094  206  204  203 
1619  1094  204  197  203 
1620  1094  205  199  200 
1621  1094  196  207  203 
1622  1094  201  202  208 
1623  1094  207  206  203 
1587  1246  209  210  211 
1588  1246  212  210  209 
1589  1246  212  209  213 
1590  1246  214  215  213 
1591  1246  216  212  213 
1592  1246  217  211  210 
1593  1246  218  210  212 
1594  1246  215  216  213 
1595  1246  219  213  209 
1596  1246  220  217  218 
1597  1246  218  217  210 
1598  1246  219  214  213 
1599  1246  211  217  221 
1600  1246  215  222  216 
1601  1246  221  217  220 
1571  1083  223  224  225 
1572  1083  226  223  225 
1573  1083  226  227  223 
1574  1083  228  227  229 
1575  1083  230  227  226 
1576  1083  231  225  224 
1577  1083  232  226  225 
1578  1083  229  227  230 
1579  1083  233  223  227 
1580  1083  234  232  231 
1581  1083  232  225  231 
1582  1083  233  227  228 
1583  1083  224  235  231 
1584  1083  229  230  236 
1585  1083  235  234  231 
1549  1235  237  238  239 
1550  1235  240  238  237 
1551  1235  240  237  241 
1552  1235  242  243  241 
1553  1235  244  240  241 
1554  1235  245  239  238 
1555  1235  246  238  240 
1556  1235  243  244  241 
1557  1235  247  241  237 
1558  1235  248  245  246 
1559  1235  246  245  238 
1560  1235  247  242  241 
1561  1235  239  245  249 
1562  1235  243  250  244 
1563  1235  249  245  248 
1533  1072  251  252  253 
1534  1072  254  251  253 
1535  1072  254  255  251 
1536  1072  256  255  257 
1537  1072  258  255  254 
1538  1072  259  253  252 
1539  1072  260  254  253 
1540  1072  257  255  258 
1541  1072  261  251  255 
1542  1072  262  260  259 
1543  1072  260  253  259 
1544  1072  261  255  256 
1545  1072  252  263  259 
1546  1072  257  258  264 
1547  1072  263  262  259 
1511  1224  265  266  267 
1512  1224  268  266  265 
1513  1224  268  265  269 
1514  1224  270  271  269 
1515  1224  272  268  269 
1516  1224  273  267  266 
1517  1224  274  266  268 
1518  1224  271  272  269 
1519  1224  275  269  265 
1520  1224  276  273  274 
1521  1224  274  273  266 
1522  1224  275  270  269 
1523  1224  267  273  277 
1524  1224  271  278  272 
1525  1224  277  273  276 
1495  1061  279  280  281 
1496  1061  282  279  281 
1497  1061  282  283  279 
1498  1061  284  283  285 
1499  1061  286  283  282 
1500  1061  287  281  280 
1501  1061  288  282  281 
1502  1061  285  283  286 
1503  1061  289  279  283 
1504  1061  290  288  287 
1505  1061  288  281  287 
1506  1061  289  283  284 
1507  1061  280  291  287 
1508  1061  285  286  292 
1509  1061  291  290  287 
E_MESH_DATA
