434
33 373   0.000320647 -6.37806e-05 1.31318
33 374   -6.37806e-05 -0.000320647 1.31329
33 375   6.37806e-05 -0.000320647 1.31329
33 376   6.37806e-05 0.000320647 1.31328
33 377   -0.000320647 6.37806e-05 1.31318
33 378   -0.000271831 0.000181632 1.31321
33 379   -0.000271831 -0.000181632 1.31321
33 380   0.000320647 6.37806e-05 1.31318
33 381   0.000271831 0.000181632 1.31321
33 382   0.000181632 0.000271831 1.31326
33 383   -0.000181632 0.000271831 1.31326
33 384   -6.37806e-05 0.000320647 1.31328
33 385   -0.000320647 -6.37806e-05 1.31318
33 386   0.000271831 -0.000181632 1.31321
33 387   0.000181632 -0.000271831 1.31326
33 388   -0.000181632 -0.000271831 1.31326
39 269   -0.0191816 0.00272817 1.23732
39 270   -0.0187282 0.00318163 1.20813
39 271   -0.0186794 0.00293622 1.21717
39 272   -0.0193206 0.00306378 1.22645
39 273   -0.0192718 0.00318163 1.21774
39 274   -0.0187282 0.00281837 1.22242
39 275   -0.0186794 0.00306378 1.21234
39 276   -0.0189362 0.00267935 1.23221
39 277   -0.0190638 0.00267935 1.23569
39 278   -0.0193206 0.00293622 1.23307
39 279   -0.0192718 0.00281837 1.23659
39 280   -0.0189362 0.00332065 1.20365
39 281   -0.0190638 0.00332065 1.20493
39 282   -0.0188184 0.00272817 1.22755
39 283   -0.0191816 0.00327183 1.20983
39 284   -0.0188184 0.00327183 1.205
45 45   -0.0191816 -0.00327183 1.2107
45 46   -0.0187282 -0.00281837 1.22253
45 47   -0.0186794 -0.00306378 1.2125
45 48   -0.0193206 -0.00293622 1.23286
45 49   -0.0192718 -0.00281837 1.23652
45 50   -0.0187282 -0.00318163 1.20833
45 51   -0.0190638 -0.00267935 1.23572
45 52   -0.0189362 -0.00267935 1.23227
45 53   -0.0186794 -0.00293622 1.21731
45 54   -0.0193206 -0.00306378 1.22638
45 55   -0.0192718 -0.00318163 1.21799
45 56   -0.0189362 -0.00332065 1.20455
45 57   -0.0190638 -0.00332065 1.20619
45 58   -0.0188184 -0.00327183 1.20548
45 59   -0.0188184 -0.00272817 1.22764
45 60   -0.0191816 -0.00272817 1.23731
51 61   0.0188184 0.00272817 1.22763
51 62   0.0192718 0.00318163 1.21811
51 63   0.0186794 0.00306378 1.21253
51 64   0.0193206 0.00293622 1.23306
51 65   0.0192718 0.00281837 1.23652
51 66   0.0187282 0.00318163 1.20836
51 67   0.0190638 0.00267935 1.23571
51 68   0.0189362 0.00267935 1.23224
51 69   0.0186794 0.00293622 1.21733
51 70   0.0193206 0.00306378 1.2268
51 71   0.0187282 0.00281837 1.22256
51 72   0.0189362 0.00332065 1.2046
51 73   0.0190638 0.00332065 1.20624
51 74   0.0188184 0.00327183 1.20552
51 75   0.0191816 0.00327183 1.21078
51 76   0.0191816 0.00272817 1.23732
57 253   0.0188184 -0.00327183 1.205
57 254   0.0192718 -0.00281837 1.23659
57 255   0.0193206 -0.00306378 1.22645
57 256   0.0186794 -0.00293622 1.21717
57 257   0.0192718 -0.00318163 1.21774
57 258   0.0187282 -0.00281837 1.22242
57 259   0.0193206 -0.00293622 1.23307
57 260   0.0186794 -0.00306378 1.21234
57 261   0.0190638 -0.00267935 1.2357
57 262   0.0189362 -0.00267935 1.23222
57 263   0.0187282 -0.00318163 1.20813
57 264   0.0190638 -0.00332065 1.20493
57 265   0.0189362 -0.00332065 1.20366
57 266   0.0191816 -0.00272817 1.23733
57 267   0.0188184 -0.00272817 1.22755
57 268   0.0191816 -0.00327183 1.20983
16 77   0.00942367 0.00132142 1.2521
16 78   -0.00942356 -0.00132153 1.2521
16 79   0.0108195 0.000528924 1.23338
16 80   -0.0108192 -0.000529314 1.23338
16 81   0.0108096 -0.000963099 1.23271
16 82   -0.0108093 0.000962716 1.23271
16 83   0.0027735 0.00322521 1.31512
16 84   -0.0027735 -0.00322521 1.31509
16 85   -0.0027735 0.00322824 1.31513
16 86   0.0027735 -0.00322824 1.31514
16 87   0.0151834 0.0014823 1.2072
16 88   -0.0151794 0.00151897 1.20693
16 89   -0.0151805 -0.00148555 1.20717
16 90   0.0151812 -0.00152169 1.20692
16 91   0.00964773 0.00277529 1.2448
16 92   -0.00964766 -0.00277536 1.2448
16 93   0.0150764 0.00282157 1.19449
16 94   -0.0150748 -0.00282297 1.19447
16 95   -0.0150736 0.00284822 1.19419
16 96   0.0150742 -0.00284909 1.19418
16 97   0.0164619 0.00123955 1.21704
16 98   -0.0164529 -0.00124698 1.21688
16 99   -0.0164528 0.0012586 1.2168
16 100   0.0164553 -0.00126343 1.21679
16 101   0.00233337 0.00054351 1.31058
16 102   -0.00233337 -0.000543511 1.31058
16 103   0.00233337 -0.000576611 1.3106
16 104   -0.00233337 0.000576611 1.31061
16 105   0.0170451 0.000441395 1.23002
16 106   -0.0170341 -0.00045646 1.22978
16 107   -0.0170341 0.000466077 1.22975
16 108   0.0170394 -0.000479013 1.22979
16 109   0.0015455 0.00240742 1.31507
16 110   -0.0015455 -0.00240742 1.31511
16 111   0.0015455 -0.00241066 1.31507
16 112   -0.0015455 0.00241066 1.31507
16 113   0.000833174 0.00274206 1.31662
16 114   -0.000833174 -0.00274206 1.31666
16 115   -0.000833174 0.00274228 1.31662
16 116   0.000833174 -0.00274228 1.31661
16 117   -0.0189384 -0.00040042 1.26959
16 118   -0.0189384 0.000401153 1.26961
16 119   0.0189424 -0.000433754 1.26961
16 120   0.0189562 0.000350112 1.27024
16 121   -0.000574916 0.00355986 1.31894
16 122   0.000574916 0.00355986 1.31894
16 123   -0.000574916 -0.00355986 1.31898
16 124   0.000574916 -0.00355986 1.31892
16 125   -0.0196032 0.000958423 1.28523
16 126   -0.0196032 -0.00095835 1.28524
16 127   0.0172369 0.0021177 1.2164
16 128   -0.0172253 0.00212697 1.21611
16 129   -0.0172254 -0.00212334 1.21617
16 130   0.0172267 -0.00213037 1.21608
16 131   0.0196039 -0.000985083 1.28508
16 132   0.0181246 0.000825056 1.24752
16 133   -0.0181003 -0.000861292 1.24673
16 134   -0.0181003 0.000862817 1.24672
16 135   0.0181052 -0.000879217 1.24672
16 136   0.0196178 0.000806063 1.28672
16 137   0.0182988 0.00153844 1.24398
16 138   0.000258258 0.00179924 1.31476
16 139   0.000258258 -0.00179946 1.31476
16 140   -0.000258258 0.00179946 1.31476
16 141   -0.000258258 -0.00179924 1.31477
16 142   0.00151947 0.000799226 1.31246
16 143   -0.00151947 -0.000799226 1.31246
16 144   0.00151947 -0.000805241 1.31247
16 145   -0.00151947 0.000805241 1.31247
16 146   0.00131173 -0.00131975 1.31325
16 147   -0.00131173 0.00131975 1.31326
16 148   0.00131173 0.001316 1.31324
16 149   -0.00131173 -0.001316 1.31325
16 150   -0.0182453 -0.00155429 1.24259
16 151   -0.0182452 0.0015552 1.24257
16 152   0.0182472 -0.00156418 1.24249
16 153   0.019367 0.00151821 1.27247
16 154   0.0179942 0.00203292 1.22889
16 155   -0.0192814 -0.00165377 1.268
16 156   -0.0192814 0.00165384 1.26799
16 157   0.0192824 -0.00166323 1.26788
16 158   -0.0179516 -0.00202581 1.22824
16 159   -0.0179516 0.00202684 1.22821
16 160   0.017953 -0.00203091 1.22817
16 161   0.0197493 0.00192077 1.2789
16 162   0.0188796 0.00177564 1.25418
16 163   0.000961123 0.00030446 1.31282
16 164   -0.000961123 -0.00030446 1.31282
16 165   0.000961123 -0.000307447 1.31282
16 166   -0.000961123 0.000307447 1.31282
16 167   -0.0193971 -0.00382065 1.17269
16 168   0.0193971 0.00382065 1.17267
16 169   -0.0198206 0.00339711 1.22608
16 170   0.0198206 -0.00339711 1.22608
16 171   0.0198333 0.00291421 1.25467
16 172   -0.0187616 -0.00178883 1.25088
16 173   -0.0187616 0.00178896 1.25087
16 174   0.0187629 -0.00179686 1.25077
16 175   -0.0192969 0.00388999 1.16843
16 176   0.0192969 -0.00388999 1.16843
16 177   -0.0183385 0.00244732 1.22635
16 178   -0.0183385 -0.00244709 1.22638
16 179   0.018339 -0.00244899 1.22632
16 180   0.0195338 0.00235597 1.2616
16 181   0.0197845 0.0035851 1.20664
16 182   -0.0197845 -0.00358753 1.20644
16 183   0.0183745 0.00245874 1.22684
16 184   -0.0198333 -0.00307256 1.24775
16 185   0.0189285 0.00223124 1.24586
16 186   0.0195326 -0.0036745 1.1884
16 187   -0.0195326 0.0036745 1.1884
16 188   -0.0187613 -0.0022341 1.24131
16 189   -0.0187613 0.00223416 1.2413
16 190   0.0187618 -0.00223674 1.24126
16 191   0.0189635 -0.00372332 1.18343
16 192   -0.0189635 0.00372332 1.18343
16 193   -0.019515 -0.00360516 1.19113
16 194   0.0196052 -0.00351497 1.20547
16 195   -0.0196052 0.00351497 1.20547
16 196   0.019515 0.00360516 1.19111
16 197   0.000786641 -6.50232e-05 1.3129
16 198   -0.000786641 6.50232e-05 1.3129
16 199   0.000786641 6.25379e-05 1.3129
16 200   -0.000786641 -6.25379e-05 1.3129
16 201   0.00061298 -0.000424055 1.31313
16 202   -0.00061298 0.000424055 1.31314
16 203   0.00061298 0.000423554 1.31313
16 204   -0.00061298 -0.000423554 1.31314
16 205   0.0196052 0.00259866 1.25662
16 206   6.37806e-05 -0.000711163 1.31349
16 207   -6.37806e-05 -0.000711163 1.31349
16 208   6.37806e-05 0.000711163 1.31348
16 209   -6.37806e-05 0.000711163 1.31349
16 210   -0.0183222 -0.00280849 1.21573
16 211   -0.0183222 0.00280868 1.21569
16 212   0.0183224 -0.00280909 1.21568
16 213   0.0183259 0.00280843 1.2158
16 214   0.019654 0.00271651 1.25398
16 215   -0.018371 -0.00269064 1.2202
16 216   -0.018371 0.00269082 1.22016
16 217   0.0183712 -0.00269124 1.22015
16 218   0.0183747 0.00269058 1.22027
16 219   -0.0186319 -0.00242084 1.23307
16 220   -0.0186319 0.00242088 1.23304
16 221   0.0186322 -0.00242213 1.23302
16 222   -0.019654 -0.00320013 1.23109
16 223   0.019654 0.0031977 1.23098
16 224   -0.0196052 -0.00331798 1.22054
16 225   0.0196052 0.00331555 1.22054
16 226   0.0188184 -0.00365398 1.1883
16 227   -0.0188184 0.00365398 1.1883
16 228   0.0187005 -0.00360516 1.19064
16 229   -0.0187005 0.00360516 1.19063
16 230   -0.019654 -0.00287244 1.24866
16 231   0.0186643 0.00243255 1.23353
16 232   -0.0190638 -0.00365398 1.18765
16 233   0.0190638 0.00365398 1.18766
16 234   0.0189362 0.00365398 1.18719
16 235   -0.0189362 -0.00365398 1.18717
16 236   0.019654 -0.00306378 1.24014
16 237   -0.019654 0.00306378 1.24013
16 238   -0.019654 0.00293622 1.24654
16 239   0.019654 -0.00293622 1.24654
16 240   0.0187821 0.00238373 1.23781
16 241   0.0191464 0.00237288 1.24819
16 242   -0.0190754 -0.00237477 1.24609
16 243   -0.0190754 0.00237477 1.24612
16 244   0.0192642 0.0024217 1.2504
16 245   0.0190756 -0.00237611 1.24609
16 246   -0.0189478 -0.00237477 1.24242
16 247   -0.0189478 0.00237477 1.24242
16 248   0.018948 -0.00237611 1.24239
16 249   0.0191452 -0.00354397 1.19176
16 250   -0.0191452 0.00354397 1.19176
16 251   0.019263 -0.00349515 1.1959
16 252   -0.019263 0.00349515 1.1959
16 502   0.00589686 -0.00338572 1.30259
16 503   0.00502757 -0.00083762 1.29961
16 504   0.00398485 -0.00261396 1.30927
16 505   0.00365363 -0.00129442 1.3072
16 506   0.00755083 -0.000944353 1.27726
16 507   0.00622783 -0.00154288 1.29226
16 508   0.00676591 -0.00277144 1.29188
16 509   0.00969375 -0.00169425 1.24718
16 510   0.0084445 -0.00160384 1.26683
16 511   0.00795958 -0.00281664 1.27817
16 512   0.00991781 -0.00290706 1.23828
16 513   -0.00502756 0.000837614 1.29959
16 514   -0.00398485 0.00261396 1.30935
16 515   -0.00365363 0.00129442 1.30721
16 516   -0.00755079 0.000944311 1.27729
16 517   -0.00622782 0.00154287 1.2922
16 518   -0.00969364 0.00169413 1.24718
16 519   -0.00844444 0.00160377 1.26684
16 520   -0.00795955 0.00281661 1.27803
16 521   -0.00991774 0.00290697 1.23828
16 528   -0.00502756 -0.000495719 1.2992
16 529   -0.00589686 -0.00328095 1.30206
16 530   -0.00711053 -0.00270702 1.28794
16 531   -0.00365363 -0.00115904 1.30695
16 532   -0.00398485 -0.00250616 1.30886
16 533   0.00502757 0.000495714 1.2992
16 534   0.00589686 0.00328095 1.30206
16 535   0.00711054 0.00270701 1.28794
16 536   0.00365363 0.00115903 1.30694
16 537   0.00398485 0.00250616 1.30886
16 558   0.0117957 0.00134027 1.2193
16 559   0.0127378 0.00135679 1.21107
16 560   0.0107307 0.00302384 1.2201
16 561   0.0114828 0.00238133 1.21526
16 562   0.0118196 0.0030321 1.2032
16 563   -0.0117952 -0.00134084 1.2193
16 564   -0.012737 -0.00135766 1.21107
16 565   -0.0107306 -0.00302394 1.22009
16 566   -0.0114825 -0.00238164 1.21526
16 567   -0.0118194 -0.00303235 1.2032
16 568   0.00830311 0.00342606 1.27594
16 569   0.0090121 0.00342606 1.25935
16 570   -0.0127305 0.00152058 1.21021
16 571   -0.0117798 0.00160795 1.21793
16 572   -0.0116356 0.00290846 1.20701
16 573   -0.011198 0.00347607 1.20403
16 574   -0.0105801 0.00347607 1.21555
16 575   0.0127311 -0.00152135 1.21021
16 576   0.0117803 -0.00160847 1.21793
16 577   0.0116358 -0.0029087 1.20701
16 578   0.0111981 -0.00347613 1.20403
16 579   0.0105802 -0.00347613 1.21555
16 586   -0.00830311 -0.00342607 1.27595
16 587   -0.00901209 -0.00342607 1.25934
16 594   -0.00820225 -0.000966226 1.2696
16 595   -0.00758858 -0.000102056 1.27626
16 596   -0.00687927 -0.001701 1.28619
16 597   -0.00626561 -0.000836828 1.29047
16 598   0.0082023 0.000966175 1.2696
16 599   0.00758863 0.00010201 1.27626
16 600   0.00687929 0.00170098 1.2862
16 601   0.00626562 0.000836818 1.29047
16 611   -0.0141786 -0.00336611 1.18846
16 613   -0.013166 -0.00272381 1.19795
16 614   -0.0125611 -0.0033577 1.19341
16 617   0.014179 0.00336575 1.18847
16 619   0.0131666 0.00272323 1.19795
16 620   0.0125613 0.00335749 1.19341
16 630   -0.0141776 0.00338871 1.18821
16 632   -0.0125556 0.00343239 1.19258
16 633   -0.0131595 0.0028211 1.19696
16 634   0.0141778 -0.00338901 1.18821
16 636   0.0125558 -0.00343257 1.19257
16 637   0.0131599 -0.00282158 1.19695
16 674   0.0144117 0.000673629 1.20943
16 675   0.0133026 0.000646452 1.2111
16 676   0.0144106 -0.000747793 1.20922
16 677   0.0133014 -0.000774969 1.21075
16 678   -0.0144094 -0.00067691 1.20942
16 679   -0.0133013 -0.000648173 1.2111
16 680   -0.0144084 0.000744574 1.20923
16 681   -0.0133003 0.000773312 1.21075
16 724   -0.0160148 0.00345952 1.18821
16 727   -0.017133 0.0027682 1.2038
16 728   -0.0166531 0.00322908 1.19298
16 729   -0.0171272 0.00376956 1.18466
16 733   -0.0160149 -0.00345686 1.18822
16 737   -0.0171272 -0.00376947 1.18468
16 738   -0.0171331 -0.00276527 1.20384
16 739   -0.0166532 -0.00322633 1.19297
16 742   0.0160151 -0.00346008 1.18821
16 745   0.0171336 -0.00276939 1.20379
16 746   0.0166535 -0.00322985 1.19297
16 747   0.0171273 -0.00376977 1.18466
16 751   0.0160162 0.00345582 1.18824
16 755   0.0171291 0.00376944 1.18469
16 756   0.0171399 0.00276414 1.20392
16 757   0.0166564 0.00322526 1.193
16 758   -0.0198206 -0.00261935 1.26516
16 761   -0.0196052 -0.00256528 1.25796
16 762   -0.019515 -0.00247508 1.25753
16 763   -0.0194087 -0.00228835 1.25924
16 764   -0.0196783 -0.00199993 1.2752
16 774   -0.0198206 0.00271502 1.26259
16 777   -0.0196052 0.00259717 1.25725
16 778   -0.019515 0.00250697 1.25677
16 779   -0.0196783 0.00203182 1.27453
16 780   -0.0194087 0.00232024 1.2585
16 790   0.0198206 -0.00271639 1.26254
16 793   0.0196052 -0.00259853 1.25721
16 794   0.019515 -0.00250834 1.25673
16 795   0.0196785 -0.00203726 1.27444
16 796   0.0194089 -0.00232294 1.25844
16 799   -0.0187169 -0.00382065 1.18103
16 802   -0.018599 -0.00360516 1.19008
16 805   0.0187169 0.00382065 1.18104
16 808   0.0185991 0.00360516 1.19009
16 809   0.000787461 -0.00107498 1.31351
16 810   0.000647054 -0.000677076 1.31325
16 811   0.000369686 -0.000588633 1.31334
16 812   0.000251835 -0.000861298 1.31356
16 813   0.000446312 -0.00122307 1.31386
16 814   -0.000787461 0.00107498 1.31351
16 815   -0.000647054 0.000677076 1.31325
16 816   -0.000369686 0.000588633 1.31334
16 817   -0.000251835 0.000861298 1.31356
16 818   -0.000446312 0.00122307 1.31386
16 1329   0.0113764 0.00367461 1.19839
16 1330   0.0107585 0.00367461 1.20828
16 1334   -0.0113763 -0.00367465 1.19839
16 1335   -0.0107584 -0.00367465 1.20827
16 1347   -0.00846492 0.0034309 1.2735
16 1350   -0.00893758 0.0034309 1.2627
16 1351   -0.00941024 0.0034309 1.24897
16 1355   0.00846495 -0.00343093 1.27353
16 1358   0.00893761 -0.00343093 1.26271
16 1359   0.00941027 -0.00343093 1.24897
16 1439   -0.000647054 -0.000676466 1.31325
16 1440   -0.000787461 -0.00107415 1.31351
16 1441   -0.000369686 -0.000588525 1.31334
16 1442   -0.000446312 -0.00122275 1.31386
16 1443   -0.000251835 -0.00086119 1.31357
16 1444   0.000647054 0.000676466 1.31325
16 1445   0.000787461 0.00107415 1.3135
16 1446   0.000369686 0.000588525 1.31334
16 1447   0.000446312 0.00122275 1.31386
16 1448   0.000251835 0.00086119 1.31356
16 1449   -0.0175887 -0.00351943 1.19056
16 1450   -0.0176702 -0.00305837 1.20209
16 1451   -0.0179665 -0.00374996 1.18528
16 1452   -0.0181006 -0.00295557 1.20849
16 1453   -0.0183038 -0.00314707 1.20488
16 1454   -0.0182873 -0.00353448 1.19177
16 1455   -0.0183526 -0.00326492 1.20135
16 1456   0.0175915 0.00351938 1.19058
16 1457   0.0176766 0.00305826 1.20215
16 1458   0.0179674 0.00374994 1.18529
16 1459   0.0181052 0.00295549 1.20855
16 1460   0.0183047 0.00314706 1.2049
16 1461   0.0182882 0.00353446 1.19179
16 1462   0.0183535 0.00326491 1.20137
16 1463   -0.0175887 0.00351957 1.19057
16 1464   -0.0176702 0.00305869 1.2021
16 1465   -0.0183526 0.00326497 1.20137
16 1466   -0.0183038 0.00314712 1.20488
16 1467   -0.0181006 0.00295579 1.20848
16 1468   -0.0180679 0.00375 1.18524
16 1469   -0.0183888 0.00353452 1.19239
16 1470   0.0175888 -0.00351988 1.19057
16 1471   0.0176705 -0.00305942 1.20208
16 1472   0.0183527 -0.00326507 1.20137
16 1473   0.0183039 -0.00314722 1.20488
16 1474   0.0181009 -0.00295631 1.20847
16 1475   0.018068 -0.00375011 1.18524
16 1476   0.0183888 -0.00353463 1.19239
16 1488   -0.00532782 0.00338572 1.30658
16 1491   -0.00619686 0.00277144 1.29728
16 1492   -0.00703495 0.00338572 1.29318
end
