413
16 114   0.0138571 0.000660041 1.3758
16 115   -0.0138553 -0.000662542 1.3758
16 116   -0.0138543 0.000758943 1.37444
16 117   0.013856 -0.000761381 1.37438
16 118   0.00942367 0.00132142 1.31085
16 119   -0.00942356 -0.00132153 1.31083
16 120   0.0108195 0.000528924 1.40311
16 121   -0.0108192 -0.000529314 1.40308
16 122   0.0136057 0.00336575 1.29265
16 123   -0.0136053 -0.00336611 1.29255
16 124   0.0108096 -0.000963099 1.38879
16 125   -0.0108093 0.000962716 1.38879
16 126   0.0027735 0.00322521 1.131
16 127   -0.0027735 -0.00322521 1.13102
16 128   -0.0027735 0.00322824 1.13097
16 129   0.0027735 -0.00322824 1.13098
16 130   -0.0136043 0.00338871 1.29149
16 131   0.0136045 -0.00338901 1.29148
16 132   0.0151834 0.0014823 1.33735
16 133   -0.0151794 0.00151897 1.33671
16 134   -0.0151805 -0.00148555 1.33732
16 135   0.0151812 -0.00152169 1.33666
16 136   0.00964773 0.00277529 1.24317
16 137   -0.00964766 -0.00277536 1.24317
16 138   0.0150764 0.00282157 1.30802
16 139   -0.0150748 -0.00282297 1.30798
16 140   -0.0150736 0.00284822 1.30725
16 141   0.0150742 -0.00284909 1.30723
16 142   0.0164619 0.00123955 1.32887
16 143   -0.0164529 -0.00124698 1.3288
16 144   -0.0164528 0.0012586 1.32866
16 145   0.0164553 -0.00126343 1.32861
16 146   0.00233337 0.00054351 1.13972
16 147   -0.00233337 -0.000543511 1.13972
16 148   0.00233337 -0.000576611 1.13968
16 149   -0.00233337 0.000576611 1.13967
16 150   0.0170451 0.000441395 1.33542
16 151   -0.0170341 -0.00045646 1.33531
16 152   -0.0170341 0.000466077 1.33527
16 153   0.0170394 -0.000479013 1.33524
16 154   0.0015455 0.00240742 1.1319
16 155   -0.0015455 -0.00240742 1.13183
16 156   0.0015455 -0.00241066 1.1319
16 157   -0.0015455 0.00241066 1.13189
16 158   0.000833174 0.00274206 1.12951
16 159   -0.000833174 -0.00274206 1.12946
16 160   -0.000833174 0.00274228 1.12952
16 161   0.000833174 -0.00274228 1.12953
16 162   -0.0189384 -0.00040042 1.35166
16 163   -0.0189384 0.000401153 1.35168
16 164   0.0189424 -0.000433754 1.35165
16 165   0.0189562 0.000350112 1.35214
16 166   -0.000574916 0.00355986 1.12598
16 167   0.000574916 0.00355986 1.12597
16 168   -0.000574916 -0.00355986 1.12594
16 169   0.000574916 -0.00355986 1.12602
16 170   -0.0196032 0.000958423 1.36049
16 171   -0.0196032 -0.00095835 1.36047
16 172   0.0172369 0.0021177 1.31511
16 173   -0.0172253 0.00212697 1.31488
16 174   -0.0172254 -0.00212334 1.31496
16 175   0.0172267 -0.00213037 1.31483
16 176   0.0196039 -0.000985083 1.36033
16 177   0.0181246 0.000825056 1.33832
16 178   -0.0181003 -0.000861292 1.33778
16 179   -0.0181003 0.000862817 1.33777
16 180   0.0181052 -0.000879217 1.33771
16 181   0.0196178 0.000806063 1.36194
16 182   0.0182988 0.00153844 1.33223
16 183   0.000258258 0.00179924 1.13255
16 184   0.000258258 -0.00179946 1.13255
16 185   -0.000258258 0.00179946 1.13255
16 186   -0.000258258 -0.00179924 1.13254
16 187   0.00151947 0.000799226 1.1364
16 188   -0.00151947 -0.000799226 1.13639
16 189   0.00151947 -0.000805241 1.13638
16 190   -0.00151947 0.000805241 1.13638
16 191   0.00131173 -0.00131975 1.13502
16 192   -0.00131173 0.00131975 1.13502
16 193   0.00131173 0.001316 1.13503
16 194   -0.00131173 -0.001316 1.13502
16 195   -0.0182453 -0.00155429 1.3314
16 196   -0.0182452 0.0015552 1.33136
16 197   0.0182472 -0.00156418 1.33127
16 198   0.019367 0.00151821 1.34953
16 199   0.0179942 0.00203292 1.31968
16 200   -0.0192814 -0.00165377 1.34578
16 201   -0.0192814 0.00165384 1.34575
16 202   0.0192824 -0.00166323 1.34566
16 203   -0.0179516 -0.00202581 1.31949
16 204   -0.0179516 0.00202684 1.31947
16 205   0.017953 -0.00203091 1.31939
16 206   0.0197493 0.00192077 1.3516
16 207   0.0188796 0.00177564 1.33595
16 208   0.0183256 -0.00378452 1.26253
16 209   0.000961123 0.00030446 1.1358
16 210   -0.000961123 -0.00030446 1.13579
16 211   0.000961123 -0.000307447 1.1358
16 212   -0.000961123 0.000307447 1.1358
16 213   -0.0193971 -0.00382065 1.236
16 214   0.0193971 0.00382065 1.23595
16 215   -0.0198206 0.00339711 1.29462
16 216   0.0198206 -0.00339711 1.29468
16 217   0.0198333 0.00291421 1.32377
16 218   -0.0187616 -0.00178883 1.33387
16 219   -0.0187616 0.00178896 1.33382
16 220   0.0187629 -0.00179686 1.33373
16 221   -0.0192969 0.00388999 1.23068
16 222   0.0192969 -0.00388999 1.23075
16 223   -0.0183385 0.00244732 1.31284
16 224   -0.0183385 -0.00244709 1.31295
16 225   0.018339 -0.00244899 1.31287
16 226   0.0195338 0.00235597 1.33579
16 227   0.0197845 0.0035851 1.27488
16 228   -0.0197845 -0.00358753 1.27491
16 229   0.0183745 0.00245874 1.31306
16 230   -0.0198333 -0.00307256 1.31621
16 231   0.0189285 0.00223124 1.32668
16 232   0.0195326 -0.0036745 1.25632
16 233   -0.0195326 0.0036745 1.25627
16 234   -0.0187613 -0.0022341 1.32384
16 235   -0.0187613 0.00223416 1.32377
16 236   0.0187618 -0.00223674 1.32376
16 237   0.0182895 -0.00351497 1.27462
16 238   0.0189635 -0.00372332 1.25656
16 239   -0.0189635 0.00372332 1.2565
16 240   -0.019515 -0.00360516 1.2604
16 241   0.0196052 -0.00351497 1.27597
16 242   -0.0196052 0.00351497 1.27592
16 243   0.019515 0.00360516 1.26031
16 244   0.000786641 -6.50232e-05 1.13567
16 245   -0.000786641 6.50232e-05 1.13567
16 246   0.000786641 6.25379e-05 1.13567
16 247   -0.000786641 -6.25379e-05 1.13567
16 248   0.00061298 -0.000424055 1.13526
16 249   -0.00061298 0.000424055 1.13526
16 250   0.00061298 0.000423554 1.13526
16 251   -0.00061298 -0.000423554 1.13526
16 252   0.0196052 0.00259866 1.32959
16 253   6.37806e-05 -0.000711163 1.13467
16 254   -6.37806e-05 -0.000711163 1.13467
16 255   6.37806e-05 0.000711163 1.13467
16 256   -6.37806e-05 0.000711163 1.13467
16 257   -0.0183222 -0.00280849 1.30177
16 258   -0.0183222 0.00280868 1.30147
16 259   0.0183224 -0.00280909 1.30169
16 260   0.0183259 0.00280843 1.30181
16 261   0.019654 0.00271651 1.32614
16 262   -0.018371 -0.00269064 1.30607
16 263   -0.018371 0.00269082 1.30585
16 264   0.0183712 -0.00269124 1.306
16 265   0.0183747 0.00269058 1.30612
16 266   -0.0186319 -0.00242084 1.31673
16 267   -0.0186319 0.00242088 1.31663
16 268   0.0186322 -0.00242213 1.31665
16 269   -0.019654 -0.00320013 1.30225
16 270   0.019654 0.0031977 1.30216
16 271   -0.0196052 -0.00331798 1.2924
16 272   0.0196052 0.00331555 1.29237
16 273   0.0188184 -0.00365398 1.26418
16 274   -0.0188184 0.00365398 1.26412
16 275   0.0187005 -0.00360516 1.26815
16 276   -0.0187005 0.00360516 1.26807
16 277   -0.019654 -0.00287244 1.32031
16 278   0.0186643 0.00243255 1.31685
16 279   -0.0190638 -0.00365398 1.26117
16 280   0.0190638 0.00365398 1.26118
16 281   0.0189362 0.00365398 1.26167
16 282   -0.0189362 -0.00365398 1.26166
16 283   0.019654 -0.00306378 1.31126
16 284   -0.019654 0.00306378 1.31121
16 285   -0.019654 0.00293622 1.31785
16 286   0.019654 -0.00293622 1.3179
16 287   0.0187821 0.00238373 1.31997
16 288   0.0191464 0.00237288 1.32656
16 289   -0.0190754 -0.00237477 1.32519
16 290   -0.0190754 0.00237477 1.32514
16 291   0.0192642 0.0024217 1.32744
16 292   0.0190756 -0.00237611 1.32515
16 293   -0.0189478 -0.00237477 1.32286
16 294   -0.0189478 0.00237477 1.32279
16 295   0.018948 -0.00237611 1.3228
16 296   0.0191452 -0.00354397 1.2659
16 297   -0.0191452 0.00354397 1.26585
16 298   0.019263 -0.00349515 1.26961
16 299   -0.019263 0.00349515 1.26957
16 733   0.00589686 -0.00338572 1.14405
16 734   0.00502757 -0.00083762 1.16204
16 735   0.00398485 -0.00261396 1.14017
16 736   0.00365363 -0.00129442 1.1456
16 737   0.00755083 -0.000944353 1.23141
16 738   0.00622783 -0.00154288 1.17744
16 739   0.00676591 -0.00277144 1.16472
16 740   -0.00589686 0.00338572 1.14405
16 741   -0.00502756 0.000837614 1.16204
16 742   -0.00398485 0.00261396 1.14016
16 743   -0.00365363 0.00129442 1.1456
16 744   -0.00755079 0.000944311 1.23139
16 745   -0.00622782 0.00154287 1.17743
16 746   -0.0067659 0.00277144 1.16471
16 818   0.00969375 -0.00169425 1.30925
16 819   0.0084445 -0.00160384 1.25516
16 820   0.00795958 -0.00281664 1.18681
16 821   0.00991781 -0.00290706 1.24397
16 822   0.00893761 -0.00343093 1.17352
16 823   -0.00969364 0.00169413 1.30924
16 824   -0.00844444 0.00160377 1.25514
16 825   -0.00795955 0.00281661 1.1868
16 826   -0.00991774 0.00290697 1.24396
16 827   -0.00893758 0.0034309 1.17351
16 846   0.00502757 0.000495714 1.16346
16 847   0.00589686 0.00328095 1.14561
16 848   0.00711054 0.00270701 1.17225
16 849   0.00365363 0.00115903 1.14621
16 850   0.00398485 0.00250616 1.14108
16 851   -0.00502756 -0.000495719 1.16346
16 852   -0.00589686 -0.00328095 1.14562
16 853   -0.00711053 -0.00270702 1.17225
16 854   -0.00365363 -0.00115904 1.14621
16 855   -0.00398485 -0.00250616 1.14108
16 856   0.0117957 0.00134027 1.39371
16 857   0.0127378 0.00135679 1.3862
16 858   0.0125932 0.00272323 1.32339
16 859   0.0107307 0.00302384 1.26397
16 860   0.0110674 0.00367461 1.22217
16 861   0.0114828 0.00238133 1.33379
16 862   0.0118196 0.0030321 1.29758
16 863   -0.0117952 -0.00134084 1.39366
16 864   -0.012737 -0.00135766 1.38616
16 865   -0.0125927 -0.00272381 1.32328
16 866   -0.0107306 -0.00302394 1.26401
16 867   -0.0110674 -0.00367465 1.2221
16 868   -0.0114825 -0.00238164 1.33372
16 869   -0.0118194 -0.00303235 1.29743
16 870   -0.0127305 0.00152058 1.37994
16 871   -0.0117798 0.00160795 1.37977
16 872   -0.0125862 0.0028211 1.31847
16 873   -0.0116356 0.00290846 1.30264
16 874   -0.011198 0.00347607 1.24782
16 875   -0.0105801 0.00347607 1.21825
16 879   0.0127311 -0.00152135 1.37991
16 880   0.0117803 -0.00160847 1.37975
16 881   0.0125866 -0.00282158 1.31846
16 882   0.0116358 -0.0029087 1.30264
16 883   0.0111981 -0.00347613 1.24783
16 884   0.0105802 -0.00347613 1.21826
16 888   0.00830311 0.00342606 1.16488
16 889   0.0090121 0.00342606 1.17158
16 926   -0.00830311 -0.00342607 1.16485
16 927   -0.00901209 -0.00342607 1.17153
16 935   -0.00820225 -0.000966226 1.25964
16 936   -0.00758858 -0.000102056 1.24072
16 937   -0.00687927 -0.001701 1.19209
16 938   -0.00626561 -0.000836828 1.18636
16 939   0.0082023 0.000966175 1.25965
16 940   0.00758863 0.00010201 1.24074
16 941   0.00687929 0.00170098 1.19209
16 942   0.00626562 0.000836818 1.18637
16 1034   -0.0160148 0.00345952 1.2838
16 1037   -0.017133 0.0027682 1.29981
16 1038   -0.0166531 0.00322908 1.28785
16 1039   -0.0171272 0.00376956 1.26967
16 1043   -0.0160149 -0.00345686 1.28382
16 1047   -0.0171272 -0.00376947 1.26963
16 1048   -0.0171331 -0.00276527 1.29991
16 1049   -0.0166532 -0.00322633 1.28787
16 1050   -0.0178103 -0.00349992 1.27637
16 1051   -0.0183222 -0.00293606 1.29717
16 1052   -0.0178917 -0.00303886 1.29236
16 1057   0.0160151 -0.00346008 1.28379
16 1060   0.0171336 -0.00276939 1.29984
16 1061   0.0166535 -0.00322985 1.28784
16 1062   0.0171273 -0.00376977 1.26968
16 1063   0.0178103 -0.00350022 1.27644
16 1064   0.0183224 -0.00293665 1.29709
16 1065   0.017892 -0.00303976 1.29236
16 1069   0.0160162 0.00345582 1.28385
16 1073   0.0171291 0.00376944 1.26963
16 1074   0.0171399 0.00276414 1.29994
16 1075   0.0166564 0.00322526 1.2879
16 1076   0.0178121 0.00349989 1.27638
16 1077   0.0183259 0.00293599 1.2972
16 1078   0.0178973 0.00303877 1.29238
16 1079   -0.0198206 -0.00261935 1.33542
16 1082   -0.0196052 -0.00256528 1.33098
16 1083   -0.019515 -0.00247508 1.33174
16 1084   -0.0194087 -0.00228835 1.33491
16 1085   -0.0196783 -0.00199993 1.34852
16 1095   -0.0198206 0.00271502 1.33227
16 1098   -0.0196052 0.00259717 1.33002
16 1099   -0.019515 0.00250697 1.33078
16 1100   -0.0196783 0.00203182 1.34775
16 1101   -0.0194087 0.00232024 1.33402
16 1111   0.0198206 -0.00271639 1.33225
16 1114   0.0196052 -0.00259853 1.33002
16 1115   0.019515 -0.00250834 1.33078
16 1116   0.0196785 -0.00203726 1.34768
16 1117   0.0194089 -0.00232294 1.33399
16 1118   -0.0187169 -0.00382065 1.25483
16 1121   -0.018599 -0.00360516 1.26818
16 1122   -0.018188 -0.00373045 1.26535
16 1123   -0.0185088 -0.00351497 1.2729
16 1124   0.0187169 0.00382065 1.25484
16 1127   0.0185991 0.00360516 1.2682
16 1128   0.0181881 0.00373045 1.26536
16 1129   0.0185089 0.00351497 1.27292
16 1130   0.000787461 -0.00107498 1.13463
16 1131   0.000647054 -0.000677076 1.13507
16 1132   0.000369686 -0.000588633 1.13492
16 1133   0.000251835 -0.000861298 1.13454
16 1134   0.000446312 -0.00122307 1.13404
16 1135   -0.000787461 0.00107498 1.13463
16 1136   -0.000647054 0.000677076 1.13507
16 1137   -0.000369686 0.000588633 1.13492
16 1138   -0.000251835 0.000861298 1.13454
16 1139   -0.000446312 0.00122307 1.13404
16 1140   -0.000647054 -0.000676466 1.13506
16 1141   -0.000787461 -0.00107415 1.13462
16 1142   -0.000369686 -0.000588525 1.13492
16 1143   -0.000446312 -0.00122275 1.13404
16 1144   -0.000251835 -0.00086119 1.13453
16 1145   0.000647054 0.000676466 1.13507
16 1146   0.000787461 0.00107415 1.13463
16 1147   0.000369686 0.000588525 1.13492
16 1148   0.000446312 0.00122275 1.13404
16 1149   0.000251835 0.00086119 1.13454
16 1150   -0.0175887 0.00351957 1.27617
16 1151   -0.0176702 0.00305869 1.29161
16 1152   -0.0183526 0.00326497 1.28454
16 1153   -0.0183038 0.00314712 1.28919
16 1154   -0.0181006 0.00295579 1.2954
16 1155   -0.0180679 0.00375 1.265
16 1156   -0.0183888 0.00353452 1.27282
33 539   0.000320647 -6.37806e-05 1.13519
33 540   -6.37806e-05 -0.000320647 1.13501
33 541   6.37806e-05 -0.000320647 1.13501
33 542   6.37806e-05 0.000320647 1.13501
33 543   -0.000320647 6.37806e-05 1.13519
33 544   -0.000271831 0.000181632 1.13513
33 545   -0.000271831 -0.000181632 1.13513
33 546   0.000320647 6.37806e-05 1.13519
33 547   0.000271831 0.000181632 1.13514
33 548   0.000181632 0.000271831 1.13506
33 549   -0.000181632 0.000271831 1.13506
33 550   -6.37806e-05 0.000320647 1.13501
33 551   -0.000320647 -6.37806e-05 1.13519
33 552   0.000271831 -0.000181632 1.13513
33 553   0.000181632 -0.000271831 1.13506
33 554   -0.000181632 -0.000271831 1.13506
39 316   -0.0191816 0.00272817 1.31478
39 317   -0.0187282 0.00318163 1.28899
39 318   -0.0186794 0.00293622 1.29942
39 319   -0.0193206 0.00306378 1.30194
39 320   -0.0192718 0.00318163 1.29363
39 321   -0.0187282 0.00281837 1.3045
39 322   -0.0186794 0.00306378 1.29415
39 323   -0.0189362 0.00267935 1.31238
39 324   -0.0190638 0.00267935 1.3145
39 325   -0.0193206 0.00293622 1.30868
39 326   -0.0192718 0.00281837 1.31292
39 327   -0.0189362 0.00332065 1.28194
39 328   -0.0190638 0.00332065 1.28211
39 329   -0.0188184 0.00272817 1.30887
39 330   -0.0191816 0.00327183 1.28629
39 331   -0.0188184 0.00327183 1.28458
45 82   -0.0191816 -0.00327183 1.28733
45 83   -0.0187282 -0.00281837 1.3047
45 84   -0.0186794 -0.00306378 1.29421
45 85   -0.0193206 -0.00293622 1.30864
45 86   -0.0192718 -0.00281837 1.31298
45 87   -0.0187282 -0.00318163 1.28913
45 88   -0.0190638 -0.00267935 1.31462
45 89   -0.0189362 -0.00267935 1.31252
45 90   -0.0186794 -0.00293622 1.29966
45 91   -0.0193206 -0.00306378 1.30206
45 92   -0.0192718 -0.00318163 1.294
45 93   -0.0189362 -0.00332065 1.28295
45 94   -0.0190638 -0.00332065 1.28358
45 95   -0.0188184 -0.00327183 1.28509
45 96   -0.0188184 -0.00272817 1.30905
45 97   -0.0191816 -0.00272817 1.31488
51 98   0.0188184 0.00272817 1.30905
51 99   0.0192718 0.00318163 1.29412
51 100   0.0186794 0.00306378 1.29425
51 101   0.0193206 0.00293622 1.30886
51 102   0.0192718 0.00281837 1.31301
51 103   0.0187282 0.00318163 1.28917
51 104   0.0190638 0.00267935 1.31463
51 105   0.0189362 0.00267935 1.31251
51 106   0.0186794 0.00293622 1.29969
51 107   0.0193206 0.00306378 1.30247
51 108   0.0187282 0.00281837 1.30474
51 109   0.0189362 0.00332065 1.283
51 110   0.0190638 0.00332065 1.28364
51 111   0.0188184 0.00327183 1.28513
51 112   0.0191816 0.00327183 1.2874
51 113   0.0191816 0.00272817 1.31492
57 300   0.0188184 -0.00327183 1.28456
57 301   0.0192718 -0.00281837 1.31295
57 302   0.0193206 -0.00306378 1.30198
57 303   0.0186794 -0.00293622 1.29948
57 304   0.0192718 -0.00318163 1.29366
57 305   0.0187282 -0.00281837 1.30456
57 306   0.0193206 -0.00293622 1.30872
57 307   0.0186794 -0.00306378 1.29401
57 308   0.0190638 -0.00267935 1.31454
57 309   0.0189362 -0.00267935 1.31242
57 310   0.0187282 -0.00318163 1.28891
57 311   0.0190638 -0.00332065 1.28214
57 312   0.0189362 -0.00332065 1.28195
57 313   0.0191816 -0.00272817 1.31481
57 314   0.0188184 -0.00272817 1.30892
57 315   0.0191816 -0.00327183 1.28632
end
