PhaseA
  5 10
  0.0311
  -5.91692  0  0  0.0137334  -171.927  
  0.0312
  -8.12728  0  0  -0.00329185  -170.252  
  0.0313
  -10.3296  0  0  -0.0200076  -167.157  
  0.0314
  -12.5218  0  0  -0.0360526  -160.45  
  0.0315
  -14.7016  0  0  -0.0519012  -158.486  
  0.0316
  -16.8669  0  0  -0.0682217  -163.206  
  0.0317
  -19.0155  0  0  -0.0855321  -173.104  
  0.0318
  -21.1454  0  0  -0.10423  -186.974  
  0.0319
  -23.2544  0  0  -0.12384  -196.107  
  0.032
  -25.3404  0  0  -0.143415  -195.75  
