PhaseA
  5 10
  0.0311
  -5.91692  0  0  0.0724151  -185.054  
  0.0312
  -8.12728  0  0  0.0549665  -174.486  
  0.0313
  -10.3296  0  0  0.0385694  -163.971  
  0.0314
  -12.5218  0  0  0.0226306  -159.388  
  0.0315
  -14.7016  0  0  0.00680609  -158.245  
  0.0316
  -16.8669  0  0  -0.00899929  -158.054  
  0.0317
  -19.0155  0  0  -0.0249257  -159.264  
  0.0318
  -21.1454  0  0  -0.0409938  -160.681  
  0.0319
  -23.2544  0  0  -0.0571775  -161.837  
  0.032
  -25.3404  0  0  -0.0736602  -164.826  
