Induced Winding Voltages at Rated Speed
Electric Degree
(Volts)
0	4.138223
1	8.407724
2	12.955369
3	17.975688
4	23.673452
5	30.203788
6	37.206905
7	44.555478
8	49.227818
9	50.444290
10	51.068667
11	51.438538
12	51.649228
13	51.811309
14	51.960959
15	52.110146
16	52.270516
17	52.370603
18	52.556654
19	52.923736
20	53.375591
21	53.980826
22	54.784680
23	55.728942
24	56.724799
25	57.780356
26	58.912163
27	60.200144
28	61.759527
29	63.639972
30	65.900261
31	68.612933
32	71.875148
33	75.793996
34	80.470074
35	86.016985
36	92.091838
37	98.660918
38	102.766399
39	103.578863
40	103.907577
41	104.051770
42	104.079188
43	104.085771
44	104.091379
45	104.096513
46	104.101350
47	104.018106
48	103.971455
49	104.035231
50	104.081729
51	104.118678
52	104.141528
53	104.155921
54	104.166653
55	104.198716
56	104.227109
57	104.227479
58	104.227631
59	104.227594
60	104.227394
61	104.227054
62	104.226496
63	104.225712
64	104.224804
65	104.223806
66	104.222729
67	104.221584
68	104.220380
69	104.219126
70	104.224201
71	104.237419
72	104.244134
73	104.242558
74	104.240990
75	104.239434
76	104.237894
77	104.228081
78	104.218734
79	104.218155
80	104.217625
81	104.217145
82	104.216717
83	104.216343
84	104.216025
85	104.215762
86	104.215558
87	104.215411
88	104.215322
89	104.215293
90	104.215322
91	104.215411
92	104.215558
93	104.215762
94	104.216025
95	104.216343
96	104.216717
97	104.217145
98	104.217625
99	104.218155
100	104.218734
101	104.228081
102	104.237894
103	104.239434
104	104.240990
105	104.242558
106	104.244134
107	104.237419
108	104.224201
109	104.219126
110	104.220380
111	104.221584
112	104.222729
113	104.223806
114	104.224804
115	104.225712
116	104.226496
117	104.227054
118	104.227394
119	104.227594
120	104.227631
121	104.227479
122	104.227109
123	104.198716
124	104.166653
125	104.155921
126	104.141528
127	104.118678
128	104.081729
129	104.035231
130	103.971455
131	104.018106
132	104.101350
133	104.096513
134	104.091379
135	104.085771
136	104.079188
137	104.051770
138	103.907577
139	103.578863
140	102.766399
141	98.660918
142	92.091838
143	86.016985
144	80.470074
145	75.793996
146	71.875148
147	68.612933
148	65.900261
149	63.639972
150	61.759527
151	60.200144
152	58.912163
153	57.780356
154	56.724799
155	55.728942
156	54.784680
157	53.980826
158	53.375591
159	52.923736
160	52.556654
161	52.370603
162	52.270516
163	52.110146
164	51.960959
165	51.811309
166	51.649228
167	51.438538
168	51.068667
169	50.444290
170	49.227818
171	44.555478
172	37.206905
173	30.203788
174	23.673452
175	17.975688
176	12.955369
177	8.407724
178	4.138223
179	-0.000000
180	-4.138223
181	-8.407724
182	-12.955369
183	-17.975688
184	-23.673452
185	-30.203788
186	-37.206905
187	-44.555478
188	-49.227818
189	-50.444290
190	-51.068667
191	-51.438538
192	-51.649228
193	-51.811309
194	-51.960959
195	-52.110146
196	-52.270516
197	-52.370603
198	-52.556654
199	-52.923736
200	-53.375591
201	-53.980826
202	-54.784680
203	-55.728942
204	-56.724799
205	-57.780356
206	-58.912163
207	-60.200144
208	-61.759527
209	-63.639972
210	-65.900261
211	-68.612933
212	-71.875148
213	-75.793996
214	-80.470074
215	-86.016985
216	-92.091838
217	-98.660918
218	-102.766399
219	-103.578863
220	-103.907577
221	-104.051770
222	-104.079188
223	-104.085771
224	-104.091379
225	-104.096513
226	-104.101350
227	-104.018106
228	-103.971455
229	-104.035231
230	-104.081729
231	-104.118678
232	-104.141528
233	-104.155921
234	-104.166653
235	-104.198716
236	-104.227109
237	-104.227479
238	-104.227631
239	-104.227594
240	-104.227394
241	-104.227054
242	-104.226496
243	-104.225712
244	-104.224804
245	-104.223806
246	-104.222729
247	-104.221584
248	-104.220380
249	-104.219126
250	-104.224201
251	-104.237419
252	-104.244134
253	-104.242558
254	-104.240990
255	-104.239434
256	-104.237894
257	-104.228081
258	-104.218734
259	-104.218155
260	-104.217625
261	-104.217145
262	-104.216717
263	-104.216343
264	-104.216025
265	-104.215762
266	-104.215558
267	-104.215411
268	-104.215322
269	-104.215293
270	-104.215322
271	-104.215411
272	-104.215558
273	-104.215762
274	-104.216025
275	-104.216343
276	-104.216717
277	-104.217145
278	-104.217625
279	-104.218155
280	-104.218734
281	-104.228081
282	-104.237894
283	-104.239434
284	-104.240990
285	-104.242558
286	-104.244134
287	-104.237419
288	-104.224201
289	-104.219126
290	-104.220380
291	-104.221584
292	-104.222729
293	-104.223806
294	-104.224804
295	-104.225712
296	-104.226496
297	-104.227054
298	-104.227394
299	-104.227594
300	-104.227631
301	-104.227479
302	-104.227109
303	-104.198716
304	-104.166653
305	-104.155921
306	-104.141528
307	-104.118678
308	-104.081729
309	-104.035231
310	-103.971455
311	-104.018106
312	-104.101350
313	-104.096513
314	-104.091379
315	-104.085771
316	-104.079188
317	-104.051770
318	-103.907577
319	-103.578863
320	-102.766399
321	-98.660918
322	-92.091838
323	-86.016985
324	-80.470074
325	-75.793996
326	-71.875148
327	-68.612933
328	-65.900261
329	-63.639972
330	-61.759527
331	-60.200144
332	-58.912163
333	-57.780356
334	-56.724799
335	-55.728942
336	-54.784680
337	-53.980826
338	-53.375591
339	-52.923736
340	-52.556654
341	-52.370603
342	-52.270516
343	-52.110146
344	-51.960959
345	-51.811309
346	-51.649228
347	-51.438538
348	-51.068667
349	-50.444290
350	-49.227818
351	-44.555478
352	-37.206905
353	-30.203788
354	-23.673452
355	-17.975688
356	-12.955369
357	-8.407724
358	-4.138223
359	0.000000
360	4.138223
Phase Voltage ea
0	108.365617
1	112.634778
2	117.181865
3	122.201400
4	127.898256
5	134.427593
6	141.429634
7	148.777061
8	153.448198
9	154.663416
10	155.292868
11	155.675957
12	155.893362
13	156.053868
14	156.201949
15	156.349580
16	156.508410
17	156.598684
18	156.775388
19	157.141892
20	157.593216
21	158.197971
22	159.001397
23	159.945286
24	160.940823
25	161.996119
26	163.127720
27	164.415555
28	165.974849
29	167.855265
30	170.115583
31	172.828344
32	176.090705
33	180.009759
34	184.686098
35	190.233329
36	196.308555
37	202.878063
38	206.984025
39	207.797018
40	208.126311
41	208.279851
42	208.317082
43	208.325205
44	208.332369
45	208.339071
46	208.345483
47	208.255524
48	208.195657
49	208.254357
50	208.302109
51	208.340262
52	208.364256
53	208.379727
54	208.391457
55	208.424428
56	208.453605
57	208.454533
58	208.455025
59	208.455187
60	208.455025
61	208.454533
62	208.453605
63	208.424428
64	208.391457
65	208.379727
66	208.364256
67	208.340262
68	208.302109
69	208.254357
70	208.195657
71	208.255524
72	208.345483
73	208.339071
74	208.332369
75	208.325205
76	208.317082
77	208.279851
78	208.126311
79	207.797018
80	206.984025
81	202.878063
82	196.308555
83	190.233329
84	184.686098
85	180.009759
86	176.090705
87	172.828344
88	170.115583
89	167.855265
90	165.974849
91	164.415555
92	163.127720
93	161.996119
94	160.940823
95	159.945286
96	159.001397
97	158.197971
98	157.593216
99	157.141892
100	156.775388
101	156.598684
102	156.508410
103	156.349580
104	156.201949
105	156.053868
106	155.893362
107	155.675957
108	155.292868
109	154.663416
110	153.448198
111	148.777061
112	141.429634
113	134.427593
114	127.898256
115	122.201400
116	117.181865
117	112.634778
118	108.365617
119	104.227594
120	100.089408
121	95.819756
122	91.271740
123	86.223028
124	80.493201
125	73.952134
126	66.934622
127	59.563200
128	54.853911
129	53.590941
130	52.902788
131	52.579567
132	52.452121
133	52.285203
134	52.130420
135	51.975625
136	51.808672
137	51.681168
138	51.350923
139	50.655126
140	49.390809
141	44.680092
142	37.307158
143	30.288043
144	23.745275
145	18.013640
146	12.962985
147	8.412789
148	4.140734
149	-0.000000
150	-4.140734
151	-8.412789
152	-12.962985
153	-18.013640
154	-23.745275
155	-30.288043
156	-37.307158
157	-44.680092
158	-49.390809
159	-50.655126
160	-51.350923
161	-51.681168
162	-51.808672
163	-51.975625
164	-52.130420
165	-52.285203
166	-52.452121
167	-52.579567
168	-52.902788
169	-53.590941
170	-54.853911
171	-59.563200
172	-66.934622
173	-73.952134
174	-80.493201
175	-86.223028
176	-91.271740
177	-95.819756
178	-100.089408
179	-104.227594
180	-108.365617
181	-112.634778
182	-117.181865
183	-122.201400
184	-127.898256
185	-134.427593
186	-141.429634
187	-148.777061
188	-153.448198
189	-154.663416
190	-155.292868
191	-155.675957
192	-155.893362
193	-156.053868
194	-156.201949
195	-156.349580
196	-156.508410
197	-156.598684
198	-156.775388
199	-157.141892
200	-157.593216
201	-158.197971
202	-159.001397
203	-159.945286
204	-160.940823
205	-161.996119
206	-163.127720
207	-164.415555
208	-165.974849
209	-167.855265
210	-170.115583
211	-172.828344
212	-176.090705
213	-180.009759
214	-184.686098
215	-190.233329
216	-196.308555
217	-202.878063
218	-206.984025
219	-207.797018
220	-208.126311
221	-208.279851
222	-208.317082
223	-208.325205
224	-208.332369
225	-208.339071
226	-208.345483
227	-208.255524
228	-208.195657
229	-208.254357
230	-208.302109
231	-208.340262
232	-208.364256
233	-208.379727
234	-208.391457
235	-208.424428
236	-208.453605
237	-208.454533
238	-208.455025
239	-208.455187
240	-208.455025
241	-208.454533
242	-208.453605
243	-208.424428
244	-208.391457
245	-208.379727
246	-208.364256
247	-208.340262
248	-208.302109
249	-208.254357
250	-208.195657
251	-208.255524
252	-208.345483
253	-208.339071
254	-208.332369
255	-208.325205
256	-208.317082
257	-208.279851
258	-208.126311
259	-207.797018
260	-206.984025
261	-202.878063
262	-196.308555
263	-190.233329
264	-184.686098
265	-180.009759
266	-176.090705
267	-172.828344
268	-170.115583
269	-167.855265
270	-165.974849
271	-164.415555
272	-163.127720
273	-161.996119
274	-160.940823
275	-159.945286
276	-159.001397
277	-158.197971
278	-157.593216
279	-157.141892
280	-156.775388
281	-156.598684
282	-156.508410
283	-156.349580
284	-156.201949
285	-156.053868
286	-155.893362
287	-155.675957
288	-155.292868
289	-154.663416
290	-153.448198
291	-148.777061
292	-141.429634
293	-134.427593
294	-127.898256
295	-122.201400
296	-117.181865
297	-112.634778
298	-108.365617
299	-104.227594
300	-100.089408
301	-95.819756
302	-91.271740
303	-86.223028
304	-80.493201
305	-73.952134
306	-66.934622
307	-59.563200
308	-54.853911
309	-53.590941
310	-52.902788
311	-52.579567
312	-52.452121
313	-52.285203
314	-52.130420
315	-51.975625
316	-51.808672
317	-51.681168
318	-51.350923
319	-50.655126
320	-49.390809
321	-44.680092
322	-37.307158
323	-30.288043
324	-23.745275
325	-18.013640
326	-12.962985
327	-8.412789
328	-4.140734
329	0.000000
330	4.140734
331	8.412789
332	12.962985
333	18.013640
334	23.745275
335	30.288043
336	37.307158
337	44.680092
338	49.390809
339	50.655126
340	51.350923
341	51.681168
342	51.808672
343	51.975625
344	52.130420
345	52.285203
346	52.452121
347	52.579567
348	52.902788
349	53.590941
350	54.853911
351	59.563200
352	66.934622
353	73.952134
354	80.493201
355	86.223028
356	91.271740
357	95.819756
358	100.089408
359	104.227594
360	108.365617
Line Voltage eab
