SolidID  29   16 
h  529  -0 0.999939 0 -1 -0 0
h  530  -0 0.999939 0 -1 -0 0
h  531  -0 0.999939 0 -1 -0 0
h  532  -0 0.999939 0 -1 -0 0
h  533  -0 0.999939 0 -1 -0 0
h  534  -0 0.999939 0 -1 -0 0
h  535  -0 0.999939 0 -1 -0 0
h  536  -0 0.999939 0 -1 -0 0
h  537  -0 0.999939 0 -1 -0 0
h  538  -0 0.999939 0 -1 -0 0
h  539  -0 0.999939 0 -1 -0 0
h  540  -0 0.999939 0 -1 -0 0
h  541  -0 0.999939 0 -1 -0 0
h  542  -0 0.999939 0 -1 -0 0
h  543  -0 0.999939 0 -1 -0 0
h  544  -0 0.999939 0 -1 -0 0
SolidID  29   16 
h  529  -0 0.999939 0 -1 -0 0
h  530  -0 0.999939 0 -1 -0 0
h  531  -0 0.999939 0 -1 -0 0
h  532  -0 0.999939 0 -1 -0 0
h  533  -0 0.999939 0 -1 -0 0
h  534  -0 0.999939 0 -1 -0 0
h  535  -0 0.999939 0 -1 -0 0
h  536  -0 0.999939 0 -1 -0 0
h  537  -0 0.999939 0 -1 -0 0
h  538  -0 0.999939 0 -1 -0 0
h  539  -0 0.999939 0 -1 -0 0
h  540  -0 0.999939 0 -1 -0 0
h  541  -0 0.999939 0 -1 -0 0
h  542  -0 0.999939 0 -1 -0 0
h  543  -0 0.999939 0 -1 -0 0
h  544  -0 0.999939 0 -1 -0 0
SolidID  35   16 
h  289  -648809 0.999939 0 -1 -0 0
h  290  -669923 0.999939 0 -1 -0 0
h  291  -659454 0.999939 0 -1 -0 0
h  292  -659176 0.999939 0 -1 -0 0
h  293  -665602 0.999939 0 -1 -0 0
h  294  -654749 0.999939 0 -1 -0 0
h  295  -664876 0.999939 0 -1 -0 0
h  296  -649005 0.999939 0 -1 -0 0
h  297  -648177 0.999939 0 -1 -0 0
h  298  -654093 0.999939 0 -1 -0 0
h  299  -650810 0.999939 0 -1 -0 0
h  300  -676279 0.999939 0 -1 -0 0
h  301  -675577 0.999939 0 -1 -0 0
h  302  -651241 0.999939 0 -1 -0 0
h  303  -671657 0.999939 0 -1 -0 0
h  304  -674095 0.999939 0 -1 -0 0
SolidID  29   16 
h  529  -0 0.999939 0 -1 -0 0
h  530  -0 0.999939 0 -1 -0 0
h  531  -0 0.999939 0 -1 -0 0
h  532  -0 0.999939 0 -1 -0 0
h  533  -0 0.999939 0 -1 -0 0
h  534  -0 0.999939 0 -1 -0 0
h  535  -0 0.999939 0 -1 -0 0
h  536  -0 0.999939 0 -1 -0 0
h  537  -0 0.999939 0 -1 -0 0
h  538  -0 0.999939 0 -1 -0 0
h  539  -0 0.999939 0 -1 -0 0
h  540  -0 0.999939 0 -1 -0 0
h  541  -0 0.999939 0 -1 -0 0
h  542  -0 0.999939 0 -1 -0 0
h  543  -0 0.999939 0 -1 -0 0
h  544  -0 0.999939 0 -1 -0 0
SolidID  35   16 
h  289  -648809 0.999939 0 -1 -0 0
h  290  -669923 0.999939 0 -1 -0 0
h  291  -659454 0.999939 0 -1 -0 0
h  292  -659176 0.999939 0 -1 -0 0
h  293  -665602 0.999939 0 -1 -0 0
h  294  -654749 0.999939 0 -1 -0 0
h  295  -664876 0.999939 0 -1 -0 0
h  296  -649005 0.999939 0 -1 -0 0
h  297  -648177 0.999939 0 -1 -0 0
h  298  -654093 0.999939 0 -1 -0 0
h  299  -650810 0.999939 0 -1 -0 0
h  300  -676279 0.999939 0 -1 -0 0
h  301  -675577 0.999939 0 -1 -0 0
h  302  -651241 0.999939 0 -1 -0 0
h  303  -671657 0.999939 0 -1 -0 0
h  304  -674095 0.999939 0 -1 -0 0
SolidID  41   16 
h  55  -670770 0.999939 0 -1 -0 0
h  56  -654526 0.999939 0 -1 -0 0
h  57  -664657 0.999939 0 -1 -0 0
h  58  -653921 0.999939 0 -1 -0 0
h  59  -650522 0.999939 0 -1 -0 0
h  60  -669716 0.999939 0 -1 -0 0
h  61  -647937 0.999939 0 -1 -0 0
h  62  -648771 0.999939 0 -1 -0 0
h  63  -659232 0.999939 0 -1 -0 0
h  64  -658866 0.999939 0 -1 -0 0
h  65  -665117 0.999939 0 -1 -0 0
h  66  -675446 0.999939 0 -1 -0 0
h  67  -674513 0.999939 0 -1 -0 0
h  68  -673621 0.999939 0 -1 -0 0
h  69  -651013 0.999939 0 -1 -0 0
h  70  -648556 0.999939 0 -1 -0 0
SolidID  29   16 
h  529  -0 0.999939 0 -1 -0 0
h  530  -0 0.999939 0 -1 -0 0
h  531  -0 0.999939 0 -1 -0 0
h  532  -0 0.999939 0 -1 -0 0
h  533  -0 0.999939 0 -1 -0 0
h  534  -0 0.999939 0 -1 -0 0
h  535  -0 0.999939 0 -1 -0 0
h  536  -0 0.999939 0 -1 -0 0
h  537  -0 0.999939 0 -1 -0 0
h  538  -0 0.999939 0 -1 -0 0
h  539  -0 0.999939 0 -1 -0 0
h  540  -0 0.999939 0 -1 -0 0
h  541  -0 0.999939 0 -1 -0 0
h  542  -0 0.999939 0 -1 -0 0
h  543  -0 0.999939 0 -1 -0 0
h  544  -0 0.999939 0 -1 -0 0
SolidID  35   16 
h  289  -648809 0.999939 0 -1 -0 0
h  290  -669923 0.999939 0 -1 -0 0
h  291  -659454 0.999939 0 -1 -0 0
h  292  -659176 0.999939 0 -1 -0 0
h  293  -665602 0.999939 0 -1 -0 0
h  294  -654749 0.999939 0 -1 -0 0
h  295  -664876 0.999939 0 -1 -0 0
h  296  -649005 0.999939 0 -1 -0 0
h  297  -648177 0.999939 0 -1 -0 0
h  298  -654093 0.999939 0 -1 -0 0
h  299  -650810 0.999939 0 -1 -0 0
h  300  -676279 0.999939 0 -1 -0 0
h  301  -675577 0.999939 0 -1 -0 0
h  302  -651241 0.999939 0 -1 -0 0
h  303  -671657 0.999939 0 -1 -0 0
h  304  -674095 0.999939 0 -1 -0 0
SolidID  41   16 
h  55  -670770 0.999939 0 -1 -0 0
h  56  -654526 0.999939 0 -1 -0 0
h  57  -664657 0.999939 0 -1 -0 0
h  58  -653921 0.999939 0 -1 -0 0
h  59  -650522 0.999939 0 -1 -0 0
h  60  -669716 0.999939 0 -1 -0 0
h  61  -647937 0.999939 0 -1 -0 0
h  62  -648771 0.999939 0 -1 -0 0
h  63  -659232 0.999939 0 -1 -0 0
h  64  -658866 0.999939 0 -1 -0 0
h  65  -665117 0.999939 0 -1 -0 0
h  66  -675446 0.999939 0 -1 -0 0
h  67  -674513 0.999939 0 -1 -0 0
h  68  -673621 0.999939 0 -1 -0 0
h  69  -651013 0.999939 0 -1 -0 0
h  70  -648556 0.999939 0 -1 -0 0
SolidID  47   16 
h  71  -651031 0.999939 0 -1 -0 0
h  72  -664994 0.999939 0 -1 -0 0
h  73  -664642 0.999939 0 -1 -0 0
h  74  -653880 0.999939 0 -1 -0 0
h  75  -650594 0.999939 0 -1 -0 0
h  76  -669698 0.999939 0 -1 -0 0
h  77  -647989 0.999939 0 -1 -0 0
h  78  -648825 0.999939 0 -1 -0 0
h  79  -659222 0.999939 0 -1 -0 0
h  80  -658554 0.999939 0 -1 -0 0
h  81  -654514 0.999939 0 -1 -0 0
h  82  -675417 0.999939 0 -1 -0 0
h  83  -674471 0.999939 0 -1 -0 0
h  84  -673599 0.999939 0 -1 -0 0
h  85  -670701 0.999939 0 -1 -0 0
h  86  -648569 0.999939 0 -1 -0 0
SolidID  29   16 
h  529  -0 0.999939 0 -1 -0 0
h  530  -0 0.999939 0 -1 -0 0
h  531  -0 0.999939 0 -1 -0 0
h  532  -0 0.999939 0 -1 -0 0
h  533  -0 0.999939 0 -1 -0 0
h  534  -0 0.999939 0 -1 -0 0
h  535  -0 0.999939 0 -1 -0 0
h  536  -0 0.999939 0 -1 -0 0
h  537  -0 0.999939 0 -1 -0 0
h  538  -0 0.999939 0 -1 -0 0
h  539  -0 0.999939 0 -1 -0 0
h  540  -0 0.999939 0 -1 -0 0
h  541  -0 0.999939 0 -1 -0 0
h  542  -0 0.999939 0 -1 -0 0
h  543  -0 0.999939 0 -1 -0 0
h  544  -0 0.999939 0 -1 -0 0
SolidID  35   16 
h  289  -648809 0.999939 0 -1 -0 0
h  290  -669923 0.999939 0 -1 -0 0
h  291  -659454 0.999939 0 -1 -0 0
h  292  -659176 0.999939 0 -1 -0 0
h  293  -665602 0.999939 0 -1 -0 0
h  294  -654749 0.999939 0 -1 -0 0
h  295  -664876 0.999939 0 -1 -0 0
h  296  -649005 0.999939 0 -1 -0 0
h  297  -648177 0.999939 0 -1 -0 0
h  298  -654093 0.999939 0 -1 -0 0
h  299  -650810 0.999939 0 -1 -0 0
h  300  -676279 0.999939 0 -1 -0 0
h  301  -675577 0.999939 0 -1 -0 0
h  302  -651241 0.999939 0 -1 -0 0
h  303  -671657 0.999939 0 -1 -0 0
h  304  -674095 0.999939 0 -1 -0 0
SolidID  41   16 
h  55  -670770 0.999939 0 -1 -0 0
h  56  -654526 0.999939 0 -1 -0 0
h  57  -664657 0.999939 0 -1 -0 0
h  58  -653921 0.999939 0 -1 -0 0
h  59  -650522 0.999939 0 -1 -0 0
h  60  -669716 0.999939 0 -1 -0 0
h  61  -647937 0.999939 0 -1 -0 0
h  62  -648771 0.999939 0 -1 -0 0
h  63  -659232 0.999939 0 -1 -0 0
h  64  -658866 0.999939 0 -1 -0 0
h  65  -665117 0.999939 0 -1 -0 0
h  66  -675446 0.999939 0 -1 -0 0
h  67  -674513 0.999939 0 -1 -0 0
h  68  -673621 0.999939 0 -1 -0 0
h  69  -651013 0.999939 0 -1 -0 0
h  70  -648556 0.999939 0 -1 -0 0
SolidID  47   16 
h  71  -651031 0.999939 0 -1 -0 0
h  72  -664994 0.999939 0 -1 -0 0
h  73  -664642 0.999939 0 -1 -0 0
h  74  -653880 0.999939 0 -1 -0 0
h  75  -650594 0.999939 0 -1 -0 0
h  76  -669698 0.999939 0 -1 -0 0
h  77  -647989 0.999939 0 -1 -0 0
h  78  -648825 0.999939 0 -1 -0 0
h  79  -659222 0.999939 0 -1 -0 0
h  80  -658554 0.999939 0 -1 -0 0
h  81  -654514 0.999939 0 -1 -0 0
h  82  -675417 0.999939 0 -1 -0 0
h  83  -674471 0.999939 0 -1 -0 0
h  84  -673599 0.999939 0 -1 -0 0
h  85  -670701 0.999939 0 -1 -0 0
h  86  -648569 0.999939 0 -1 -0 0
SolidID  53   16 
h  273  -673962 0.999939 0 -1 -0 0
h  274  -650609 0.999939 0 -1 -0 0
h  275  -658858 0.999939 0 -1 -0 0
h  276  -659370 0.999939 0 -1 -0 0
h  277  -665162 0.999939 0 -1 -0 0
h  278  -654650 0.999939 0 -1 -0 0
h  279  -653855 0.999939 0 -1 -0 0
h  280  -664807 0.999939 0 -1 -0 0
h  281  -648025 0.999939 0 -1 -0 0
h  282  -648871 0.999939 0 -1 -0 0
h  283  -669836 0.999939 0 -1 -0 0
h  284  -675101 0.999939 0 -1 -0 0
h  285  -675981 0.999939 0 -1 -0 0
h  286  -648635 0.999939 0 -1 -0 0
h  287  -651125 0.999939 0 -1 -0 0
h  288  -671133 0.999939 0 -1 -0 0
SolidID  6   335 
h  87  -0 0.999939 0 -1 -0 0
h  88  -0 0.999939 0 -1 -0 0
h  89  -0 0.999939 0 -1 -0 0
h  90  -0 0.999939 0 -1 -0 0
h  91  -0 0.999939 0 -1 -0 0
h  92  -0 0.999939 0 -1 -0 0
h  93  -0 0.999939 0 -1 -0 0
h  94  -0 0.999939 0 -1 -0 0
h  95  -0 0.999939 0 -1 -0 0
h  96  -0 0.999939 0 -1 -0 0
h  97  -442513 0.999939 0 -1 -0 0
h  98  -443978 0.999939 0 -1 -0 0
h  99  -442430 0.999939 0 -1 -0 0
h  100  -444243 0.999939 0 -1 -0 0
h  101  -0 0.999939 0 -1 -0 0
h  102  -0 0.999939 0 -1 -0 0
h  103  -513516 0.999939 0 -1 -0 0
h  104  -513556 0.999939 0 -1 -0 0
h  105  -515515 0.999939 0 -1 -0 0
h  106  -515618 0.999939 0 -1 -0 0
h  107  -534737 0.999939 0 -1 -0 0
h  108  -534463 0.999939 0 -1 -0 0
h  109  -534782 0.999939 0 -1 -0 0
h  110  -535057 0.999939 0 -1 -0 0
h  111  -0 0.999939 0 -1 -0 0
h  112  -0 0.999939 0 -1 -0 0
h  113  -0 0.999939 0 -1 -0 0
h  114  -0 0.999939 0 -1 -0 0
h  115  -547320 0.999939 0 -1 -0 0
h  116  -547012 0.999939 0 -1 -0 0
h  117  -547096 0.999939 0 -1 -0 0
h  118  -547463 0.999939 0 -1 -0 0
h  119  -0 0.999939 0 -1 -0 0
h  120  -0 0.999939 0 -1 -0 0
h  121  -0 0.999939 0 -1 -0 0
h  122  -0 0.999939 0 -1 -0 0
h  123  -0 0.999939 0 -1 -0 0
h  124  -0 0.999939 0 -1 -0 0
h  125  -0 0.999939 0 -1 -0 0
h  126  -0 0.999939 0 -1 -0 0
h  127  -600781 0.999939 0 -1 -0 0
h  128  -600736 0.999939 0 -1 -0 0
h  129  -600934 0.999939 0 -1 -0 0
h  130  -600712 0.999939 0 -1 -0 0
h  131  -0 0.999939 0 -1 -0 0
h  132  -0 0.999939 0 -1 -0 0
h  133  -0 0.999939 0 -1 -0 0
h  134  -0 0.999939 0 -1 -0 0
h  135  -609326 0.999939 0 -1 -0 0
h  136  -609422 0.999939 0 -1 -0 0
h  137  -600253 0.999939 0 -1 -0 0
h  138  -600268 0.999939 0 -1 -0 0
h  139  -600091 0.999939 0 -1 -0 0
h  140  -600470 0.999939 0 -1 -0 0
h  141  -609514 0.999939 0 -1 -0 0
h  142  -591293 0.999939 0 -1 -0 0
h  143  -591255 0.999939 0 -1 -0 0
h  144  -591272 0.999939 0 -1 -0 0
h  145  -591598 0.999939 0 -1 -0 0
h  146  -608109 0.999939 0 -1 -0 0
h  147  -608496 0.999939 0 -1 -0 0
h  148  -0 0.999939 0 -1 -0 0
h  149  -0 0.999939 0 -1 -0 0
h  150  -0 0.999939 0 -1 -0 0
h  151  -0 0.999939 0 -1 -0 0
h  152  -0 0.999939 0 -1 -0 0
h  153  -0 0.999939 0 -1 -0 0
h  154  -0 0.999939 0 -1 -0 0
h  155  -0 0.999939 0 -1 -0 0
h  156  -0 0.999939 0 -1 -0 0
h  157  -0 0.999939 0 -1 -0 0
h  158  -0 0.999939 0 -1 -0 0
h  159  -0 0.999939 0 -1 -0 0
h  160  -607983 0.999939 0 -1 -0 0
h  161  -608047 0.999939 0 -1 -0 0
h  162  -608287 0.999939 0 -1 -0 0
h  163  -616309 0.999939 0 -1 -0 0
h  164  -618717 0.999939 0 -1 -0 0
h  165  -618576 0.999939 0 -1 -0 0
h  166  -618608 0.999939 0 -1 -0 0
h  167  -618737 0.999939 0 -1 -0 0
h  168  -617658 0.999939 0 -1 -0 0
h  169  -617731 0.999939 0 -1 -0 0
h  170  -617901 0.999939 0 -1 -0 0
h  171  -620705 0.999939 0 -1 -0 0
h  172  -620990 0.999939 0 -1 -0 0
h  173  -0 0.999939 0 -1 -0 0
h  174  -0 0.999939 0 -1 -0 0
h  175  -691281 0.999939 0 -1 -0 0
h  176  -691798 0.999939 0 -1 -0 0
h  177  -0 0.999939 0 -1 -0 0
h  178  -0 0.999939 0 -1 -0 0
h  179  -0 0.999939 0 -1 -0 0
h  180  -0 0.999939 0 -1 -0 0
h  181  -0 0.999939 0 -1 -0 0
h  182  -0 0.999939 0 -1 -0 0
h  183  -695539 0.999939 0 -1 -0 0
h  184  -695561 0.999939 0 -1 -0 0
h  185  -650775 0.999939 0 -1 -0 0
h  186  -651157 0.999939 0 -1 -0 0
h  187  -638693 0.999939 0 -1 -0 0
h  188  -620637 0.999939 0 -1 -0 0
h  189  -620711 0.999939 0 -1 -0 0
h  190  -620878 0.999939 0 -1 -0 0
h  191  -701231 0.999939 0 -1 -0 0
h  192  -699677 0.999939 0 -1 -0 0
h  193  -638334 0.999939 0 -1 -0 0
h  194  -638250 0.999939 0 -1 -0 0
h  195  -638384 0.999939 0 -1 -0 0
h  196  -632117 0.999939 0 -1 -0 0
h  197  -656936 0.999939 0 -1 -0 0
h  198  -656837 0.999939 0 -1 -0 0
h  199  -638936 0.999939 0 -1 -0 0
h  200  -642329 0.999939 0 -1 -0 0
h  201  -633462 0.999939 0 -1 -0 0
h  202  -678411 0.999939 0 -1 -0 0
h  203  -679277 0.999939 0 -1 -0 0
h  204  -633519 0.999939 0 -1 -0 0
h  205  -633637 0.999939 0 -1 -0 0
h  206  -633655 0.999939 0 -1 -0 0
h  207  -0 0.999939 0 -1 -0 0
h  208  -0 0.999939 0 -1 -0 0
h  209  -680540 0.999939 0 -1 -0 0
h  210  -680744 0.999939 0 -1 -0 0
h  211  -694913 0.999939 0 -1 -0 0
h  212  -695343 0.999939 0 -1 -0 0
h  213  -676862 0.999939 0 -1 -0 0
h  214  -666523 0.999939 0 -1 -0 0
h  215  -666817 0.999939 0 -1 -0 0
h  216  -676879 0.999939 0 -1 -0 0
h  217  -0 0.999939 0 -1 -0 0
h  218  -0 0.999939 0 -1 -0 0
h  219  -0 0.999939 0 -1 -0 0
h  220  -0 0.999939 0 -1 -0 0
h  221  -0 0.999939 0 -1 -0 0
h  222  -0 0.999939 0 -1 -0 0
h  223  -0 0.999939 0 -1 -0 0
h  224  -0 0.999939 0 -1 -0 0
h  225  -637522 0.999939 0 -1 -0 0
h  226  -0 0.999939 0 -1 -0 0
h  227  -0 0.999939 0 -1 -0 0
h  228  -0 0.999939 0 -1 -0 0
h  229  -0 0.999939 0 -1 -0 0
h  230  -652075 0.999939 0 -1 -0 0
h  231  -652157 0.999939 0 -1 -0 0
h  232  -652178 0.999939 0 -1 -0 0
h  233  -652104 0.999939 0 -1 -0 0
h  234  -640043 0.999939 0 -1 -0 0
h  235  -647694 0.999939 0 -1 -0 0
h  236  -647794 0.999939 0 -1 -0 0
h  237  -647796 0.999939 0 -1 -0 0
h  238  -647720 0.999939 0 -1 -0 0
h  239  -639518 0.999939 0 -1 -0 0
h  240  -639647 0.999939 0 -1 -0 0
h  241  -639632 0.999939 0 -1 -0 0
h  242  -653570 0.999939 0 -1 -0 0
h  243  -653374 0.999939 0 -1 -0 0
h  244  -660402 0.999939 0 -1 -0 0
h  245  -660324 0.999939 0 -1 -0 0
h  246  -691162 0.999939 0 -1 -0 0
h  247  -690942 0.999939 0 -1 -0 0
h  248  -688503 0.999939 0 -1 -0 0
h  249  -687924 0.999939 0 -1 -0 0
h  250  -643489 0.999939 0 -1 -0 0
h  251  -640031 0.999939 0 -1 -0 0
h  252  -691414 0.999939 0 -1 -0 0
h  253  -691404 0.999939 0 -1 -0 0
h  254  -692084 0.999939 0 -1 -0 0
h  255  -692093 0.999939 0 -1 -0 0
h  256  -649227 0.999939 0 -1 -0 0
h  257  -649335 0.999939 0 -1 -0 0
h  258  -645143 0.999939 0 -1 -0 0
h  259  -645046 0.999939 0 -1 -0 0
h  260  -638460 0.999939 0 -1 -0 0
h  261  -637062 0.999939 0 -1 -0 0
h  262  -637460 0.999939 0 -1 -0 0
h  263  -637605 0.999939 0 -1 -0 0
h  264  -637470 0.999939 0 -1 -0 0
h  265  -637545 0.999939 0 -1 -0 0
h  266  -638100 0.999939 0 -1 -0 0
h  267  -638248 0.999939 0 -1 -0 0
h  268  -638199 0.999939 0 -1 -0 0
h  269  -685874 0.999939 0 -1 -0 0
h  270  -686807 0.999939 0 -1 -0 0
h  271  -681394 0.999939 0 -1 -0 0
h  272  -682393 0.999939 0 -1 -0 0
h  733  -0 0.999939 0 -1 -0 0
h  734  -0 0.999939 0 -1 -0 0
h  735  -0 0.999939 0 -1 -0 0
h  736  -0 0.999939 0 -1 -0 0
h  737  -0 0.999939 0 -1 -0 0
h  738  -0 0.999939 0 -1 -0 0
h  739  -0 0.999939 0 -1 -0 0
h  740  -0 0.999939 0 -1 -0 0
h  741  -0 0.999939 0 -1 -0 0
h  742  -0 0.999939 0 -1 -0 0
h  743  -0 0.999939 0 -1 -0 0
h  744  -0 0.999939 0 -1 -0 0
h  745  -0 0.999939 0 -1 -0 0
h  746  -0 0.999939 0 -1 -0 0
h  747  -0 0.999939 0 -1 -0 0
h  748  -0 0.999939 0 -1 -0 0
h  749  -0 0.999939 0 -1 -0 0
h  750  -0 0.999939 0 -1 -0 0
h  751  -0 0.999939 0 -1 -0 0
h  752  -0 0.999939 0 -1 -0 0
h  753  -0 0.999939 0 -1 -0 0
h  754  -0 0.999939 0 -1 -0 0
h  755  -0 0.999939 0 -1 -0 0
h  756  -0 0.999939 0 -1 -0 0
h  784  -0 0.999939 0 -1 -0 0
h  785  -0 0.999939 0 -1 -0 0
h  786  -0 0.999939 0 -1 -0 0
h  787  -0 0.999939 0 -1 -0 0
h  788  -0 0.999939 0 -1 -0 0
h  789  -0 0.999939 0 -1 -0 0
h  790  -0 0.999939 0 -1 -0 0
h  791  -0 0.999939 0 -1 -0 0
h  792  -0 0.999939 0 -1 -0 0
h  793  -0 0.999939 0 -1 -0 0
h  812  -0 0.999939 0 -1 -0 0
h  813  -76634.1 0.999939 0 -1 -0 0
h  814  -0 0.999939 0 -1 -0 0
h  815  -0 0.999939 0 -1 -0 0
h  816  -0 0.999939 0 -1 -0 0
h  817  -37192 0.999939 0 -1 -0 0
h  818  -0 0.999939 0 -1 -0 0
h  819  -76577.8 0.999939 0 -1 -0 0
h  820  -0 0.999939 0 -1 -0 0
h  821  -0 0.999939 0 -1 -0 0
h  822  -0 0.999939 0 -1 -0 0
h  823  -37188.2 0.999939 0 -1 -0 0
h  824  -84656 0.999939 0 -1 -0 0
h  825  -0 0.999939 0 -1 -0 0
h  826  -0 0.999939 0 -1 -0 0
h  827  -0 0.999939 0 -1 -0 0
h  828  -0 0.999939 0 -1 -0 0
h  832  -84820.5 0.999939 0 -1 -0 0
h  833  -0 0.999939 0 -1 -0 0
h  834  -0 0.999939 0 -1 -0 0
h  835  -0 0.999939 0 -1 -0 0
h  836  -0 0.999939 0 -1 -0 0
h  840  -0 0.999939 0 -1 -0 0
h  841  -0 0.999939 0 -1 -0 0
h  845  -0 0.999939 0 -1 -0 0
h  846  -0 0.999939 0 -1 -0 0
h  859  -482321 0.999939 0 -1 -0 0
h  861  -274657 0.999939 0 -1 -0 0
h  862  -258720 0.999939 0 -1 -0 0
h  865  -482122 0.999939 0 -1 -0 0
h  867  -274443 0.999939 0 -1 -0 0
h  868  -258210 0.999939 0 -1 -0 0
h  871  -0 0.999939 0 -1 -0 0
h  872  -0 0.999939 0 -1 -0 0
h  873  -0 0.999939 0 -1 -0 0
h  874  -0 0.999939 0 -1 -0 0
h  875  -0 0.999939 0 -1 -0 0
h  876  -0 0.999939 0 -1 -0 0
h  877  -0 0.999939 0 -1 -0 0
h  878  -0 0.999939 0 -1 -0 0
h  888  -484600 0.999939 0 -1 -0 0
h  890  -268247 0.999939 0 -1 -0 0
h  891  -285224 0.999939 0 -1 -0 0
h  894  -484647 0.999939 0 -1 -0 0
h  896  -268302 0.999939 0 -1 -0 0
h  897  -285337 0.999939 0 -1 -0 0
h  971  -326514 0.999939 0 -1 -0 0
h  972  -155411 0.999939 0 -1 -0 0
h  973  -328208 0.999939 0 -1 -0 0
h  974  -158826 0.999939 0 -1 -0 0
h  975  -326335 0.999939 0 -1 -0 0
h  976  -155256 0.999939 0 -1 -0 0
h  977  -327869 0.999939 0 -1 -0 0
h  978  -158589 0.999939 0 -1 -0 0
h  1021  -620489 0.999939 0 -1 -0 0
h  1024  -625775 0.999939 0 -1 -0 0
h  1025  -633433 0.999939 0 -1 -0 0
h  1026  -671981 0.999939 0 -1 -0 0
h  1027  -673756 0.999939 0 -1 -0 0
h  1028  -657485 0.999939 0 -1 -0 0
h  1029  -656079 0.999939 0 -1 -0 0
h  1033  -620245 0.999939 0 -1 -0 0
h  1037  -672132 0.999939 0 -1 -0 0
h  1038  -625684 0.999939 0 -1 -0 0
h  1039  -633268 0.999939 0 -1 -0 0
h  1040  -673912 0.999939 0 -1 -0 0
h  1041  -657417 0.999939 0 -1 -0 0
h  1042  -656140 0.999939 0 -1 -0 0
h  1046  -620531 0.999939 0 -1 -0 0
h  1049  -625893 0.999939 0 -1 -0 0
h  1050  -633500 0.999939 0 -1 -0 0
h  1051  -672013 0.999939 0 -1 -0 0
h  1052  -673911 0.999939 0 -1 -0 0
h  1053  -657524 0.999939 0 -1 -0 0
h  1054  -656199 0.999939 0 -1 -0 0
h  1058  -620231 0.999939 0 -1 -0 0
h  1062  -672184 0.999939 0 -1 -0 0
h  1063  -625847 0.999939 0 -1 -0 0
h  1064  -633327 0.999939 0 -1 -0 0
h  1065  -673947 0.999939 0 -1 -0 0
h  1066  -657450 0.999939 0 -1 -0 0
h  1067  -656231 0.999939 0 -1 -0 0
h  1068  -632555 0.999939 0 -1 -0 0
h  1071  -636529 0.999939 0 -1 -0 0
h  1072  -635707 0.999939 0 -1 -0 0
h  1073  -631920 0.999939 0 -1 -0 0
h  1074  -622582 0.999939 0 -1 -0 0
h  1084  -634630 0.999939 0 -1 -0 0
h  1087  -637407 0.999939 0 -1 -0 0
h  1088  -636638 0.999939 0 -1 -0 0
h  1089  -623219 0.999939 0 -1 -0 0
h  1090  -632782 0.999939 0 -1 -0 0
h  1100  -634595 0.999939 0 -1 -0 0
h  1103  -637332 0.999939 0 -1 -0 0
h  1104  -636564 0.999939 0 -1 -0 0
h  1105  -623260 0.999939 0 -1 -0 0
h  1106  -632760 0.999939 0 -1 -0 0
h  1110  -697618 0.999939 0 -1 -0 0
h  1113  -687601 0.999939 0 -1 -0 0
h  1114  -688301 0.999939 0 -1 -0 0
h  1115  -683314 0.999939 0 -1 -0 0
h  1119  -697617 0.999939 0 -1 -0 0
h  1122  -687596 0.999939 0 -1 -0 0
h  1123  -688306 0.999939 0 -1 -0 0
h  1124  -683310 0.999939 0 -1 -0 0
h  1125  -0 0.999939 0 -1 -0 0
h  1126  -0 0.999939 0 -1 -0 0
h  1127  -0 0.999939 0 -1 -0 0
h  1128  -0 0.999939 0 -1 -0 0
h  1129  -0 0.999939 0 -1 -0 0
h  1130  -0 0.999939 0 -1 -0 0
h  1131  -0 0.999939 0 -1 -0 0
h  1132  -0 0.999939 0 -1 -0 0
h  1133  -0 0.999939 0 -1 -0 0
h  1134  -0 0.999939 0 -1 -0 0
SolidID  29   16 
h  529  -0 0.999939 0 -1 -0 0
h  530  -0 0.999939 0 -1 -0 0
h  531  -0 0.999939 0 -1 -0 0
h  532  -0 0.999939 0 -1 -0 0
h  533  -0 0.999939 0 -1 -0 0
h  534  -0 0.999939 0 -1 -0 0
h  535  -0 0.999939 0 -1 -0 0
h  536  -0 0.999939 0 -1 -0 0
h  537  -0 0.999939 0 -1 -0 0
h  538  -0 0.999939 0 -1 -0 0
h  539  -0 0.999939 0 -1 -0 0
h  540  -0 0.999939 0 -1 -0 0
h  541  -0 0.999939 0 -1 -0 0
h  542  -0 0.999939 0 -1 -0 0
h  543  -0 0.999939 0 -1 -0 0
h  544  -0 0.999939 0 -1 -0 0
SolidID  35   16 
h  289  -648809 0.999939 0 -1 -0 0
h  290  -669923 0.999939 0 -1 -0 0
h  291  -659454 0.999939 0 -1 -0 0
h  292  -659176 0.999939 0 -1 -0 0
h  293  -665602 0.999939 0 -1 -0 0
h  294  -654749 0.999939 0 -1 -0 0
h  295  -664876 0.999939 0 -1 -0 0
h  296  -649005 0.999939 0 -1 -0 0
h  297  -648177 0.999939 0 -1 -0 0
h  298  -654093 0.999939 0 -1 -0 0
h  299  -650810 0.999939 0 -1 -0 0
h  300  -676279 0.999939 0 -1 -0 0
h  301  -675577 0.999939 0 -1 -0 0
h  302  -651241 0.999939 0 -1 -0 0
h  303  -671657 0.999939 0 -1 -0 0
h  304  -674095 0.999939 0 -1 -0 0
SolidID  41   16 
h  55  -670770 0.999939 0 -1 -0 0
h  56  -654526 0.999939 0 -1 -0 0
h  57  -664657 0.999939 0 -1 -0 0
h  58  -653921 0.999939 0 -1 -0 0
h  59  -650522 0.999939 0 -1 -0 0
h  60  -669716 0.999939 0 -1 -0 0
h  61  -647937 0.999939 0 -1 -0 0
h  62  -648771 0.999939 0 -1 -0 0
h  63  -659232 0.999939 0 -1 -0 0
h  64  -658866 0.999939 0 -1 -0 0
h  65  -665117 0.999939 0 -1 -0 0
h  66  -675446 0.999939 0 -1 -0 0
h  67  -674513 0.999939 0 -1 -0 0
h  68  -673621 0.999939 0 -1 -0 0
h  69  -651013 0.999939 0 -1 -0 0
h  70  -648556 0.999939 0 -1 -0 0
SolidID  47   16 
h  71  -651031 0.999939 0 -1 -0 0
h  72  -664994 0.999939 0 -1 -0 0
h  73  -664642 0.999939 0 -1 -0 0
h  74  -653880 0.999939 0 -1 -0 0
h  75  -650594 0.999939 0 -1 -0 0
h  76  -669698 0.999939 0 -1 -0 0
h  77  -647989 0.999939 0 -1 -0 0
h  78  -648825 0.999939 0 -1 -0 0
h  79  -659222 0.999939 0 -1 -0 0
h  80  -658554 0.999939 0 -1 -0 0
h  81  -654514 0.999939 0 -1 -0 0
h  82  -675417 0.999939 0 -1 -0 0
h  83  -674471 0.999939 0 -1 -0 0
h  84  -673599 0.999939 0 -1 -0 0
h  85  -670701 0.999939 0 -1 -0 0
h  86  -648569 0.999939 0 -1 -0 0
SolidID  53   16 
h  273  -673962 0.999939 0 -1 -0 0
h  274  -650609 0.999939 0 -1 -0 0
h  275  -658858 0.999939 0 -1 -0 0
h  276  -659370 0.999939 0 -1 -0 0
h  277  -665162 0.999939 0 -1 -0 0
h  278  -654650 0.999939 0 -1 -0 0
h  279  -653855 0.999939 0 -1 -0 0
h  280  -664807 0.999939 0 -1 -0 0
h  281  -648025 0.999939 0 -1 -0 0
h  282  -648871 0.999939 0 -1 -0 0
h  283  -669836 0.999939 0 -1 -0 0
h  284  -675101 0.999939 0 -1 -0 0
h  285  -675981 0.999939 0 -1 -0 0
h  286  -648635 0.999939 0 -1 -0 0
h  287  -651125 0.999939 0 -1 -0 0
h  288  -671133 0.999939 0 -1 -0 0
E_DATA
B_MESH_DATA
Dim 2 
NumPts 242 
NumElems 415 
1   0.00046194   -0.000191342    0
2   0   0    0
3   0.0005   0    0
4   0   -0.0005    0
5   -0.000191342   -0.00046194    0
6   0.000191342   -0.00046194    0
7   0   0.0005    0
8   0.000191342   0.00046194    0
9   -0.00046194   0.000191342    0
10   -0.0005   0    0
11   -0.000353553   0.000353553    0
12   -0.000353553   -0.000353553    0
13   -0.00046194   -0.000191342    0
14   0.00046194   0.000191342    0
15   0.000353553   0.000353553    0
16   -0.000191342   0.00046194    0
17   0.000353553   -0.000353553    0
18   -0.0191913   0.00253806    0
19   -0.0193536   0.00264645    0
20   -0.019   0.003    0
21   -0.0185381   0.00319134    0
22   -0.0186464   0.00335355    0
23   -0.0185381   0.00280866    0
24   -0.0185   0.003    0
25   -0.0195   0.003    0
26   -0.0194619   0.00319134    0
27   -0.0193536   0.00335355    0
28   -0.0186464   0.00264645    0
29   -0.019   0.0025    0
30   -0.0188087   0.00253806    0
31   -0.0194619   0.00280866    0
32   -0.0188087   0.00346194    0
33   -0.019   0.0035    0
34   -0.0191913   0.00346194    0
35   0.0188087   -0.00346194    0
36   0.0186464   -0.00335355    0
37   0.019   -0.003    0
38   0.0194619   -0.00280866    0
39   0.0193536   -0.00264645    0
40   0.0195   -0.003    0
41   0.0194619   -0.00319134    0
42   0.0185381   -0.00280866    0
43   0.0185   -0.003    0
44   0.0193536   -0.00335355    0
45   0.0186464   -0.00264645    0
46   0.0185381   -0.00319134    0
47   0.0191913   -0.00253806    0
48   0.019   -0.0025    0
49   0.0188087   -0.00253806    0
50   0.0191913   -0.00346194    0
51   0.019   -0.0035    0
52   0.0108434   0.00204768    0
53   0.00932781   -0.000361583    0
54   0.00809979   0.00227818    0
55   -0.0108432   -0.00204787    0
56   -0.0093277   0.000361471    0
57   -0.00809977   -0.0022782    0
58   0.0122872   -9.9324e-05    0
59   -0.0122866   9.84594e-05    0
60   0.0108137   -0.00242839    0
61   -0.0108135   0.00242822    0
62   0.00213698   0.00167564    0
63   0.00172475   0.004    0
64   0.00445878   0.004    0
65   -0.00213698   -0.00167564    0
66   -0.00172475   -0.004    0
67   -0.00445878   -0.004    0
68   -0.00213698   0.00168472    0
69   -0.00445878   0.004    0
70   -0.00172475   0.004    0
71   0.00213698   -0.00168472    0
72   0.00445878   -0.004    0
73   0.00172475   -0.004    0
74   0.0156146   -1.77949e-05    0
75   0.0136695   0.00209724    0
76   0.0162659   0.00236746    0
77   -0.0136654   0.00216612    0
78   -0.0156109   1.22478e-05    0
79   -0.0162618   0.00237855    0
80   -0.0136685   -0.00209833    0
81   -0.0162621   -0.00237057    0
82   0.0136661   -0.00216702    0
83   0.0162628   -0.00238025    0
84   0.01   0.004    0
85   -0.01   -0.004    0
86   0.0152937   0.004    0
87   -0.0152937   -0.004    0
88   -0.0152937   0.004    0
89   0.0152937   -0.004    0
90   0.0175053   0.00136899    0
91   -0.0174857   -0.00138262    0
92   -0.0174857   0.00138499    0
93   0.0174884   -0.00139223    0
94   0.00346513   -4.13823e-05    0
95   0.00139798   -3.72798e-06    0
96   -0.00346513   4.13817e-05    0
97   -0.00139798   3.72795e-06    0
98   0.0180153   -2.701e-05    0
99   -0.0180056   9.89457e-07    0
100   0.000774773   0.00154661    0
101   -0.000774773   -0.00154661    0
102   0.000774773   -0.00154726    0
103   -0.000774773   0.00154726    0
104   0   0.00267957    0
105   0   -0.00267957    0
106   -0.0188095   -0.00120225    0
107   -0.02   0    0
108   -0.0188095   0.00120247    0
109   0.02   -5.58436e-05    0
110   0.0188118   -0.00121841    0
111   0.0188534   0.00113319    0
112   0   0.004    0
113   0   -0.004    0
114   -0.02   0.0016728    0
115   -0.02   -0.0016728    0
116   0.0179395   0.00261664    0
117   -0.0179285   0.00261737    0
118   -0.0179285   -0.00261682    0
119   0.0179291   -0.00261862    0
120   0.02   -0.001681    0
121   0.02   0.00134084    0
122   0.0185377   0.00211314    0
123   0   0.00117155    0
124   0   -0.00117155    0
125   0.00102345   0.000725765    0
126   -0.00102345   -0.000725765    0
127   0.00102345   -0.000727271    0
128   -0.00102345   0.000727271    0
129   -0.0184405   -0.002078    0
130   -0.0184405   0.00207815    0
131   0.0184415   -0.00208189    0
132   0.0192478   0.00208059    0
133   -0.0190348   -0.00208625    0
134   -0.0190348   0.00208626    0
135   0.0190354   -0.00209027    0
136   0.02   0.00234087    0
137   -0.0186464   0.004    0
138   -0.017684   0.004    0
139   0.0186464   -0.004    0
140   0.017684   -0.004    0
141   -0.0191913   -0.00346194    0
142   -0.019   -0.004    0
143   -0.02   -0.004    0
144   0.0191913   0.00346194    0
145   0.019   0.004    0
146   0.02   0.004    0
147   -0.02   0.003    0
148   -0.02   0.004    0
149   0.02   -0.003    0
150   0.02   -0.004    0
151   0.0195   0.003    0
152   0.02   0.00340176    0
153   -0.0192442   0.00366996    0
154   0.0192442   -0.00366996    0
155   -0.0186464   -0.00264645    0
156   0.0193536   0.00264645    0
157   0.0193536   0.00335355    0
158   -0.02   -0.00340903    0
159   -0.0193536   -0.00335355    0
160   0.0186464   0.00264645    0
161   -0.02   -0.00280866    0
162   -0.0195   -0.003    0
163   0.019   0.0025    0
164   -0.0188087   -0.00253806    0
165   0.0194619   0.00280866    0
166   -0.0185381   -0.00280866    0
167   -0.0185   -0.003    0
168   0.0185381   0.00280866    0
169   0.0185   0.003    0
170   -0.0194619   -0.00319134    0
171   0.0194619   0.00319134    0
172   -0.0194619   -0.00280866    0
173   0.0188087   0.00253806    0
174   -0.019   -0.0035    0
175   0.019   0.0035    0
176   0.0188087   0.00346194    0
177   -0.0188087   -0.00346194    0
178   0.0191913   0.00253806    0
179   -0.0191913   -0.00253806    0
180   -0.019   -0.0025    0
181   0.00535878   -0.00215716    0
182   0.00787303   -0.004    0
183   0.00625879   -0.000314318    0
184   0.00706591   -0.00215716    0
185   -0.00535878   0.00215715    0
186   -0.00787303   0.004    0
187   -0.00625878   0.000314308    0
188   -0.0070659   0.00215715    0
189   0.00893978   -0.00229278    0
190   0.01   -0.004    0
191   -0.00893971   0.00229269    0
192   -0.01   0.004    0
193   -0.00535878   -0.00184285    0
194   -0.00787303   -0.004    0
195   0.00535878   0.00184284    0
196   0.00787303   0.004    0
197   0.0122565   0.00207246    0
198   0.0113486   0.00302384    0
199   0.0118537   0.004    0
200   -0.0122559   -0.0020731    0
201   -0.0113485   -0.00302394    0
202   -0.0118537   -0.004    0
203   -0.0122395   0.00229717    0
204   -0.0118537   0.004    0
205   -0.0109269   0.004    0
206   0.0122399   -0.00229771    0
207   0.0118537   -0.004    0
208   0.0109269   -0.004    0
209   0.00893652   0.004    0
210   -0.00893652   -0.004    0
211   -0.0135737   -0.004    0
212   0.0135737   0.004    0
213   -0.00717927   -0.000981947    0
214   0.00717929   0.00098193    0
215   -0.0135737   0.004    0
216   0.0135737   -0.004    0
217   0.0139509   -5.85594e-05    0
218   -0.0139488   5.53536e-05    0
219   -0.0164888   0.004    0
220   -0.0172087   0.00330868    0
221   -0.0164888   -0.004    0
222   -0.0172087   -0.00330841    0
223   -0.017684   -0.004    0
224   -0.0185381   -0.00319134    0
225   0.0164888   -0.004    0
226   0.017209   -0.00330931    0
227   0.0164889   0.004    0
228   0.0172142   0.00330832    0
229   0.0176841   0.004    0
230   0.0185381   0.00319134    0
231   -0.02   -0.00224073    0
232   -0.0193536   -0.00264645    0
233   -0.02   0.0023364    0
234   0.02   -0.0023405    0
235   -0.018342   -0.004    0
236   -0.0186464   -0.00335355    0
237   0.0183421   0.004    0
238   0.0186464   0.00335355    0
239   0.000564163   -0.000950405    0
240   -0.000564163   0.000950405    0
241   -0.019   -0.003    0
242   0.019   0.003    0
529  29  1  2  3 
530  29  4  5  2 
531  29  4  2  6 
532  29  7  8  2 
533  29  9  2  10 
534  29  9  11  2 
535  29  12  13  2 
536  29  14  3  2 
537  29  15  14  2 
538  29  15  2  8 
539  29  11  16  2 
540  29  7  2  16 
541  29  13  10  2 
542  29  1  17  2 
543  29  17  6  2 
544  29  12  2  5 
289  35  18  19  20 
290  35  21  20  22 
291  35  23  20  24 
292  35  25  26  20 
293  35  26  27  20 
294  35  23  28  20 
295  35  21  24  20 
296  35  29  20  30 
297  35  18  20  29 
298  35  31  25  20 
299  35  31  20  19 
300  35  32  20  33 
301  35  34  33  20 
302  35  28  30  20 
303  35  34  20  27 
304  35  32  22  20 
273  53  35  36  37 
274  53  38  37  39 
275  53  40  41  37 
276  53  42  37  43 
277  53  41  44  37 
278  53  42  45  37 
279  53  38  40  37 
280  53  46  43  37 
281  53  47  37  48 
282  53  48  37  49 
283  53  46  37  36 
284  53  50  51  37 
285  53  35  37  51 
286  53  47  39  37 
287  53  45  49  37 
288  53  50  37  44 
87  6  52  53  54 
88  6  55  56  57 
89  6  58  53  52 
90  6  59  56  55 
91  6  58  60  53 
92  6  59  61  56 
93  6  62  63  64 
94  6  65  66  67 
95  6  68  69  70 
96  6  71  72  73 
97  6  74  75  76 
98  6  77  78  79 
99  6  78  80  81 
100  6  82  74  83 
101  6  84  52  54 
102  6  85  55  57 
103  6  86  76  75 
104  6  87  81  80 
105  6  88  77  79 
106  6  89  82  83 
107  6  90  74  76 
108  6  91  78  81 
109  6  92  79  78 
110  6  93  83  74 
111  6  94  95  62 
112  6  96  97  65 
113  6  94  71  95 
114  6  96  68  97 
115  6  98  74  90 
116  6  99  78  91 
117  6  92  78  99 
118  6  93  74  98 
119  6  63  62  100 
120  6  66  65  101 
121  6  73  102  71 
122  6  70  103  68 
123  6  63  100  104 
124  6  66  101  105 
125  6  70  104  103 
126  6  73  105  102 
127  6  99  106  107 
128  6  99  107  108 
129  6  98  109  110 
130  6  98  111  109 
131  6  112  104  70 
132  6  112  63  104 
133  6  113  66  105 
134  6  113  105  73 
135  6  108  107  114 
136  6  107  106  115 
137  6  76  116  90 
138  6  79  92  117 
139  6  81  118  91 
140  6  83  93  119 
141  6  110  109  120 
142  6  98  90  111 
143  6  99  91  106 
144  6  99  108  92 
145  6  98  110  93 
146  6  109  111  121 
147  6  111  90  122 
148  6  123  104  100 
149  6  124  102  105 
150  6  123  103  104 
151  6  124  105  101 
152  6  125  62  95 
153  6  126  65  97 
154  6  127  95  71 
155  6  128  97  68 
156  6  127  71  102 
157  6  128  68  103 
158  6  125  100  62 
159  6  126  101  65 
160  6  106  91  129 
161  6  130  92  108 
162  6  131  93  110 
163  6  132  121  111 
164  6  122  90  116 
165  6  133  115  106 
166  6  134  108  114 
167  6  135  110  120 
168  6  129  91  118 
169  6  92  130  117 
170  6  93  131  119 
171  6  136  121  132 
172  6  111  122  132 
173  6  15  100  125 
174  6  12  101  126 
175  6  22  137  138 
176  6  36  139  140 
177  6  100  8  123 
178  6  101  5  124 
179  6  14  125  95 
180  6  13  126  97 
181  6  1  95  127 
182  6  9  97  128 
183  6  141  142  143 
184  6  144  145  146 
185  6  26  147  148 
186  6  41  149  150 
187  6  136  151  152 
188  6  106  129  133 
189  6  108  134  130 
190  6  110  135  131 
191  6  148  137  153 
192  6  150  139  154 
193  6  28  117  130 
194  6  155  129  118 
195  6  45  119  131 
196  6  156  136  132 
197  6  146  152  157 
198  6  143  158  159 
199  6  160  122  116 
200  6  161  162  158 
201  6  163  132  122 
202  6  150  154  44 
203  6  148  153  27 
204  6  164  133  129 
205  6  134  30  130 
206  6  135  49  131 
207  6  12  5  101 
208  6  15  8  100 
209  6  21  22  138 
210  6  46  36  140 
211  6  51  154  139 
212  6  33  153  137 
213  6  143  159  141 
214  6  150  44  41 
215  6  148  27  26 
216  6  146  157  144 
217  6  1  3  95 
218  6  9  10  97 
219  6  14  95  3 
220  6  13  97  10 
221  6  1  127  17 
222  6  9  128  11 
223  6  15  125  14 
224  6  12  126  13 
225  6  165  136  156 
226  6  4  6  124 
227  6  4  124  5 
228  6  7  123  8 
229  6  7  16  123 
230  6  166  118  167 
231  6  23  24  117 
232  6  42  43  119 
233  6  168  116  169 
234  6  136  165  151 
235  6  155  118  166 
236  6  23  117  28 
237  6  42  119  45 
238  6  160  116  168 
239  6  155  164  129 
240  6  28  130  30 
241  6  45  131  49 
242  6  162  170  158 
243  6  151  171  152 
244  6  170  159  158 
245  6  157  152  171 
246  6  35  51  139 
247  6  32  33  137 
248  6  35  139  36 
249  6  32  137  22 
250  6  161  172  162 
251  6  160  173  122 
252  6  141  174  142 
253  6  144  175  145 
254  6  176  145  175 
255  6  177  142  174 
256  6  41  40  149 
257  6  26  25  147 
258  6  147  25  31 
259  6  149  40  38 
260  6  163  122  173 
261  6  163  178  132 
262  6  179  133  180 
263  6  18  29  134 
264  6  156  132  178 
265  6  47  48  135 
266  6  180  133  164 
267  6  29  30  134 
268  6  48  49  135 
269  6  50  154  51 
270  6  34  153  33 
271  6  50  44  154 
272  6  34  27  153 
733  6  72  181  182 
734  6  183  181  94 
735  6  181  72  71 
736  6  71  94  181 
737  6  184  183  53 
738  6  183  184  181 
739  6  184  182  181 
740  6  69  185  186 
741  6  187  185  96 
742  6  185  69  68 
743  6  68  96  185 
744  6  188  187  56 
745  6  187  188  185 
746  6  188  186  185 
747  6  60  189  53 
748  6  189  184  53 
749  6  184  189  182 
750  6  189  60  190 
751  6  190  182  189 
752  6  61  191  56 
753  6  191  188  56 
754  6  188  191  186 
755  6  191  61  192 
756  6  192  186  191 
784  6  193  187  96 
785  6  193  67  194 
786  6  194  57  193 
787  6  193  96  65 
788  6  65  67  193 
789  6  195  183  94 
790  6  195  64  196 
791  6  196  54  195 
792  6  195  94  62 
793  6  62  64  195 
812  6  52  197  58 
813  6  197  75  58 
814  6  198  52  84 
815  6  199  198  84 
816  6  52  198  197 
817  6  198  199  197 
818  6  55  200  59 
819  6  200  80  59 
820  6  201  55  85 
821  6  202  201  85 
822  6  55  201  200 
823  6  201  202  200 
824  6  77  203  59 
825  6  203  61  59 
826  6  61  203  204 
827  6  204  205  61 
828  6  205  192  61 
832  6  82  206  58 
833  6  206  60  58 
834  6  60  206  207 
835  6  207  208  60 
836  6  208  190  60 
840  6  196  209  54 
841  6  209  84  54 
845  6  194  210  57 
846  6  210  85  57 
859  6  211  87  80 
861  6  211  80  200 
862  6  200  202  211 
865  6  212  86  75 
867  6  212  75  197 
868  6  197  199  212 
871  6  213  57  56 
872  6  187  213  56 
873  6  57  213  193 
874  6  213  187  193 
875  6  214  54  53 
876  6  183  214  53 
877  6  54  214  195 
878  6  214  183  195 
888  6  88  215  77 
890  6  215  204  203 
891  6  203  77  215 
894  6  89  216  82 
896  6  216  207  206 
897  6  206  82  216 
971  6  74  217  75 
972  6  217  58  75 
973  6  217  74  82 
974  6  58  217  82 
975  6  78  218  80 
976  6  218  59  80 
977  6  218  78  77 
978  6  59  218  77 
1021  6  219  88  79 
1024  6  117  220  79 
1025  6  220  219  79 
1026  6  219  220  138 
1027  6  21  138  220 
1028  6  117  24  21 
1029  6  21  220  117 
1033  6  87  221  81 
1037  6  222  221  223 
1038  6  222  118  81 
1039  6  221  222  81 
1040  6  222  223  224 
1041  6  224  167  118 
1042  6  118  222  224 
1046  6  225  89  83 
1049  6  119  226  83 
1050  6  226  225  83 
1051  6  225  226  140 
1052  6  46  140  226 
1053  6  119  43  46 
1054  6  46  226  119 
1058  6  86  227  76 
1062  6  228  227  229 
1063  6  228  116  76 
1064  6  227  228  76 
1065  6  228  229  230 
1066  6  230  169  116 
1067  6  116  228  230 
1068  6  161  231  172 
1071  6  232  172  231 
1072  6  179  232  231 
1073  6  133  179  231 
1074  6  231  115  133 
1084  6  233  147  31 
1087  6  233  31  19 
1088  6  233  19  18 
1089  6  134  114  233 
1090  6  233  18  134 
1100  6  234  149  38 
1103  6  234  38  39 
1104  6  234  39  47 
1105  6  135  120  234 
1106  6  234  47  135 
1110  6  235  142  177 
1113  6  235  177  236 
1114  6  224  223  235 
1115  6  235  236  224 
1119  6  237  145  176 
1122  6  237  176  238 
1123  6  230  229  237 
1124  6  237  238  230 
1125  6  102  239  127 
1126  6  239  17  127 
1127  6  17  239  6 
1128  6  124  6  239 
1129  6  239  102  124 
1130  6  103  240  128 
1131  6  240  11  128 
1132  6  11  240  16 
1133  6  123  16  240 
1134  6  240  103  123 
55  41  141  159  241 
56  41  155  166  241 
57  41  224  241  167 
58  41  172  241  162 
59  41  172  232  241 
60  41  224  236  241 
61  41  179  180  241 
62  41  180  164  241 
63  41  166  167  241 
64  41  162  241  170 
65  41  170  241  159 
66  41  177  174  241 
67  41  141  241  174 
68  41  236  177  241 
69  41  155  241  164 
70  41  179  241  232 
71  47  160  242  173 
72  47  157  171  242 
73  47  230  242  169 
74  47  165  242  151 
75  47  165  156  242 
76  47  230  238  242 
77  47  163  242  178 
78  47  163  173  242 
79  47  168  169  242 
80  47  151  242  171 
81  47  160  168  242 
82  47  176  175  242 
83  47  144  242  175 
84  47  238  176  242 
85  47  144  157  242 
86  47  156  178  242 
E_MESH_DATA
