417
33 538   0.000320647 -6.37806e-05 1.08245
33 539   -6.37806e-05 -0.000320647 1.08236
33 540   6.37806e-05 -0.000320647 1.08236
33 541   6.37806e-05 0.000320647 1.08236
33 542   -0.000320647 6.37806e-05 1.08245
33 543   -0.000271831 0.000181632 1.08242
33 544   -0.000271831 -0.000181632 1.08242
33 545   0.000320647 6.37806e-05 1.08245
33 546   0.000271831 0.000181632 1.08242
33 547   0.000181632 0.000271831 1.08238
33 548   -0.000181632 0.000271831 1.08238
33 549   -6.37806e-05 0.000320647 1.08236
33 550   -0.000320647 -6.37806e-05 1.08245
33 551   0.000271831 -0.000181632 1.08242
33 552   0.000181632 -0.000271831 1.08238
33 553   -0.000181632 -0.000271831 1.08238
39 305   -0.0191816 0.00272817 1.34552
39 306   -0.0187282 0.00318163 1.32127
39 307   -0.0186794 0.00293622 1.3322
39 308   -0.0193206 0.00306378 1.33178
39 309   -0.0192718 0.00318163 1.32368
39 310   -0.0187282 0.00281837 1.33718
39 311   -0.0186794 0.00306378 1.32662
39 312   -0.0189362 0.00267935 1.34427
39 313   -0.0190638 0.00267935 1.34582
39 314   -0.0193206 0.00293622 1.33859
39 315   -0.0192718 0.00281837 1.34316
39 316   -0.0189362 0.00332065 1.31347
39 317   -0.0190638 0.00332065 1.31315
39 318   -0.0188184 0.00272817 1.34124
39 319   -0.0191816 0.00327183 1.31679
39 320   -0.0188184 0.00327183 1.31654
45 75   -0.0191816 -0.00327183 1.31784
45 76   -0.0187282 -0.00281837 1.33733
45 77   -0.0186794 -0.00306378 1.32684
45 78   -0.0193206 -0.00293622 1.33855
45 79   -0.0192718 -0.00281837 1.34321
45 80   -0.0187282 -0.00318163 1.3215
45 81   -0.0190638 -0.00267935 1.34592
45 82   -0.0189362 -0.00267935 1.34438
45 83   -0.0186794 -0.00293622 1.33239
45 84   -0.0193206 -0.00306378 1.33191
45 85   -0.0192718 -0.00318163 1.32407
45 86   -0.0189362 -0.00332065 1.31449
45 87   -0.0190638 -0.00332065 1.31461
45 88   -0.0188184 -0.00327183 1.31708
45 89   -0.0188184 -0.00272817 1.34137
45 90   -0.0191816 -0.00272817 1.3456
51 91   0.0188184 0.00272817 1.34137
51 92   0.0192718 0.00318163 1.32418
51 93   0.0186794 0.00306378 1.32687
51 94   0.0193206 0.00293622 1.33877
51 95   0.0192718 0.00281837 1.34324
51 96   0.0187282 0.00318163 1.32153
51 97   0.0190638 0.00267935 1.34592
51 98   0.0189362 0.00267935 1.34435
51 99   0.0186794 0.00293622 1.33241
51 100   0.0193206 0.00306378 1.33231
51 101   0.0187282 0.00281837 1.33735
51 102   0.0189362 0.00332065 1.31453
51 103   0.0190638 0.00332065 1.31465
51 104   0.0188184 0.00327183 1.31712
51 105   0.0191816 0.00327183 1.3179
51 106   0.0191816 0.00272817 1.34563
57 289   0.0188184 -0.00327183 1.31654
57 290   0.0192718 -0.00281837 1.34316
57 291   0.0193206 -0.00306378 1.33178
57 292   0.0186794 -0.00293622 1.3322
57 293   0.0192718 -0.00318163 1.32369
57 294   0.0187282 -0.00281837 1.33718
57 295   0.0193206 -0.00293622 1.33859
57 296   0.0186794 -0.00306378 1.32663
57 297   0.0190638 -0.00267935 1.34582
57 298   0.0189362 -0.00267935 1.34427
57 299   0.0187282 -0.00318163 1.32127
57 300   0.0190638 -0.00332065 1.31315
57 301   0.0189362 -0.00332065 1.31347
57 302   0.0191816 -0.00272817 1.34552
57 303   0.0188184 -0.00272817 1.34124
57 304   0.0191816 -0.00327183 1.31679
16 107   0.00942367 0.00132142 1.18416
16 108   -0.00942356 -0.00132153 1.18413
16 109   0.0108195 0.000528924 1.29834
16 110   -0.0108192 -0.000529314 1.29829
16 111   0.0108096 -0.000963099 1.28851
16 112   -0.0108093 0.000962716 1.2885
16 113   0.0027735 0.00322521 1.08046
16 114   -0.0027735 -0.00322521 1.08047
16 115   -0.0027735 0.00322824 1.08045
16 116   0.0027735 -0.00322824 1.08045
16 117   -0.0136043 0.00338871 1.29909
16 118   0.0136045 -0.00338901 1.29908
16 119   0.0151834 0.0014823 1.38211
16 120   -0.0151794 0.00151897 1.38135
16 121   -0.0151805 -0.00148555 1.38206
16 122   0.0151812 -0.00152169 1.38127
16 123   0.00964773 0.00277529 1.14645
16 124   -0.00964766 -0.00277536 1.14644
16 125   0.0150764 0.00282157 1.34131
16 126   -0.0150748 -0.00282297 1.34126
16 127   -0.0150736 0.00284822 1.34078
16 128   0.0150742 -0.00284909 1.34075
16 129   0.0164619 0.00123955 1.37217
16 130   -0.0164529 -0.00124698 1.37213
16 131   -0.0164528 0.0012586 1.37203
16 132   0.0164553 -0.00126343 1.37195
16 133   0.00233337 0.00054351 1.08463
16 134   -0.00233337 -0.000543511 1.08463
16 135   0.00233337 -0.000576611 1.08461
16 136   -0.00233337 0.000576611 1.08461
16 137   0.0170451 0.000441395 1.37709
16 138   -0.0170341 -0.00045646 1.37704
16 139   -0.0170341 0.000466077 1.37701
16 140   0.0170394 -0.000479013 1.37693
16 141   0.0015455 0.00240742 1.08085
16 142   -0.0015455 -0.00240742 1.08082
16 143   0.0015455 -0.00241066 1.08085
16 144   -0.0015455 0.00241066 1.08085
16 145   0.000833174 0.00274206 1.07967
16 146   -0.000833174 -0.00274206 1.07965
16 147   -0.000833174 0.00274228 1.07967
16 148   0.000833174 -0.00274228 1.07968
16 149   -0.0189384 -0.00040042 1.3841
16 150   -0.0189384 0.000401153 1.38412
16 151   0.0189424 -0.000433754 1.38406
16 152   0.0189562 0.000350112 1.3845
16 153   -0.000574916 0.00355986 1.07792
16 154   0.000574916 0.00355986 1.07791
16 155   -0.000574916 -0.00355986 1.0779
16 156   0.000574916 -0.00355986 1.07794
16 157   -0.0196032 0.000958423 1.3901
16 158   -0.0196032 -0.00095835 1.39007
16 159   0.0172369 0.0021177 1.35329
16 160   -0.0172253 0.00212697 1.35313
16 161   -0.0172254 -0.00212334 1.35317
16 162   0.0172267 -0.00213037 1.35306
16 163   0.0196039 -0.000985083 1.38992
16 164   0.0181246 0.000825056 1.37426
16 165   -0.0181003 -0.000861292 1.37383
16 166   -0.0181003 0.000862817 1.37384
16 167   0.0181052 -0.000879217 1.37374
16 168   0.0196178 0.000806063 1.39153
16 169   0.0182988 0.00153844 1.36717
16 170   0.000258258 0.00179924 1.08116
16 171   0.000258258 -0.00179946 1.08116
16 172   -0.000258258 0.00179946 1.08116
16 173   -0.000258258 -0.00179924 1.08116
16 174   0.00151947 0.000799226 1.08303
16 175   -0.00151947 -0.000799226 1.08303
16 176   0.00151947 -0.000805241 1.08303
16 177   -0.00151947 0.000805241 1.08302
16 178   0.00131173 -0.00131975 1.08237
16 179   -0.00131173 0.00131975 1.08237
16 180   0.00131173 0.001316 1.08237
16 181   -0.00131173 -0.001316 1.08237
16 182   -0.0182453 -0.00155429 1.36656
16 183   -0.0182452 0.0015552 1.36655
16 184   0.0182472 -0.00156418 1.36643
16 185   0.019367 0.00151821 1.37992
16 186   0.0179942 0.00203292 1.35549
16 187   -0.0192814 -0.00165377 1.3765
16 188   -0.0192814 0.00165384 1.37649
16 189   0.0192824 -0.00166323 1.37636
16 190   -0.0179516 -0.00202581 1.35547
16 191   -0.0179516 0.00202684 1.35545
16 192   0.017953 -0.00203091 1.35538
16 193   0.0197493 0.00192077 1.38001
16 194   0.0188796 0.00177564 1.36836
16 195   -0.0183256 0.00378452 1.29489
16 196   0.0183256 -0.00378452 1.2949
16 197   0.000961123 0.00030446 1.08274
16 198   -0.000961123 -0.00030446 1.08274
16 199   0.000961123 -0.000307447 1.08274
16 200   -0.000961123 0.000307447 1.08274
16 201   -0.0193971 -0.00382065 1.26494
16 202   0.0193971 0.00382065 1.26489
16 203   -0.0198206 0.00339711 1.32025
16 204   0.0198206 -0.00339711 1.32026
16 205   0.0198333 0.00291421 1.35042
16 206   -0.0187616 -0.00178883 1.36679
16 207   -0.0187616 0.00178896 1.36677
16 208   0.0187629 -0.00179686 1.36664
16 209   -0.0192969 0.00388999 1.26018
16 210   0.0192969 -0.00388999 1.26018
16 211   -0.0183385 0.00244732 1.34717
16 212   -0.0183385 -0.00244709 1.34721
16 213   0.018339 -0.00244899 1.34713
16 214   0.0195338 0.00235597 1.36492
16 215   0.0197845 0.0035851 1.30025
16 216   -0.0197845 -0.00358753 1.30026
16 217   0.0183745 0.00245874 1.34717
16 218   -0.0198333 -0.00307256 1.34257
16 219   0.0189285 0.00223124 1.35874
16 220   0.0195326 -0.0036745 1.28407
16 221   -0.0195326 0.0036745 1.28407
16 222   -0.0187613 -0.0022341 1.35661
16 223   -0.0187613 0.00223416 1.35658
16 224   0.0187618 -0.00223674 1.35652
16 225   -0.0182895 0.00351497 1.30758
16 226   0.0182895 -0.00351497 1.30759
16 227   0.0189635 -0.00372332 1.28762
16 228   -0.0189635 0.00372332 1.28762
16 229   -0.019515 -0.00360516 1.2884
16 230   0.0196052 -0.00351497 1.30321
16 231   -0.0196052 0.00351497 1.30321
16 232   0.019515 0.00360516 1.2883
16 233   0.000786641 -6.50232e-05 1.08268
16 234   -0.000786641 6.50232e-05 1.08268
16 235   0.000786641 6.25379e-05 1.08268
16 236   -0.000786641 -6.25379e-05 1.08268
16 237   0.00061298 -0.000424055 1.08248
16 238   -0.00061298 0.000424055 1.08248
16 239   0.00061298 0.000423554 1.08248
16 240   -0.00061298 -0.000423554 1.08248
16 241   0.0196052 0.00259866 1.35814
16 242   6.37806e-05 -0.000711163 1.08219
16 243   -6.37806e-05 -0.000711163 1.08219
16 244   6.37806e-05 0.000711163 1.08219
16 245   -6.37806e-05 0.000711163 1.08219
16 246   -0.0183222 -0.00280849 1.33577
16 247   -0.0183222 0.00280868 1.33571
16 248   0.0183224 -0.00280909 1.3357
16 249   0.0183259 0.00280843 1.3358
16 250   0.019654 0.00271651 1.35431
16 251   -0.018371 -0.00269064 1.34003
16 252   -0.018371 0.00269082 1.33997
16 253   0.0183712 -0.00269124 1.33996
16 254   0.0183747 0.00269058 1.34006
16 255   -0.0186319 -0.00242084 1.34993
16 256   -0.0186319 0.00242088 1.34988
16 257   0.0186322 -0.00242213 1.34985
16 258   -0.019654 -0.00320013 1.32978
16 259   0.019654 0.0031977 1.32965
16 260   -0.0196052 -0.00331798 1.3202
16 261   0.0196052 0.00331555 1.32015
16 262   0.0188184 -0.00365398 1.29574
16 263   -0.0188184 0.00365398 1.29574
16 264   0.0187005 -0.00360516 1.3001
16 265   -0.0187005 0.00360516 1.3001
16 266   -0.019654 -0.00287244 1.34829
16 267   0.0186643 0.00243255 1.34991
16 268   -0.0190638 -0.00365398 1.29202
16 269   0.0190638 0.00365398 1.29202
16 270   0.0189362 0.00365398 1.29295
16 271   -0.0189362 -0.00365398 1.29295
16 272   0.019654 -0.00306378 1.33897
16 273   -0.019654 0.00306378 1.33896
16 274   -0.019654 0.00293622 1.34575
16 275   0.019654 -0.00293622 1.34576
16 276   0.0187821 0.00238373 1.35258
16 277   0.0191464 0.00237288 1.35759
16 278   -0.0190754 -0.00237477 1.35656
16 279   -0.0190754 0.00237477 1.35654
16 280   0.0192642 0.0024217 1.3579
16 281   0.0190756 -0.00237611 1.35651
16 282   -0.0189478 -0.00237477 1.3548
16 283   -0.0189478 0.00237477 1.35476
16 284   0.018948 -0.00237611 1.35473
16 285   0.0191452 -0.00354397 1.29648
16 286   -0.0191452 0.00354397 1.29647
16 287   0.019263 -0.00349515 1.29961
16 288   -0.019263 0.00349515 1.29961
16 737   0.00589686 -0.00338572 1.08733
16 738   0.00502757 -0.00083762 1.09498
16 739   0.00398485 -0.00261396 1.08496
16 740   0.00365363 -0.00129442 1.08745
16 741   0.00755083 -0.000944353 1.12568
16 742   0.00622783 -0.00154288 1.10199
16 743   0.00676591 -0.00277144 1.0972
16 744   -0.00589686 0.00338572 1.08733
16 745   -0.00502756 0.000837614 1.09498
16 746   -0.00398485 0.00261396 1.08495
16 747   -0.00365363 0.00129442 1.08744
16 748   -0.00755079 0.000944311 1.12568
16 749   -0.00622782 0.00154287 1.10198
16 750   -0.0067659 0.00277144 1.0972
16 792   0.00969375 -0.00169425 1.18729
16 793   0.0084445 -0.00160384 1.13986
16 794   0.00795958 -0.00281664 1.10837
16 795   0.00991781 -0.00290706 1.15008
16 796   0.00893761 -0.00343093 1.10621
16 797   -0.00969364 0.00169413 1.18728
16 798   -0.00844444 0.00160377 1.13986
16 799   -0.00795955 0.00281661 1.10836
16 800   -0.00991774 0.00290697 1.15008
16 801   -0.00893758 0.0034309 1.10621
16 802   0.0117957 0.00134027 1.34103
16 803   0.0127378 0.00135679 1.38582
16 804   0.0107307 0.00302384 1.18286
16 805   0.0110674 0.00367461 1.16244
16 806   0.0114828 0.00238133 1.27412
16 807   0.0118196 0.0030321 1.25286
16 808   -0.0117952 -0.00134084 1.34094
16 809   -0.012737 -0.00135766 1.38574
16 810   -0.0107306 -0.00302394 1.18283
16 811   -0.0110674 -0.00367465 1.16229
16 812   -0.0114825 -0.00238164 1.27399
16 813   -0.0118194 -0.00303235 1.25263
16 814   -0.00502756 -0.000495719 1.09558
16 815   -0.00589686 -0.00328095 1.08805
16 816   -0.00711053 -0.00270702 1.10079
16 817   -0.00365363 -0.00115904 1.08772
16 818   -0.00398485 -0.00250616 1.08538
16 819   0.00502757 0.000495714 1.09558
16 820   0.00589686 0.00328095 1.08805
16 821   0.00711054 0.00270701 1.1008
16 822   0.00365363 0.00115903 1.08772
16 823   0.00398485 0.00250616 1.08538
16 836   -0.0127305 0.00152058 1.37736
16 837   -0.0117798 0.00160795 1.32873
16 838   -0.0125862 0.0028211 1.30249
16 839   -0.0116356 0.00290846 1.25119
16 840   -0.011198 0.00347607 1.18401
16 841   -0.0105801 0.00347607 1.14872
16 845   0.0127311 -0.00152135 1.37733
16 846   0.0117803 -0.00160847 1.32873
16 847   0.0125866 -0.00282158 1.30247
16 848   0.0116358 -0.0029087 1.25119
16 849   0.0111981 -0.00347613 1.18401
16 850   0.0105802 -0.00347613 1.14872
16 872   0.00830311 0.00342606 1.09976
16 873   0.0090121 0.00342606 1.10575
16 891   -0.00830311 -0.00342607 1.09975
16 892   -0.00901209 -0.00342607 1.10572
16 924   -0.00820225 -0.000966226 1.14044
16 925   -0.00758858 -0.000102056 1.12958
16 926   -0.00687927 -0.001701 1.1085
16 927   -0.00626561 -0.000836828 1.10554
16 928   0.0082023 0.000966175 1.14046
16 929   0.00758863 0.00010201 1.12958
16 930   0.00687929 0.00170098 1.1085
16 931   0.00626562 0.000836818 1.10555
16 984   -0.0141786 -0.00336611 1.31409
16 986   -0.013166 -0.00272381 1.32861
16 987   -0.0125611 -0.0033577 1.27065
16 990   0.014179 0.00336575 1.31412
16 992   0.0131666 0.00272323 1.3287
16 993   0.0125613 0.00335749 1.27082
16 1004   0.0144117 0.000673629 1.41497
16 1005   0.0133026 0.000646452 1.42691
16 1006   0.0144106 -0.000747793 1.41324
16 1007   0.0133014 -0.000774969 1.42273
16 1008   -0.0144094 -0.00067691 1.41494
16 1009   -0.0133013 -0.000648173 1.42685
16 1010   -0.0144084 0.000744574 1.41336
16 1011   -0.0133003 0.000773312 1.42278
16 1016   -0.0160148 0.00345952 1.31673
16 1019   -0.017133 0.0027682 1.33667
16 1020   -0.0166531 0.00322908 1.32312
16 1021   -0.0171272 0.00376956 1.30274
16 1022   -0.0178103 0.00350001 1.31019
16 1023   -0.0183222 0.00293624 1.33097
16 1024   -0.0178917 0.00303913 1.32711
16 1028   -0.0160149 -0.00345686 1.3168
16 1032   -0.0171272 -0.00376947 1.30271
16 1033   -0.0171331 -0.00276527 1.3367
16 1034   -0.0166532 -0.00322633 1.32316
16 1035   -0.0178103 -0.00349992 1.31013
16 1036   -0.0183222 -0.00293606 1.33104
16 1037   -0.0178917 -0.00303886 1.32709
16 1042   0.0160151 -0.00346008 1.31671
16 1045   0.0171336 -0.00276939 1.33664
16 1046   0.0166535 -0.00322985 1.3231
16 1047   0.0171273 -0.00376977 1.30274
16 1048   0.0178103 -0.00350022 1.31019
16 1049   0.0183224 -0.00293665 1.33095
16 1050   0.017892 -0.00303976 1.32709
16 1054   0.0160162 0.00345582 1.31683
16 1058   0.0171291 0.00376944 1.3027
16 1059   0.0171399 0.00276414 1.33672
16 1060   0.0166564 0.00322526 1.32319
16 1061   0.0178121 0.00349989 1.31012
16 1062   0.0183259 0.00293599 1.33106
16 1063   0.0178973 0.00303877 1.3271
16 1064   -0.0198206 -0.00261935 1.36266
16 1067   -0.0196052 -0.00256528 1.35958
16 1068   -0.019515 -0.00247508 1.36092
16 1069   -0.0194087 -0.00228835 1.36473
16 1070   -0.0196783 -0.00199993 1.37722
16 1080   -0.0198206 0.00271502 1.35939
16 1083   -0.0196052 0.00259717 1.35861
16 1084   -0.019515 0.00250697 1.35995
16 1085   -0.0196783 0.00203182 1.37644
16 1086   -0.0194087 0.00232024 1.36384
16 1096   0.0198206 -0.00271639 1.35934
16 1099   0.0196052 -0.00259853 1.35857
16 1100   0.019515 -0.00250834 1.3599
16 1101   0.0196785 -0.00203726 1.37633
16 1102   0.0194089 -0.00232294 1.36377
16 1103   -0.0187169 -0.00382065 1.28644
16 1106   -0.018599 -0.00360516 1.30041
16 1107   -0.018188 -0.00373045 1.29803
16 1108   -0.0185088 -0.00351497 1.30548
16 1109   0.0187169 0.00382065 1.28644
16 1112   0.0185991 0.00360516 1.30042
16 1113   0.0181881 0.00373045 1.29803
16 1114   0.0185089 0.00351497 1.30549
16 1115   0.000787461 -0.00107498 1.08218
16 1116   0.000647054 -0.000677076 1.08239
16 1117   0.000369686 -0.000588633 1.08232
16 1118   0.000251835 -0.000861298 1.08213
16 1119   0.000446312 -0.00122307 1.08189
16 1120   -0.000787461 0.00107498 1.08217
16 1121   -0.000647054 0.000677076 1.08239
16 1122   -0.000369686 0.000588633 1.08232
16 1123   -0.000251835 0.000861298 1.08213
16 1124   -0.000446312 0.00122307 1.08189
16 1125   -0.000647054 -0.000676466 1.08239
16 1126   -0.000787461 -0.00107415 1.08217
16 1127   -0.000369686 -0.000588525 1.08231
16 1128   -0.000446312 -0.00122275 1.08189
16 1129   -0.000251835 -0.00086119 1.08213
16 1130   0.000647054 0.000676466 1.08239
16 1131   0.000787461 0.00107415 1.08218
16 1132   0.000369686 0.000588525 1.08232
16 1133   0.000446312 0.00122275 1.08189
16 1134   0.000251835 0.00086119 1.08213
end
