SolidID  29   16 
h  538  -0 0.999939 0 -1 -0 0
h  539  -0 0.999939 0 -1 -0 0
h  540  -0 0.999939 0 -1 -0 0
h  541  -0 0.999939 0 -1 -0 0
h  542  -0 0.999939 0 -1 -0 0
h  543  -0 0.999939 0 -1 -0 0
h  544  -0 0.999939 0 -1 -0 0
h  545  -0 0.999939 0 -1 -0 0
h  546  -0 0.999939 0 -1 -0 0
h  547  -0 0.999939 0 -1 -0 0
h  548  -0 0.999939 0 -1 -0 0
h  549  -0 0.999939 0 -1 -0 0
h  550  -0 0.999939 0 -1 -0 0
h  551  -0 0.999939 0 -1 -0 0
h  552  -0 0.999939 0 -1 -0 0
h  553  -0 0.999939 0 -1 -0 0
SolidID  29   16 
h  538  -0 0.999939 0 -1 -0 0
h  539  -0 0.999939 0 -1 -0 0
h  540  -0 0.999939 0 -1 -0 0
h  541  -0 0.999939 0 -1 -0 0
h  542  -0 0.999939 0 -1 -0 0
h  543  -0 0.999939 0 -1 -0 0
h  544  -0 0.999939 0 -1 -0 0
h  545  -0 0.999939 0 -1 -0 0
h  546  -0 0.999939 0 -1 -0 0
h  547  -0 0.999939 0 -1 -0 0
h  548  -0 0.999939 0 -1 -0 0
h  549  -0 0.999939 0 -1 -0 0
h  550  -0 0.999939 0 -1 -0 0
h  551  -0 0.999939 0 -1 -0 0
h  552  -0 0.999939 0 -1 -0 0
h  553  -0 0.999939 0 -1 -0 0
SolidID  35   16 
h  305  -737109 0.999939 0 -1 -0 0
h  306  -746172 0.999939 0 -1 -0 0
h  307  -743377 0.999939 0 -1 -0 0
h  308  -739160 0.999939 0 -1 -0 0
h  309  -741604 0.999939 0 -1 -0 0
h  310  -741780 0.999939 0 -1 -0 0
h  311  -744928 0.999939 0 -1 -0 0
h  312  -738879 0.999939 0 -1 -0 0
h  313  -737775 0.999939 0 -1 -0 0
h  314  -737594 0.999939 0 -1 -0 0
h  315  -737010 0.999939 0 -1 -0 0
h  316  -747130 0.999939 0 -1 -0 0
h  317  -746237 0.999939 0 -1 -0 0
h  318  -740261 0.999939 0 -1 -0 0
h  319  -744236 0.999939 0 -1 -0 0
h  320  -747013 0.999939 0 -1 -0 0
SolidID  29   16 
h  538  -0 0.999939 0 -1 -0 0
h  539  -0 0.999939 0 -1 -0 0
h  540  -0 0.999939 0 -1 -0 0
h  541  -0 0.999939 0 -1 -0 0
h  542  -0 0.999939 0 -1 -0 0
h  543  -0 0.999939 0 -1 -0 0
h  544  -0 0.999939 0 -1 -0 0
h  545  -0 0.999939 0 -1 -0 0
h  546  -0 0.999939 0 -1 -0 0
h  547  -0 0.999939 0 -1 -0 0
h  548  -0 0.999939 0 -1 -0 0
h  549  -0 0.999939 0 -1 -0 0
h  550  -0 0.999939 0 -1 -0 0
h  551  -0 0.999939 0 -1 -0 0
h  552  -0 0.999939 0 -1 -0 0
h  553  -0 0.999939 0 -1 -0 0
SolidID  35   16 
h  305  -737109 0.999939 0 -1 -0 0
h  306  -746172 0.999939 0 -1 -0 0
h  307  -743377 0.999939 0 -1 -0 0
h  308  -739160 0.999939 0 -1 -0 0
h  309  -741604 0.999939 0 -1 -0 0
h  310  -741780 0.999939 0 -1 -0 0
h  311  -744928 0.999939 0 -1 -0 0
h  312  -738879 0.999939 0 -1 -0 0
h  313  -737775 0.999939 0 -1 -0 0
h  314  -737594 0.999939 0 -1 -0 0
h  315  -737010 0.999939 0 -1 -0 0
h  316  -747130 0.999939 0 -1 -0 0
h  317  -746237 0.999939 0 -1 -0 0
h  318  -740261 0.999939 0 -1 -0 0
h  319  -744236 0.999939 0 -1 -0 0
h  320  -747013 0.999939 0 -1 -0 0
SolidID  41   16 
h  75  -744088 0.999939 0 -1 -0 0
h  76  -741738 0.999939 0 -1 -0 0
h  77  -744860 0.999939 0 -1 -0 0
h  78  -737688 0.999939 0 -1 -0 0
h  79  -737028 0.999939 0 -1 -0 0
h  80  -746092 0.999939 0 -1 -0 0
h  81  -737766 0.999939 0 -1 -0 0
h  82  -738857 0.999939 0 -1 -0 0
h  83  -743322 0.999939 0 -1 -0 0
h  84  -739244 0.999939 0 -1 -0 0
h  85  -741652 0.999939 0 -1 -0 0
h  86  -746824 0.999939 0 -1 -0 0
h  87  -745912 0.999939 0 -1 -0 0
h  88  -746826 0.999939 0 -1 -0 0
h  89  -740229 0.999939 0 -1 -0 0
h  90  -737114 0.999939 0 -1 -0 0
SolidID  29   16 
h  538  -0 0.999939 0 -1 -0 0
h  539  -0 0.999939 0 -1 -0 0
h  540  -0 0.999939 0 -1 -0 0
h  541  -0 0.999939 0 -1 -0 0
h  542  -0 0.999939 0 -1 -0 0
h  543  -0 0.999939 0 -1 -0 0
h  544  -0 0.999939 0 -1 -0 0
h  545  -0 0.999939 0 -1 -0 0
h  546  -0 0.999939 0 -1 -0 0
h  547  -0 0.999939 0 -1 -0 0
h  548  -0 0.999939 0 -1 -0 0
h  549  -0 0.999939 0 -1 -0 0
h  550  -0 0.999939 0 -1 -0 0
h  551  -0 0.999939 0 -1 -0 0
h  552  -0 0.999939 0 -1 -0 0
h  553  -0 0.999939 0 -1 -0 0
SolidID  35   16 
h  305  -737109 0.999939 0 -1 -0 0
h  306  -746172 0.999939 0 -1 -0 0
h  307  -743377 0.999939 0 -1 -0 0
h  308  -739160 0.999939 0 -1 -0 0
h  309  -741604 0.999939 0 -1 -0 0
h  310  -741780 0.999939 0 -1 -0 0
h  311  -744928 0.999939 0 -1 -0 0
h  312  -738879 0.999939 0 -1 -0 0
h  313  -737775 0.999939 0 -1 -0 0
h  314  -737594 0.999939 0 -1 -0 0
h  315  -737010 0.999939 0 -1 -0 0
h  316  -747130 0.999939 0 -1 -0 0
h  317  -746237 0.999939 0 -1 -0 0
h  318  -740261 0.999939 0 -1 -0 0
h  319  -744236 0.999939 0 -1 -0 0
h  320  -747013 0.999939 0 -1 -0 0
SolidID  41   16 
h  75  -744088 0.999939 0 -1 -0 0
h  76  -741738 0.999939 0 -1 -0 0
h  77  -744860 0.999939 0 -1 -0 0
h  78  -737688 0.999939 0 -1 -0 0
h  79  -737028 0.999939 0 -1 -0 0
h  80  -746092 0.999939 0 -1 -0 0
h  81  -737766 0.999939 0 -1 -0 0
h  82  -738857 0.999939 0 -1 -0 0
h  83  -743322 0.999939 0 -1 -0 0
h  84  -739244 0.999939 0 -1 -0 0
h  85  -741652 0.999939 0 -1 -0 0
h  86  -746824 0.999939 0 -1 -0 0
h  87  -745912 0.999939 0 -1 -0 0
h  88  -746826 0.999939 0 -1 -0 0
h  89  -740229 0.999939 0 -1 -0 0
h  90  -737114 0.999939 0 -1 -0 0
SolidID  47   16 
h  91  -740233 0.999939 0 -1 -0 0
h  92  -741602 0.999939 0 -1 -0 0
h  93  -744854 0.999939 0 -1 -0 0
h  94  -737669 0.999939 0 -1 -0 0
h  95  -737054 0.999939 0 -1 -0 0
h  96  -746085 0.999939 0 -1 -0 0
h  97  -737781 0.999939 0 -1 -0 0
h  98  -738873 0.999939 0 -1 -0 0
h  99  -743318 0.999939 0 -1 -0 0
h  100  -739117 0.999939 0 -1 -0 0
h  101  -741733 0.999939 0 -1 -0 0
h  102  -746813 0.999939 0 -1 -0 0
h  103  -745896 0.999939 0 -1 -0 0
h  104  -746817 0.999939 0 -1 -0 0
h  105  -744061 0.999939 0 -1 -0 0
h  106  -737119 0.999939 0 -1 -0 0
SolidID  29   16 
h  538  -0 0.999939 0 -1 -0 0
h  539  -0 0.999939 0 -1 -0 0
h  540  -0 0.999939 0 -1 -0 0
h  541  -0 0.999939 0 -1 -0 0
h  542  -0 0.999939 0 -1 -0 0
h  543  -0 0.999939 0 -1 -0 0
h  544  -0 0.999939 0 -1 -0 0
h  545  -0 0.999939 0 -1 -0 0
h  546  -0 0.999939 0 -1 -0 0
h  547  -0 0.999939 0 -1 -0 0
h  548  -0 0.999939 0 -1 -0 0
h  549  -0 0.999939 0 -1 -0 0
h  550  -0 0.999939 0 -1 -0 0
h  551  -0 0.999939 0 -1 -0 0
h  552  -0 0.999939 0 -1 -0 0
h  553  -0 0.999939 0 -1 -0 0
SolidID  35   16 
h  305  -737109 0.999939 0 -1 -0 0
h  306  -746172 0.999939 0 -1 -0 0
h  307  -743377 0.999939 0 -1 -0 0
h  308  -739160 0.999939 0 -1 -0 0
h  309  -741604 0.999939 0 -1 -0 0
h  310  -741780 0.999939 0 -1 -0 0
h  311  -744928 0.999939 0 -1 -0 0
h  312  -738879 0.999939 0 -1 -0 0
h  313  -737775 0.999939 0 -1 -0 0
h  314  -737594 0.999939 0 -1 -0 0
h  315  -737010 0.999939 0 -1 -0 0
h  316  -747130 0.999939 0 -1 -0 0
h  317  -746237 0.999939 0 -1 -0 0
h  318  -740261 0.999939 0 -1 -0 0
h  319  -744236 0.999939 0 -1 -0 0
h  320  -747013 0.999939 0 -1 -0 0
SolidID  41   16 
h  75  -744088 0.999939 0 -1 -0 0
h  76  -741738 0.999939 0 -1 -0 0
h  77  -744860 0.999939 0 -1 -0 0
h  78  -737688 0.999939 0 -1 -0 0
h  79  -737028 0.999939 0 -1 -0 0
h  80  -746092 0.999939 0 -1 -0 0
h  81  -737766 0.999939 0 -1 -0 0
h  82  -738857 0.999939 0 -1 -0 0
h  83  -743322 0.999939 0 -1 -0 0
h  84  -739244 0.999939 0 -1 -0 0
h  85  -741652 0.999939 0 -1 -0 0
h  86  -746824 0.999939 0 -1 -0 0
h  87  -745912 0.999939 0 -1 -0 0
h  88  -746826 0.999939 0 -1 -0 0
h  89  -740229 0.999939 0 -1 -0 0
h  90  -737114 0.999939 0 -1 -0 0
SolidID  47   16 
h  91  -740233 0.999939 0 -1 -0 0
h  92  -741602 0.999939 0 -1 -0 0
h  93  -744854 0.999939 0 -1 -0 0
h  94  -737669 0.999939 0 -1 -0 0
h  95  -737054 0.999939 0 -1 -0 0
h  96  -746085 0.999939 0 -1 -0 0
h  97  -737781 0.999939 0 -1 -0 0
h  98  -738873 0.999939 0 -1 -0 0
h  99  -743318 0.999939 0 -1 -0 0
h  100  -739117 0.999939 0 -1 -0 0
h  101  -741733 0.999939 0 -1 -0 0
h  102  -746813 0.999939 0 -1 -0 0
h  103  -745896 0.999939 0 -1 -0 0
h  104  -746817 0.999939 0 -1 -0 0
h  105  -744061 0.999939 0 -1 -0 0
h  106  -737119 0.999939 0 -1 -0 0
SolidID  53   16 
h  289  -747012 0.999939 0 -1 -0 0
h  290  -737010 0.999939 0 -1 -0 0
h  291  -739159 0.999939 0 -1 -0 0
h  292  -743376 0.999939 0 -1 -0 0
h  293  -741604 0.999939 0 -1 -0 0
h  294  -741779 0.999939 0 -1 -0 0
h  295  -737594 0.999939 0 -1 -0 0
h  296  -744927 0.999939 0 -1 -0 0
h  297  -737774 0.999939 0 -1 -0 0
h  298  -738878 0.999939 0 -1 -0 0
h  299  -746171 0.999939 0 -1 -0 0
h  300  -746236 0.999939 0 -1 -0 0
h  301  -747129 0.999939 0 -1 -0 0
h  302  -737109 0.999939 0 -1 -0 0
h  303  -740261 0.999939 0 -1 -0 0
h  304  -744236 0.999939 0 -1 -0 0
SolidID  6   337 
h  107  -372443 0.999939 0 -1 -0 0
h  108  -372387 0.999939 0 -1 -0 0
h  109  -526502 0.999939 0 -1 -0 0
h  110  -526451 0.999939 0 -1 -0 0
h  111  -527368 0.999939 0 -1 -0 0
h  112  -527326 0.999939 0 -1 -0 0
h  113  -0 0.999939 0 -1 -0 0
h  114  -0 0.999939 0 -1 -0 0
h  115  -0 0.999939 0 -1 -0 0
h  116  -0 0.999939 0 -1 -0 0
h  117  -726270 0.999939 0 -1 -0 0
h  118  -726277 0.999939 0 -1 -0 0
h  119  -723904 0.999939 0 -1 -0 0
h  120  -724127 0.999939 0 -1 -0 0
h  121  -723906 0.999939 0 -1 -0 0
h  122  -724157 0.999939 0 -1 -0 0
h  123  -388218 0.999939 0 -1 -0 0
h  124  -388188 0.999939 0 -1 -0 0
h  125  -734835 0.999939 0 -1 -0 0
h  126  -734847 0.999939 0 -1 -0 0
h  127  -734931 0.999939 0 -1 -0 0
h  128  -734943 0.999939 0 -1 -0 0
h  129  -731543 0.999939 0 -1 -0 0
h  130  -731551 0.999939 0 -1 -0 0
h  131  -731583 0.999939 0 -1 -0 0
h  132  -731613 0.999939 0 -1 -0 0
h  133  -0 0.999939 0 -1 -0 0
h  134  -0 0.999939 0 -1 -0 0
h  135  -0 0.999939 0 -1 -0 0
h  136  -0 0.999939 0 -1 -0 0
h  137  -730043 0.999939 0 -1 -0 0
h  138  -730062 0.999939 0 -1 -0 0
h  139  -730073 0.999939 0 -1 -0 0
h  140  -730104 0.999939 0 -1 -0 0
h  141  -0 0.999939 0 -1 -0 0
h  142  -0 0.999939 0 -1 -0 0
h  143  -0 0.999939 0 -1 -0 0
h  144  -0 0.999939 0 -1 -0 0
h  145  -0 0.999939 0 -1 -0 0
h  146  -0 0.999939 0 -1 -0 0
h  147  -0 0.999939 0 -1 -0 0
h  148  -0 0.999939 0 -1 -0 0
h  149  -727220 0.999939 0 -1 -0 0
h  150  -727207 0.999939 0 -1 -0 0
h  151  -727222 0.999939 0 -1 -0 0
h  152  -727072 0.999939 0 -1 -0 0
h  153  -0 0.999939 0 -1 -0 0
h  154  -0 0.999939 0 -1 -0 0
h  155  -0 0.999939 0 -1 -0 0
h  156  -0 0.999939 0 -1 -0 0
h  157  -724059 0.999939 0 -1 -0 0
h  158  -724080 0.999939 0 -1 -0 0
h  159  -738537 0.999939 0 -1 -0 0
h  160  -738585 0.999939 0 -1 -0 0
h  161  -738571 0.999939 0 -1 -0 0
h  162  -738610 0.999939 0 -1 -0 0
h  163  -724095 0.999939 0 -1 -0 0
h  164  -731078 0.999939 0 -1 -0 0
h  165  -731241 0.999939 0 -1 -0 0
h  166  -731238 0.999939 0 -1 -0 0
h  167  -731272 0.999939 0 -1 -0 0
h  168  -723704 0.999939 0 -1 -0 0
h  169  -733496 0.999939 0 -1 -0 0
h  170  -0 0.999939 0 -1 -0 0
h  171  -0 0.999939 0 -1 -0 0
h  172  -0 0.999939 0 -1 -0 0
h  173  -0 0.999939 0 -1 -0 0
h  174  -0 0.999939 0 -1 -0 0
h  175  -0 0.999939 0 -1 -0 0
h  176  -0 0.999939 0 -1 -0 0
h  177  -0 0.999939 0 -1 -0 0
h  178  -0 0.999939 0 -1 -0 0
h  179  -0 0.999939 0 -1 -0 0
h  180  -0 0.999939 0 -1 -0 0
h  181  -0 0.999939 0 -1 -0 0
h  182  -733752 0.999939 0 -1 -0 0
h  183  -733755 0.999939 0 -1 -0 0
h  184  -733795 0.999939 0 -1 -0 0
h  185  -727422 0.999939 0 -1 -0 0
h  186  -737702 0.999939 0 -1 -0 0
h  187  -728594 0.999939 0 -1 -0 0
h  188  -728590 0.999939 0 -1 -0 0
h  189  -728620 0.999939 0 -1 -0 0
h  190  -737746 0.999939 0 -1 -0 0
h  191  -737751 0.999939 0 -1 -0 0
h  192  -737776 0.999939 0 -1 -0 0
h  193  -725235 0.999939 0 -1 -0 0
h  194  -732186 0.999939 0 -1 -0 0
h  195  -753943 0.999939 0 -1 -0 0
h  196  -753942 0.999939 0 -1 -0 0
h  197  -0 0.999939 0 -1 -0 0
h  198  -0 0.999939 0 -1 -0 0
h  199  -0 0.999939 0 -1 -0 0
h  200  -0 0.999939 0 -1 -0 0
h  201  -752354 0.999939 0 -1 -0 0
h  202  -752369 0.999939 0 -1 -0 0
h  203  -731755 0.999939 0 -1 -0 0
h  204  -731752 0.999939 0 -1 -0 0
h  205  -728682 0.999939 0 -1 -0 0
h  206  -732953 0.999939 0 -1 -0 0
h  207  -732956 0.999939 0 -1 -0 0
h  208  -732994 0.999939 0 -1 -0 0
h  209  -754305 0.999939 0 -1 -0 0
h  210  -754304 0.999939 0 -1 -0 0
h  211  -739942 0.999939 0 -1 -0 0
h  212  -739932 0.999939 0 -1 -0 0
h  213  -739954 0.999939 0 -1 -0 0
h  214  -729835 0.999939 0 -1 -0 0
h  215  -734607 0.999939 0 -1 -0 0
h  216  -734526 0.999939 0 -1 -0 0
h  217  -739875 0.999939 0 -1 -0 0
h  218  -729654 0.999939 0 -1 -0 0
h  219  -734867 0.999939 0 -1 -0 0
h  220  -744451 0.999939 0 -1 -0 0
h  221  -744453 0.999939 0 -1 -0 0
h  222  -736055 0.999939 0 -1 -0 0
h  223  -736061 0.999939 0 -1 -0 0
h  224  -736076 0.999939 0 -1 -0 0
h  225  -751073 0.999939 0 -1 -0 0
h  226  -751073 0.999939 0 -1 -0 0
h  227  -753373 0.999939 0 -1 -0 0
h  228  -753374 0.999939 0 -1 -0 0
h  229  -744436 0.999939 0 -1 -0 0
h  230  -739246 0.999939 0 -1 -0 0
h  231  -739248 0.999939 0 -1 -0 0
h  232  -744455 0.999939 0 -1 -0 0
h  233  -0 0.999939 0 -1 -0 0
h  234  -0 0.999939 0 -1 -0 0
h  235  -0 0.999939 0 -1 -0 0
h  236  -0 0.999939 0 -1 -0 0
h  237  -0 0.999939 0 -1 -0 0
h  238  -0 0.999939 0 -1 -0 0
h  239  -0 0.999939 0 -1 -0 0
h  240  -0 0.999939 0 -1 -0 0
h  241  -730683 0.999939 0 -1 -0 0
h  242  -0 0.999939 0 -1 -0 0
h  243  -0 0.999939 0 -1 -0 0
h  244  -0 0.999939 0 -1 -0 0
h  245  -0 0.999939 0 -1 -0 0
h  246  -743395 0.999939 0 -1 -0 0
h  247  -743416 0.999939 0 -1 -0 0
h  248  -743419 0.999939 0 -1 -0 0
h  249  -743382 0.999939 0 -1 -0 0
h  250  -730979 0.999939 0 -1 -0 0
h  251  -742033 0.999939 0 -1 -0 0
h  252  -742052 0.999939 0 -1 -0 0
h  253  -742055 0.999939 0 -1 -0 0
h  254  -742019 0.999939 0 -1 -0 0
h  255  -738421 0.999939 0 -1 -0 0
h  256  -738435 0.999939 0 -1 -0 0
h  257  -738443 0.999939 0 -1 -0 0
h  258  -734885 0.999939 0 -1 -0 0
h  259  -734809 0.999939 0 -1 -0 0
h  260  -737643 0.999939 0 -1 -0 0
h  261  -737620 0.999939 0 -1 -0 0
h  262  -752320 0.999939 0 -1 -0 0
h  263  -752321 0.999939 0 -1 -0 0
h  264  -751765 0.999939 0 -1 -0 0
h  265  -751765 0.999939 0 -1 -0 0
h  266  -731858 0.999939 0 -1 -0 0
h  267  -738338 0.999939 0 -1 -0 0
h  268  -751365 0.999939 0 -1 -0 0
h  269  -751362 0.999939 0 -1 -0 0
h  270  -752073 0.999939 0 -1 -0 0
h  271  -752076 0.999939 0 -1 -0 0
h  272  -733338 0.999939 0 -1 -0 0
h  273  -733338 0.999939 0 -1 -0 0
h  274  -732132 0.999939 0 -1 -0 0
h  275  -732132 0.999939 0 -1 -0 0
h  276  -737157 0.999939 0 -1 -0 0
h  277  -734219 0.999939 0 -1 -0 0
h  278  -734844 0.999939 0 -1 -0 0
h  279  -734839 0.999939 0 -1 -0 0
h  280  -733436 0.999939 0 -1 -0 0
h  281  -734847 0.999939 0 -1 -0 0
h  282  -735927 0.999939 0 -1 -0 0
h  283  -735931 0.999939 0 -1 -0 0
h  284  -735939 0.999939 0 -1 -0 0
h  285  -749694 0.999939 0 -1 -0 0
h  286  -749695 0.999939 0 -1 -0 0
h  287  -747526 0.999939 0 -1 -0 0
h  288  -747527 0.999939 0 -1 -0 0
h  737  -0 0.999939 0 -1 -0 0
h  738  -0 0.999939 0 -1 -0 0
h  739  -0 0.999939 0 -1 -0 0
h  740  -0 0.999939 0 -1 -0 0
h  741  -177846 0.999939 0 -1 -0 0
h  742  -54184.1 0.999939 0 -1 -0 0
h  743  -45014.6 0.999939 0 -1 -0 0
h  744  -0 0.999939 0 -1 -0 0
h  745  -0 0.999939 0 -1 -0 0
h  746  -0 0.999939 0 -1 -0 0
h  747  -0 0.999939 0 -1 -0 0
h  748  -177825 0.999939 0 -1 -0 0
h  749  -54166.7 0.999939 0 -1 -0 0
h  750  -44999.6 0.999939 0 -1 -0 0
h  792  -403812 0.999939 0 -1 -0 0
h  793  -253635 0.999939 0 -1 -0 0
h  794  -146295 0.999939 0 -1 -0 0
h  795  -431881 0.999939 0 -1 -0 0
h  796  -231482 0.999939 0 -1 -0 0
h  797  -403787 0.999939 0 -1 -0 0
h  798  -253614 0.999939 0 -1 -0 0
h  799  -146283 0.999939 0 -1 -0 0
h  800  -431864 0.999939 0 -1 -0 0
h  801  -231474 0.999939 0 -1 -0 0
h  802  -619752 0.999939 0 -1 -0 0
h  803  -673342 0.999939 0 -1 -0 0
h  804  -556546 0.999939 0 -1 -0 0
h  805  -637326 0.999939 0 -1 -0 0
h  806  -619905 0.999939 0 -1 -0 0
h  807  -669012 0.999939 0 -1 -0 0
h  808  -619717 0.999939 0 -1 -0 0
h  809  -673338 0.999939 0 -1 -0 0
h  810  -556397 0.999939 0 -1 -0 0
h  811  -636966 0.999939 0 -1 -0 0
h  812  -619838 0.999939 0 -1 -0 0
h  813  -669020 0.999939 0 -1 -0 0
h  814  -465.039 0.999939 0 -1 -0 0
h  815  -0 0.999939 0 -1 -0 0
h  816  -75236.5 0.999939 0 -1 -0 0
h  817  -0 0.999939 0 -1 -0 0
h  818  -0 0.999939 0 -1 -0 0
h  819  -471.306 0.999939 0 -1 -0 0
h  820  -0 0.999939 0 -1 -0 0
h  821  -75285.1 0.999939 0 -1 -0 0
h  822  -0 0.999939 0 -1 -0 0
h  823  -0 0.999939 0 -1 -0 0
h  836  -675055 0.999939 0 -1 -0 0
h  837  -623108 0.999939 0 -1 -0 0
h  838  -693730 0.999939 0 -1 -0 0
h  839  -652881 0.999939 0 -1 -0 0
h  840  -644817 0.999939 0 -1 -0 0
h  841  -559148 0.999939 0 -1 -0 0
h  845  -675086 0.999939 0 -1 -0 0
h  846  -623148 0.999939 0 -1 -0 0
h  847  -693750 0.999939 0 -1 -0 0
h  848  -652902 0.999939 0 -1 -0 0
h  849  -644825 0.999939 0 -1 -0 0
h  850  -559160 0.999939 0 -1 -0 0
h  872  -137394 0.999939 0 -1 -0 0
h  873  -245589 0.999939 0 -1 -0 0
h  891  -137217 0.999939 0 -1 -0 0
h  892  -245531 0.999939 0 -1 -0 0
h  924  -238691 0.999939 0 -1 -0 0
h  925  -188618 0.999939 0 -1 -0 0
h  926  -100806 0.999939 0 -1 -0 0
h  927  -71515.8 0.999939 0 -1 -0 0
h  928  -238732 0.999939 0 -1 -0 0
h  929  -188644 0.999939 0 -1 -0 0
h  930  -100826 0.999939 0 -1 -0 0
h  931  -71528 0.999939 0 -1 -0 0
h  984  -733305 0.999939 0 -1 -0 0
h  986  -707232 0.999939 0 -1 -0 0
h  987  -706588 0.999939 0 -1 -0 0
h  990  -733279 0.999939 0 -1 -0 0
h  992  -707197 0.999939 0 -1 -0 0
h  993  -706511 0.999939 0 -1 -0 0
h  1004  -709926 0.999939 0 -1 -0 0
h  1005  -686643 0.999939 0 -1 -0 0
h  1006  -710294 0.999939 0 -1 -0 0
h  1007  -687461 0.999939 0 -1 -0 0
h  1008  -709910 0.999939 0 -1 -0 0
h  1009  -686622 0.999939 0 -1 -0 0
h  1010  -710253 0.999939 0 -1 -0 0
h  1011  -687423 0.999939 0 -1 -0 0
h  1016  -746820 0.999939 0 -1 -0 0
h  1019  -743756 0.999939 0 -1 -0 0
h  1020  -746973 0.999939 0 -1 -0 0
h  1021  -752669 0.999939 0 -1 -0 0
h  1022  -751045 0.999939 0 -1 -0 0
h  1023  -744793 0.999939 0 -1 -0 0
h  1024  -746508 0.999939 0 -1 -0 0
h  1028  -746830 0.999939 0 -1 -0 0
h  1032  -752676 0.999939 0 -1 -0 0
h  1033  -743748 0.999939 0 -1 -0 0
h  1034  -746964 0.999939 0 -1 -0 0
h  1035  -751060 0.999939 0 -1 -0 0
h  1036  -744767 0.999939 0 -1 -0 0
h  1037  -746513 0.999939 0 -1 -0 0
h  1042  -746825 0.999939 0 -1 -0 0
h  1045  -743766 0.999939 0 -1 -0 0
h  1046  -746980 0.999939 0 -1 -0 0
h  1047  -752671 0.999939 0 -1 -0 0
h  1048  -751046 0.999939 0 -1 -0 0
h  1049  -744796 0.999939 0 -1 -0 0
h  1050  -746513 0.999939 0 -1 -0 0
h  1054  -746824 0.999939 0 -1 -0 0
h  1058  -752681 0.999939 0 -1 -0 0
h  1059  -743747 0.999939 0 -1 -0 0
h  1060  -746962 0.999939 0 -1 -0 0
h  1061  -751061 0.999939 0 -1 -0 0
h  1062  -744755 0.999939 0 -1 -0 0
h  1063  -746507 0.999939 0 -1 -0 0
h  1064  -727306 0.999939 0 -1 -0 0
h  1067  -730406 0.999939 0 -1 -0 0
h  1068  -730954 0.999939 0 -1 -0 0
h  1069  -730818 0.999939 0 -1 -0 0
h  1070  -726263 0.999939 0 -1 -0 0
h  1080  -727717 0.999939 0 -1 -0 0
h  1083  -730547 0.999939 0 -1 -0 0
h  1084  -731129 0.999939 0 -1 -0 0
h  1085  -726397 0.999939 0 -1 -0 0
h  1086  -730992 0.999939 0 -1 -0 0
h  1096  -727726 0.999939 0 -1 -0 0
h  1099  -730555 0.999939 0 -1 -0 0
h  1100  -731137 0.999939 0 -1 -0 0
h  1101  -726414 0.999939 0 -1 -0 0
h  1102  -731005 0.999939 0 -1 -0 0
h  1103  -754668 0.999939 0 -1 -0 0
h  1106  -751955 0.999939 0 -1 -0 0
h  1107  -753523 0.999939 0 -1 -0 0
h  1108  -751047 0.999939 0 -1 -0 0
h  1109  -754667 0.999939 0 -1 -0 0
h  1112  -751952 0.999939 0 -1 -0 0
h  1113  -753523 0.999939 0 -1 -0 0
h  1114  -751045 0.999939 0 -1 -0 0
h  1115  -0 0.999939 0 -1 -0 0
h  1116  -0 0.999939 0 -1 -0 0
h  1117  -0 0.999939 0 -1 -0 0
h  1118  -0 0.999939 0 -1 -0 0
h  1119  -0 0.999939 0 -1 -0 0
h  1120  -0 0.999939 0 -1 -0 0
h  1121  -0 0.999939 0 -1 -0 0
h  1122  -0 0.999939 0 -1 -0 0
h  1123  -0 0.999939 0 -1 -0 0
h  1124  -0 0.999939 0 -1 -0 0
h  1125  -0 0.999939 0 -1 -0 0
h  1126  -0 0.999939 0 -1 -0 0
h  1127  -0 0.999939 0 -1 -0 0
h  1128  -0 0.999939 0 -1 -0 0
h  1129  -0 0.999939 0 -1 -0 0
h  1130  -0 0.999939 0 -1 -0 0
h  1131  -0 0.999939 0 -1 -0 0
h  1132  -0 0.999939 0 -1 -0 0
h  1133  -0 0.999939 0 -1 -0 0
h  1134  -0 0.999939 0 -1 -0 0
SolidID  29   16 
h  538  -0 0.999939 0 -1 -0 0
h  539  -0 0.999939 0 -1 -0 0
h  540  -0 0.999939 0 -1 -0 0
h  541  -0 0.999939 0 -1 -0 0
h  542  -0 0.999939 0 -1 -0 0
h  543  -0 0.999939 0 -1 -0 0
h  544  -0 0.999939 0 -1 -0 0
h  545  -0 0.999939 0 -1 -0 0
h  546  -0 0.999939 0 -1 -0 0
h  547  -0 0.999939 0 -1 -0 0
h  548  -0 0.999939 0 -1 -0 0
h  549  -0 0.999939 0 -1 -0 0
h  550  -0 0.999939 0 -1 -0 0
h  551  -0 0.999939 0 -1 -0 0
h  552  -0 0.999939 0 -1 -0 0
h  553  -0 0.999939 0 -1 -0 0
SolidID  35   16 
h  305  -737109 0.999939 0 -1 -0 0
h  306  -746172 0.999939 0 -1 -0 0
h  307  -743377 0.999939 0 -1 -0 0
h  308  -739160 0.999939 0 -1 -0 0
h  309  -741604 0.999939 0 -1 -0 0
h  310  -741780 0.999939 0 -1 -0 0
h  311  -744928 0.999939 0 -1 -0 0
h  312  -738879 0.999939 0 -1 -0 0
h  313  -737775 0.999939 0 -1 -0 0
h  314  -737594 0.999939 0 -1 -0 0
h  315  -737010 0.999939 0 -1 -0 0
h  316  -747130 0.999939 0 -1 -0 0
h  317  -746237 0.999939 0 -1 -0 0
h  318  -740261 0.999939 0 -1 -0 0
h  319  -744236 0.999939 0 -1 -0 0
h  320  -747013 0.999939 0 -1 -0 0
SolidID  41   16 
h  75  -744088 0.999939 0 -1 -0 0
h  76  -741738 0.999939 0 -1 -0 0
h  77  -744860 0.999939 0 -1 -0 0
h  78  -737688 0.999939 0 -1 -0 0
h  79  -737028 0.999939 0 -1 -0 0
h  80  -746092 0.999939 0 -1 -0 0
h  81  -737766 0.999939 0 -1 -0 0
h  82  -738857 0.999939 0 -1 -0 0
h  83  -743322 0.999939 0 -1 -0 0
h  84  -739244 0.999939 0 -1 -0 0
h  85  -741652 0.999939 0 -1 -0 0
h  86  -746824 0.999939 0 -1 -0 0
h  87  -745912 0.999939 0 -1 -0 0
h  88  -746826 0.999939 0 -1 -0 0
h  89  -740229 0.999939 0 -1 -0 0
h  90  -737114 0.999939 0 -1 -0 0
SolidID  47   16 
h  91  -740233 0.999939 0 -1 -0 0
h  92  -741602 0.999939 0 -1 -0 0
h  93  -744854 0.999939 0 -1 -0 0
h  94  -737669 0.999939 0 -1 -0 0
h  95  -737054 0.999939 0 -1 -0 0
h  96  -746085 0.999939 0 -1 -0 0
h  97  -737781 0.999939 0 -1 -0 0
h  98  -738873 0.999939 0 -1 -0 0
h  99  -743318 0.999939 0 -1 -0 0
h  100  -739117 0.999939 0 -1 -0 0
h  101  -741733 0.999939 0 -1 -0 0
h  102  -746813 0.999939 0 -1 -0 0
h  103  -745896 0.999939 0 -1 -0 0
h  104  -746817 0.999939 0 -1 -0 0
h  105  -744061 0.999939 0 -1 -0 0
h  106  -737119 0.999939 0 -1 -0 0
SolidID  53   16 
h  289  -747012 0.999939 0 -1 -0 0
h  290  -737010 0.999939 0 -1 -0 0
h  291  -739159 0.999939 0 -1 -0 0
h  292  -743376 0.999939 0 -1 -0 0
h  293  -741604 0.999939 0 -1 -0 0
h  294  -741779 0.999939 0 -1 -0 0
h  295  -737594 0.999939 0 -1 -0 0
h  296  -744927 0.999939 0 -1 -0 0
h  297  -737774 0.999939 0 -1 -0 0
h  298  -738878 0.999939 0 -1 -0 0
h  299  -746171 0.999939 0 -1 -0 0
h  300  -746236 0.999939 0 -1 -0 0
h  301  -747129 0.999939 0 -1 -0 0
h  302  -737109 0.999939 0 -1 -0 0
h  303  -740261 0.999939 0 -1 -0 0
h  304  -744236 0.999939 0 -1 -0 0
E_DATA
B_MESH_DATA
Dim 2 
NumPts 242 
NumElems 417 
1   0.00046194   -0.000191342    0
2   0   0    0
3   0.0005   0    0
4   0   -0.0005    0
5   -0.000191342   -0.00046194    0
6   0.000191342   -0.00046194    0
7   0   0.0005    0
8   0.000191342   0.00046194    0
9   -0.00046194   0.000191342    0
10   -0.0005   0    0
11   -0.000353553   0.000353553    0
12   -0.000353553   -0.000353553    0
13   -0.00046194   -0.000191342    0
14   0.00046194   0.000191342    0
15   0.000353553   0.000353553    0
16   -0.000191342   0.00046194    0
17   0.000353553   -0.000353553    0
18   -0.0191913   0.00253806    0
19   -0.0193536   0.00264645    0
20   -0.019   0.003    0
21   -0.0185381   0.00319134    0
22   -0.0186464   0.00335355    0
23   -0.0185381   0.00280866    0
24   -0.0185   0.003    0
25   -0.0195   0.003    0
26   -0.0194619   0.00319134    0
27   -0.0193536   0.00335355    0
28   -0.0186464   0.00264645    0
29   -0.019   0.0025    0
30   -0.0188087   0.00253806    0
31   -0.0194619   0.00280866    0
32   -0.0188087   0.00346194    0
33   -0.019   0.0035    0
34   -0.0191913   0.00346194    0
35   0.0188087   -0.00346194    0
36   0.0186464   -0.00335355    0
37   0.019   -0.003    0
38   0.0194619   -0.00280866    0
39   0.0193536   -0.00264645    0
40   0.0195   -0.003    0
41   0.0194619   -0.00319134    0
42   0.0185381   -0.00280866    0
43   0.0185   -0.003    0
44   0.0193536   -0.00335355    0
45   0.0186464   -0.00264645    0
46   0.0185381   -0.00319134    0
47   0.0191913   -0.00253806    0
48   0.019   -0.0025    0
49   0.0188087   -0.00253806    0
50   0.0191913   -0.00346194    0
51   0.019   -0.0035    0
52   0.0108434   0.00204768    0
53   0.00932781   -0.000361583    0
54   0.00809979   0.00227818    0
55   -0.0108432   -0.00204787    0
56   -0.0093277   0.000361471    0
57   -0.00809977   -0.0022782    0
58   0.0122872   -9.9324e-05    0
59   -0.0122866   9.84594e-05    0
60   0.0108137   -0.00242839    0
61   -0.0108135   0.00242822    0
62   0.00213698   0.00167564    0
63   0.00172475   0.004    0
64   0.00445878   0.004    0
65   -0.00213698   -0.00167564    0
66   -0.00172475   -0.004    0
67   -0.00445878   -0.004    0
68   -0.00213698   0.00168472    0
69   -0.00445878   0.004    0
70   -0.00172475   0.004    0
71   0.00213698   -0.00168472    0
72   0.00445878   -0.004    0
73   0.00172475   -0.004    0
74   -0.0118537   0.004    0
75   -0.0136654   0.00216612    0
76   -0.0152937   0.004    0
77   0.0118537   -0.004    0
78   0.0136661   -0.00216702    0
79   0.0152937   -0.004    0
80   0.0156146   -1.77949e-05    0
81   0.0136695   0.00209724    0
82   0.0162659   0.00236746    0
83   -0.0156109   1.22478e-05    0
84   -0.0162618   0.00237855    0
85   -0.0136685   -0.00209833    0
86   -0.0162621   -0.00237057    0
87   0.0162628   -0.00238025    0
88   0.01   0.004    0
89   -0.01   -0.004    0
90   0.0152937   0.004    0
91   -0.0152937   -0.004    0
92   0.0175053   0.00136899    0
93   -0.0174857   -0.00138262    0
94   -0.0174857   0.00138499    0
95   0.0174884   -0.00139223    0
96   0.00346513   -4.13823e-05    0
97   0.00139798   -3.72798e-06    0
98   -0.00346513   4.13817e-05    0
99   -0.00139798   3.72795e-06    0
100   0.0180153   -2.701e-05    0
101   -0.0180056   9.89457e-07    0
102   0.000774773   0.00154661    0
103   -0.000774773   -0.00154661    0
104   0.000774773   -0.00154726    0
105   -0.000774773   0.00154726    0
106   0   0.00267957    0
107   0   -0.00267957    0
108   -0.0188095   -0.00120225    0
109   -0.02   0    0
110   -0.0188095   0.00120247    0
111   0.02   -5.58436e-05    0
112   0.0188118   -0.00121841    0
113   0.0188534   0.00113319    0
114   0   0.004    0
115   0   -0.004    0
116   -0.02   0.0016728    0
117   -0.02   -0.0016728    0
118   0.0179395   0.00261664    0
119   -0.0179285   0.00261737    0
120   -0.0179285   -0.00261682    0
121   0.0179291   -0.00261862    0
122   0.02   -0.001681    0
123   0.02   0.00134084    0
124   0.0185377   0.00211314    0
125   0   0.00117155    0
126   0   -0.00117155    0
127   0.00102345   0.000725765    0
128   -0.00102345   -0.000725765    0
129   0.00102345   -0.000727271    0
130   -0.00102345   0.000727271    0
131   -0.0184405   -0.002078    0
132   -0.0184405   0.00207815    0
133   0.0184415   -0.00208189    0
134   0.0192478   0.00208059    0
135   -0.0190348   -0.00208625    0
136   -0.0190348   0.00208626    0
137   0.0190354   -0.00209027    0
138   0.02   0.00234087    0
139   -0.0186464   0.004    0
140   -0.017684   0.004    0
141   0.0186464   -0.004    0
142   0.017684   -0.004    0
143   -0.0191913   -0.00346194    0
144   -0.019   -0.004    0
145   -0.02   -0.004    0
146   0.0191913   0.00346194    0
147   0.019   0.004    0
148   0.02   0.004    0
149   -0.02   0.003    0
150   -0.02   0.004    0
151   0.02   -0.003    0
152   0.02   -0.004    0
153   0.0195   0.003    0
154   0.02   0.00340176    0
155   -0.0192442   0.00366996    0
156   0.0192442   -0.00366996    0
157   -0.0186464   -0.00264645    0
158   0.0193536   0.00264645    0
159   0.0193536   0.00335355    0
160   -0.02   -0.00340903    0
161   -0.0193536   -0.00335355    0
162   0.0186464   0.00264645    0
163   -0.02   -0.00280866    0
164   -0.0195   -0.003    0
165   0.019   0.0025    0
166   -0.0188087   -0.00253806    0
167   0.0194619   0.00280866    0
168   -0.0185381   -0.00280866    0
169   -0.0185   -0.003    0
170   0.0185381   0.00280866    0
171   0.0185   0.003    0
172   -0.0194619   -0.00319134    0
173   0.0194619   0.00319134    0
174   -0.0194619   -0.00280866    0
175   0.0188087   0.00253806    0
176   -0.019   -0.0035    0
177   0.019   0.0035    0
178   0.0188087   0.00346194    0
179   -0.0188087   -0.00346194    0
180   0.0191913   0.00253806    0
181   -0.0191913   -0.00253806    0
182   -0.019   -0.0025    0
183   0.00535878   -0.00215716    0
184   0.00787303   -0.004    0
185   0.00625879   -0.000314318    0
186   0.00706591   -0.00215716    0
187   -0.00535878   0.00215715    0
188   -0.00787303   0.004    0
189   -0.00625878   0.000314308    0
190   -0.0070659   0.00215715    0
191   0.00893978   -0.00229278    0
192   0.01   -0.004    0
193   -0.00893971   0.00229269    0
194   -0.01   0.004    0
195   0.0122565   0.00207246    0
196   0.0113486   0.00302384    0
197   0.0118537   0.004    0
198   -0.0122559   -0.0020731    0
199   -0.0113485   -0.00302394    0
200   -0.0118537   -0.004    0
201   -0.00535878   -0.00184285    0
202   -0.00787303   -0.004    0
203   0.00535878   0.00184284    0
204   0.00787303   0.004    0
205   -0.0122395   0.00229717    0
206   -0.0109269   0.004    0
207   0.0122399   -0.00229771    0
208   0.0109269   -0.004    0
209   0.00893652   0.004    0
210   -0.00893652   -0.004    0
211   -0.00717927   -0.000981947    0
212   0.00717929   0.00098193    0
213   -0.0135737   -0.004    0
214   0.0135737   0.004    0
215   0.0139509   -5.85594e-05    0
216   -0.0139488   5.53536e-05    0
217   -0.0164888   0.004    0
218   -0.0172087   0.00330868    0
219   -0.0164888   -0.004    0
220   -0.0172087   -0.00330841    0
221   -0.017684   -0.004    0
222   -0.0185381   -0.00319134    0
223   0.0164888   -0.004    0
224   0.017209   -0.00330931    0
225   0.0164889   0.004    0
226   0.0172142   0.00330832    0
227   0.0176841   0.004    0
228   0.0185381   0.00319134    0
229   -0.02   -0.00224073    0
230   -0.0193536   -0.00264645    0
231   -0.02   0.0023364    0
232   0.02   -0.0023405    0
233   -0.018342   -0.004    0
234   -0.0186464   -0.00335355    0
235   0.0183421   0.004    0
236   0.0186464   0.00335355    0
237   0.000564163   -0.000950405    0
238   -0.000564163   0.000950405    0
239   -0.000564163   -0.000950081    0
240   0.000564163   0.000950081    0
241   -0.019   -0.003    0
242   0.019   0.003    0
538  29  1  2  3 
539  29  4  5  2 
540  29  4  2  6 
541  29  7  8  2 
542  29  9  2  10 
543  29  9  11  2 
544  29  12  13  2 
545  29  14  3  2 
546  29  15  14  2 
547  29  15  2  8 
548  29  11  16  2 
549  29  7  2  16 
550  29  13  10  2 
551  29  1  17  2 
552  29  17  6  2 
553  29  12  2  5 
305  35  18  19  20 
306  35  21  20  22 
307  35  23  20  24 
308  35  25  26  20 
309  35  26  27  20 
310  35  23  28  20 
311  35  21  24  20 
312  35  29  20  30 
313  35  18  20  29 
314  35  31  25  20 
315  35  31  20  19 
316  35  32  20  33 
317  35  34  33  20 
318  35  28  30  20 
319  35  34  20  27 
320  35  32  22  20 
289  53  35  36  37 
290  53  38  37  39 
291  53  40  41  37 
292  53  42  37  43 
293  53  41  44  37 
294  53  42  45  37 
295  53  38  40  37 
296  53  46  43  37 
297  53  47  37  48 
298  53  48  37  49 
299  53  46  37  36 
300  53  50  51  37 
301  53  35  37  51 
302  53  47  39  37 
303  53  45  49  37 
304  53  50  37  44 
107  6  52  53  54 
108  6  55  56  57 
109  6  58  53  52 
110  6  59  56  55 
111  6  58  60  53 
112  6  59  61  56 
113  6  62  63  64 
114  6  65  66  67 
115  6  68  69  70 
116  6  71  72  73 
117  6  74  75  76 
118  6  77  78  79 
119  6  80  81  82 
120  6  75  83  84 
121  6  83  85  86 
122  6  78  80  87 
123  6  88  52  54 
124  6  89  55  57 
125  6  90  82  81 
126  6  91  86  85 
127  6  76  75  84 
128  6  79  78  87 
129  6  92  80  82 
130  6  93  83  86 
131  6  94  84  83 
132  6  95  87  80 
133  6  96  97  62 
134  6  98  99  65 
135  6  96  71  97 
136  6  98  68  99 
137  6  100  80  92 
138  6  101  83  93 
139  6  94  83  101 
140  6  95  80  100 
141  6  63  62  102 
142  6  66  65  103 
143  6  73  104  71 
144  6  70  105  68 
145  6  63  102  106 
146  6  66  103  107 
147  6  70  106  105 
148  6  73  107  104 
149  6  101  108  109 
150  6  101  109  110 
151  6  100  111  112 
152  6  100  113  111 
153  6  114  106  70 
154  6  114  63  106 
155  6  115  66  107 
156  6  115  107  73 
157  6  110  109  116 
158  6  109  108  117 
159  6  82  118  92 
160  6  84  94  119 
161  6  86  120  93 
162  6  87  95  121 
163  6  112  111  122 
164  6  100  92  113 
165  6  101  93  108 
166  6  101  110  94 
167  6  100  112  95 
168  6  111  113  123 
169  6  113  92  124 
170  6  125  106  102 
171  6  126  104  107 
172  6  125  105  106 
173  6  126  107  103 
174  6  127  62  97 
175  6  128  65  99 
176  6  129  97  71 
177  6  130  99  68 
178  6  129  71  104 
179  6  130  68  105 
180  6  127  102  62 
181  6  128  103  65 
182  6  108  93  131 
183  6  132  94  110 
184  6  133  95  112 
185  6  134  123  113 
186  6  124  92  118 
187  6  135  117  108 
188  6  136  110  116 
189  6  137  112  122 
190  6  131  93  120 
191  6  94  132  119 
192  6  95  133  121 
193  6  138  123  134 
194  6  113  124  134 
195  6  22  139  140 
196  6  36  141  142 
197  6  14  127  97 
198  6  13  128  99 
199  6  1  97  129 
200  6  9  99  130 
201  6  143  144  145 
202  6  146  147  148 
203  6  26  149  150 
204  6  41  151  152 
205  6  138  153  154 
206  6  108  131  135 
207  6  110  136  132 
208  6  112  137  133 
209  6  150  139  155 
210  6  152  141  156 
211  6  28  119  132 
212  6  157  131  120 
213  6  45  121  133 
214  6  158  138  134 
215  6  148  154  159 
216  6  145  160  161 
217  6  162  124  118 
218  6  163  164  160 
219  6  165  134  124 
220  6  152  156  44 
221  6  150  155  27 
222  6  166  135  131 
223  6  136  30  132 
224  6  137  49  133 
225  6  21  22  140 
226  6  46  36  142 
227  6  51  156  141 
228  6  33  155  139 
229  6  145  161  143 
230  6  152  44  41 
231  6  150  27  26 
232  6  148  159  146 
233  6  1  3  97 
234  6  9  10  99 
235  6  14  97  3 
236  6  13  99  10 
237  6  1  129  17 
238  6  9  130  11 
239  6  15  127  14 
240  6  12  128  13 
241  6  167  138  158 
242  6  4  6  126 
243  6  4  126  5 
244  6  7  125  8 
245  6  7  16  125 
246  6  168  120  169 
247  6  23  24  119 
248  6  42  43  121 
249  6  170  118  171 
250  6  138  167  153 
251  6  157  120  168 
252  6  23  119  28 
253  6  42  121  45 
254  6  162  118  170 
255  6  157  166  131 
256  6  28  132  30 
257  6  45  133  49 
258  6  164  172  160 
259  6  153  173  154 
260  6  172  161  160 
261  6  159  154  173 
262  6  35  51  141 
263  6  32  33  139 
264  6  35  141  36 
265  6  32  139  22 
266  6  163  174  164 
267  6  162  175  124 
268  6  143  176  144 
269  6  146  177  147 
270  6  178  147  177 
271  6  179  144  176 
272  6  41  40  151 
273  6  26  25  149 
274  6  149  25  31 
275  6  151  40  38 
276  6  165  124  175 
277  6  165  180  134 
278  6  181  135  182 
279  6  18  29  136 
280  6  158  134  180 
281  6  47  48  137 
282  6  182  135  166 
283  6  29  30  136 
284  6  48  49  137 
285  6  50  156  51 
286  6  34  155  33 
287  6  50  44  156 
288  6  34  27  155 
737  6  72  183  184 
738  6  185  183  96 
739  6  183  72  71 
740  6  71  96  183 
741  6  186  185  53 
742  6  185  186  183 
743  6  186  184  183 
744  6  69  187  188 
745  6  189  187  98 
746  6  187  69  68 
747  6  68  98  187 
748  6  190  189  56 
749  6  189  190  187 
750  6  190  188  187 
792  6  60  191  53 
793  6  191  186  53 
794  6  186  191  184 
795  6  191  60  192 
796  6  192  184  191 
797  6  61  193  56 
798  6  193  190  56 
799  6  190  193  188 
800  6  193  61  194 
801  6  194  188  193 
802  6  52  195  58 
803  6  195  81  58 
804  6  196  52  88 
805  6  197  196  88 
806  6  52  196  195 
807  6  196  197  195 
808  6  55  198  59 
809  6  198  85  59 
810  6  199  55  89 
811  6  200  199  89 
812  6  55  199  198 
813  6  199  200  198 
814  6  201  189  98 
815  6  201  67  202 
816  6  202  57  201 
817  6  201  98  65 
818  6  65  67  201 
819  6  203  185  96 
820  6  203  64  204 
821  6  204  54  203 
822  6  203  96  62 
823  6  62  64  203 
836  6  75  205  59 
837  6  205  61  59 
838  6  205  75  74 
839  6  61  205  74 
840  6  74  206  61 
841  6  206  194  61 
845  6  78  207  58 
846  6  207  60  58 
847  6  207  78  77 
848  6  60  207  77 
849  6  77  208  60 
850  6  208  192  60 
872  6  204  209  54 
873  6  209  88  54 
891  6  202  210  57 
892  6  210  89  57 
924  6  211  57  56 
925  6  189  211  56 
926  6  57  211  201 
927  6  211  189  201 
928  6  212  54  53 
929  6  185  212  53 
930  6  54  212  203 
931  6  212  185  203 
984  6  213  91  85 
986  6  213  85  198 
987  6  198  200  213 
990  6  214  90  81 
992  6  214  81  195 
993  6  195  197  214 
1004  6  80  215  81 
1005  6  215  58  81 
1006  6  215  80  78 
1007  6  58  215  78 
1008  6  83  216  85 
1009  6  216  59  85 
1010  6  216  83  75 
1011  6  59  216  75 
1016  6  217  76  84 
1019  6  119  218  84 
1020  6  218  217  84 
1021  6  217  218  140 
1022  6  21  140  218 
1023  6  119  24  21 
1024  6  21  218  119 
1028  6  91  219  86 
1032  6  220  219  221 
1033  6  220  120  86 
1034  6  219  220  86 
1035  6  220  221  222 
1036  6  222  169  120 
1037  6  120  220  222 
1042  6  223  79  87 
1045  6  121  224  87 
1046  6  224  223  87 
1047  6  223  224  142 
1048  6  46  142  224 
1049  6  121  43  46 
1050  6  46  224  121 
1054  6  90  225  82 
1058  6  226  225  227 
1059  6  226  118  82 
1060  6  225  226  82 
1061  6  226  227  228 
1062  6  228  171  118 
1063  6  118  226  228 
1064  6  163  229  174 
1067  6  230  174  229 
1068  6  181  230  229 
1069  6  135  181  229 
1070  6  229  117  135 
1080  6  231  149  31 
1083  6  231  31  19 
1084  6  231  19  18 
1085  6  136  116  231 
1086  6  231  18  136 
1096  6  232  151  38 
1099  6  232  38  39 
1100  6  232  39  47 
1101  6  137  122  232 
1102  6  232  47  137 
1103  6  233  144  179 
1106  6  233  179  234 
1107  6  222  221  233 
1108  6  233  234  222 
1109  6  235  147  178 
1112  6  235  178  236 
1113  6  228  227  235 
1114  6  235  236  228 
1115  6  104  237  129 
1116  6  237  17  129 
1117  6  17  237  6 
1118  6  126  6  237 
1119  6  237  104  126 
1120  6  105  238  130 
1121  6  238  11  130 
1122  6  11  238  16 
1123  6  125  16  238 
1124  6  238  105  125 
1125  6  12  239  128 
1126  6  239  103  128 
1127  6  239  12  5 
1128  6  126  103  239 
1129  6  239  5  126 
1130  6  15  240  127 
1131  6  240  102  127 
1132  6  240  15  8 
1133  6  125  102  240 
1134  6  240  8  125 
75  41  143  161  241 
76  41  157  168  241 
77  41  222  241  169 
78  41  174  241  164 
79  41  174  230  241 
80  41  222  234  241 
81  41  181  182  241 
82  41  182  166  241 
83  41  168  169  241 
84  41  164  241  172 
85  41  172  241  161 
86  41  179  176  241 
87  41  143  241  176 
88  41  234  179  241 
89  41  157  241  166 
90  41  181  241  230 
91  47  162  242  175 
92  47  159  173  242 
93  47  228  242  171 
94  47  167  242  153 
95  47  167  158  242 
96  47  228  236  242 
97  47  165  242  180 
98  47  165  175  242 
99  47  170  171  242 
100  47  153  242  173 
101  47  162  170  242 
102  47  178  177  242 
103  47  146  242  177 
104  47  236  178  242 
105  47  146  159  242 
106  47  158  180  242 
E_MESH_DATA
