SolidID  29   16 
h  571  -763987 0.999939 0 -1 -0 0
h  572  -763987 0.999939 0 -1 -0 0
h  573  -763987 0.999939 0 -1 -0 0
h  574  -763987 0.999939 0 -1 -0 0
h  575  -763987 0.999939 0 -1 -0 0
h  576  -763987 0.999939 0 -1 -0 0
h  577  -763987 0.999939 0 -1 -0 0
h  578  -763987 0.999939 0 -1 -0 0
h  579  -763987 0.999939 0 -1 -0 0
h  580  -763987 0.999939 0 -1 -0 0
h  581  -763987 0.999939 0 -1 -0 0
h  582  -763987 0.999939 0 -1 -0 0
h  583  -763987 0.999939 0 -1 -0 0
h  584  -763987 0.999939 0 -1 -0 0
h  585  -763987 0.999939 0 -1 -0 0
h  586  -763987 0.999939 0 -1 -0 0
SolidID  29   16 
h  571  -763987 0.999939 0 -1 -0 0
h  572  -763987 0.999939 0 -1 -0 0
h  573  -763987 0.999939 0 -1 -0 0
h  574  -763987 0.999939 0 -1 -0 0
h  575  -763987 0.999939 0 -1 -0 0
h  576  -763987 0.999939 0 -1 -0 0
h  577  -763987 0.999939 0 -1 -0 0
h  578  -763987 0.999939 0 -1 -0 0
h  579  -763987 0.999939 0 -1 -0 0
h  580  -763987 0.999939 0 -1 -0 0
h  581  -763987 0.999939 0 -1 -0 0
h  582  -763987 0.999939 0 -1 -0 0
h  583  -763987 0.999939 0 -1 -0 0
h  584  -763987 0.999939 0 -1 -0 0
h  585  -763987 0.999939 0 -1 -0 0
h  586  -763987 0.999939 0 -1 -0 0
SolidID  35   16 
h  329  -763805 0.999939 0 -1 -0 0
h  330  -763975 0.999939 0 -1 -0 0
h  331  -763974 0.999939 0 -1 -0 0
h  332  -763819 0.999939 0 -1 -0 0
h  333  -763909 0.999939 0 -1 -0 0
h  334  -763970 0.999939 0 -1 -0 0
h  335  -763975 0.999939 0 -1 -0 0
h  336  -763923 0.999939 0 -1 -0 0
h  337  -763869 0.999939 0 -1 -0 0
h  338  -763755 0.999939 0 -1 -0 0
h  339  -763757 0.999939 0 -1 -0 0
h  340  -763975 0.999939 0 -1 -0 0
h  341  -763974 0.999939 0 -1 -0 0
h  342  -763956 0.999939 0 -1 -0 0
h  343  -763961 0.999939 0 -1 -0 0
h  344  -763975 0.999939 0 -1 -0 0
SolidID  29   16 
h  571  -763987 0.999939 0 -1 -0 0
h  572  -763987 0.999939 0 -1 -0 0
h  573  -763987 0.999939 0 -1 -0 0
h  574  -763987 0.999939 0 -1 -0 0
h  575  -763987 0.999939 0 -1 -0 0
h  576  -763987 0.999939 0 -1 -0 0
h  577  -763987 0.999939 0 -1 -0 0
h  578  -763987 0.999939 0 -1 -0 0
h  579  -763987 0.999939 0 -1 -0 0
h  580  -763987 0.999939 0 -1 -0 0
h  581  -763987 0.999939 0 -1 -0 0
h  582  -763987 0.999939 0 -1 -0 0
h  583  -763987 0.999939 0 -1 -0 0
h  584  -763987 0.999939 0 -1 -0 0
h  585  -763987 0.999939 0 -1 -0 0
h  586  -763987 0.999939 0 -1 -0 0
SolidID  35   16 
h  329  -763805 0.999939 0 -1 -0 0
h  330  -763975 0.999939 0 -1 -0 0
h  331  -763974 0.999939 0 -1 -0 0
h  332  -763819 0.999939 0 -1 -0 0
h  333  -763909 0.999939 0 -1 -0 0
h  334  -763970 0.999939 0 -1 -0 0
h  335  -763975 0.999939 0 -1 -0 0
h  336  -763923 0.999939 0 -1 -0 0
h  337  -763869 0.999939 0 -1 -0 0
h  338  -763755 0.999939 0 -1 -0 0
h  339  -763757 0.999939 0 -1 -0 0
h  340  -763975 0.999939 0 -1 -0 0
h  341  -763974 0.999939 0 -1 -0 0
h  342  -763956 0.999939 0 -1 -0 0
h  343  -763961 0.999939 0 -1 -0 0
h  344  -763975 0.999939 0 -1 -0 0
SolidID  41   16 
h  57  -763959 0.999939 0 -1 -0 0
h  58  -763970 0.999939 0 -1 -0 0
h  59  -763975 0.999939 0 -1 -0 0
h  60  -763762 0.999939 0 -1 -0 0
h  61  -763759 0.999939 0 -1 -0 0
h  62  -763975 0.999939 0 -1 -0 0
h  63  -763869 0.999939 0 -1 -0 0
h  64  -763923 0.999939 0 -1 -0 0
h  65  -763974 0.999939 0 -1 -0 0
h  66  -763824 0.999939 0 -1 -0 0
h  67  -763910 0.999939 0 -1 -0 0
h  68  -763975 0.999939 0 -1 -0 0
h  69  -763973 0.999939 0 -1 -0 0
h  70  -763975 0.999939 0 -1 -0 0
h  71  -763955 0.999939 0 -1 -0 0
h  72  -763806 0.999939 0 -1 -0 0
SolidID  29   16 
h  571  -763987 0.999939 0 -1 -0 0
h  572  -763987 0.999939 0 -1 -0 0
h  573  -763987 0.999939 0 -1 -0 0
h  574  -763987 0.999939 0 -1 -0 0
h  575  -763987 0.999939 0 -1 -0 0
h  576  -763987 0.999939 0 -1 -0 0
h  577  -763987 0.999939 0 -1 -0 0
h  578  -763987 0.999939 0 -1 -0 0
h  579  -763987 0.999939 0 -1 -0 0
h  580  -763987 0.999939 0 -1 -0 0
h  581  -763987 0.999939 0 -1 -0 0
h  582  -763987 0.999939 0 -1 -0 0
h  583  -763987 0.999939 0 -1 -0 0
h  584  -763987 0.999939 0 -1 -0 0
h  585  -763987 0.999939 0 -1 -0 0
h  586  -763987 0.999939 0 -1 -0 0
SolidID  35   16 
h  329  -763805 0.999939 0 -1 -0 0
h  330  -763975 0.999939 0 -1 -0 0
h  331  -763974 0.999939 0 -1 -0 0
h  332  -763819 0.999939 0 -1 -0 0
h  333  -763909 0.999939 0 -1 -0 0
h  334  -763970 0.999939 0 -1 -0 0
h  335  -763975 0.999939 0 -1 -0 0
h  336  -763923 0.999939 0 -1 -0 0
h  337  -763869 0.999939 0 -1 -0 0
h  338  -763755 0.999939 0 -1 -0 0
h  339  -763757 0.999939 0 -1 -0 0
h  340  -763975 0.999939 0 -1 -0 0
h  341  -763974 0.999939 0 -1 -0 0
h  342  -763956 0.999939 0 -1 -0 0
h  343  -763961 0.999939 0 -1 -0 0
h  344  -763975 0.999939 0 -1 -0 0
SolidID  41   16 
h  57  -763959 0.999939 0 -1 -0 0
h  58  -763970 0.999939 0 -1 -0 0
h  59  -763975 0.999939 0 -1 -0 0
h  60  -763762 0.999939 0 -1 -0 0
h  61  -763759 0.999939 0 -1 -0 0
h  62  -763975 0.999939 0 -1 -0 0
h  63  -763869 0.999939 0 -1 -0 0
h  64  -763923 0.999939 0 -1 -0 0
h  65  -763974 0.999939 0 -1 -0 0
h  66  -763824 0.999939 0 -1 -0 0
h  67  -763910 0.999939 0 -1 -0 0
h  68  -763975 0.999939 0 -1 -0 0
h  69  -763973 0.999939 0 -1 -0 0
h  70  -763975 0.999939 0 -1 -0 0
h  71  -763955 0.999939 0 -1 -0 0
h  72  -763806 0.999939 0 -1 -0 0
SolidID  47   16 
h  73  -763955 0.999939 0 -1 -0 0
h  74  -763908 0.999939 0 -1 -0 0
h  75  -763975 0.999939 0 -1 -0 0
h  76  -763760 0.999939 0 -1 -0 0
h  77  -763761 0.999939 0 -1 -0 0
h  78  -763975 0.999939 0 -1 -0 0
h  79  -763869 0.999939 0 -1 -0 0
h  80  -763923 0.999939 0 -1 -0 0
h  81  -763974 0.999939 0 -1 -0 0
h  82  -763818 0.999939 0 -1 -0 0
h  83  -763970 0.999939 0 -1 -0 0
h  84  -763975 0.999939 0 -1 -0 0
h  85  -763973 0.999939 0 -1 -0 0
h  86  -763975 0.999939 0 -1 -0 0
h  87  -763959 0.999939 0 -1 -0 0
h  88  -763806 0.999939 0 -1 -0 0
SolidID  29   16 
h  571  -763987 0.999939 0 -1 -0 0
h  572  -763987 0.999939 0 -1 -0 0
h  573  -763987 0.999939 0 -1 -0 0
h  574  -763987 0.999939 0 -1 -0 0
h  575  -763987 0.999939 0 -1 -0 0
h  576  -763987 0.999939 0 -1 -0 0
h  577  -763987 0.999939 0 -1 -0 0
h  578  -763987 0.999939 0 -1 -0 0
h  579  -763987 0.999939 0 -1 -0 0
h  580  -763987 0.999939 0 -1 -0 0
h  581  -763987 0.999939 0 -1 -0 0
h  582  -763987 0.999939 0 -1 -0 0
h  583  -763987 0.999939 0 -1 -0 0
h  584  -763987 0.999939 0 -1 -0 0
h  585  -763987 0.999939 0 -1 -0 0
h  586  -763987 0.999939 0 -1 -0 0
SolidID  35   16 
h  329  -763805 0.999939 0 -1 -0 0
h  330  -763975 0.999939 0 -1 -0 0
h  331  -763974 0.999939 0 -1 -0 0
h  332  -763819 0.999939 0 -1 -0 0
h  333  -763909 0.999939 0 -1 -0 0
h  334  -763970 0.999939 0 -1 -0 0
h  335  -763975 0.999939 0 -1 -0 0
h  336  -763923 0.999939 0 -1 -0 0
h  337  -763869 0.999939 0 -1 -0 0
h  338  -763755 0.999939 0 -1 -0 0
h  339  -763757 0.999939 0 -1 -0 0
h  340  -763975 0.999939 0 -1 -0 0
h  341  -763974 0.999939 0 -1 -0 0
h  342  -763956 0.999939 0 -1 -0 0
h  343  -763961 0.999939 0 -1 -0 0
h  344  -763975 0.999939 0 -1 -0 0
SolidID  41   16 
h  57  -763959 0.999939 0 -1 -0 0
h  58  -763970 0.999939 0 -1 -0 0
h  59  -763975 0.999939 0 -1 -0 0
h  60  -763762 0.999939 0 -1 -0 0
h  61  -763759 0.999939 0 -1 -0 0
h  62  -763975 0.999939 0 -1 -0 0
h  63  -763869 0.999939 0 -1 -0 0
h  64  -763923 0.999939 0 -1 -0 0
h  65  -763974 0.999939 0 -1 -0 0
h  66  -763824 0.999939 0 -1 -0 0
h  67  -763910 0.999939 0 -1 -0 0
h  68  -763975 0.999939 0 -1 -0 0
h  69  -763973 0.999939 0 -1 -0 0
h  70  -763975 0.999939 0 -1 -0 0
h  71  -763955 0.999939 0 -1 -0 0
h  72  -763806 0.999939 0 -1 -0 0
SolidID  47   16 
h  73  -763955 0.999939 0 -1 -0 0
h  74  -763908 0.999939 0 -1 -0 0
h  75  -763975 0.999939 0 -1 -0 0
h  76  -763760 0.999939 0 -1 -0 0
h  77  -763761 0.999939 0 -1 -0 0
h  78  -763975 0.999939 0 -1 -0 0
h  79  -763869 0.999939 0 -1 -0 0
h  80  -763923 0.999939 0 -1 -0 0
h  81  -763974 0.999939 0 -1 -0 0
h  82  -763818 0.999939 0 -1 -0 0
h  83  -763970 0.999939 0 -1 -0 0
h  84  -763975 0.999939 0 -1 -0 0
h  85  -763973 0.999939 0 -1 -0 0
h  86  -763975 0.999939 0 -1 -0 0
h  87  -763959 0.999939 0 -1 -0 0
h  88  -763806 0.999939 0 -1 -0 0
SolidID  53   16 
h  313  -763975 0.999939 0 -1 -0 0
h  314  -763757 0.999939 0 -1 -0 0
h  315  -763819 0.999939 0 -1 -0 0
h  316  -763974 0.999939 0 -1 -0 0
h  317  -763909 0.999939 0 -1 -0 0
h  318  -763970 0.999939 0 -1 -0 0
h  319  -763755 0.999939 0 -1 -0 0
h  320  -763975 0.999939 0 -1 -0 0
h  321  -763869 0.999939 0 -1 -0 0
h  322  -763923 0.999939 0 -1 -0 0
h  323  -763975 0.999939 0 -1 -0 0
h  324  -763974 0.999939 0 -1 -0 0
h  325  -763975 0.999939 0 -1 -0 0
h  326  -763805 0.999939 0 -1 -0 0
h  327  -763956 0.999939 0 -1 -0 0
h  328  -763961 0.999939 0 -1 -0 0
SolidID  6   295 
h  89  -763987 0.999939 0 -1 -0 0
h  90  -763987 0.999939 0 -1 -0 0
h  91  -763987 0.999939 0 -1 -0 0
h  92  -763987 0.999939 0 -1 -0 0
h  93  -763987 0.999939 0 -1 -0 0
h  94  -763987 0.999939 0 -1 -0 0
h  95  -763987 0.999939 0 -1 -0 0
h  96  -763987 0.999939 0 -1 -0 0
h  97  -763987 0.999939 0 -1 -0 0
h  98  -763987 0.999939 0 -1 -0 0
h  99  -763987 0.999939 0 -1 -0 0
h  100  -763987 0.999939 0 -1 -0 0
h  101  -763987 0.999939 0 -1 -0 0
h  102  -763987 0.999939 0 -1 -0 0
h  103  -763982 0.999939 0 -1 -0 0
h  104  -763982 0.999939 0 -1 -0 0
h  105  -763987 0.999939 0 -1 -0 0
h  106  -763987 0.999939 0 -1 -0 0
h  107  -763982 0.999939 0 -1 -0 0
h  108  -763982 0.999939 0 -1 -0 0
h  109  -763987 0.999939 0 -1 -0 0
h  110  -763987 0.999939 0 -1 -0 0
h  111  -763987 0.999939 0 -1 -0 0
h  112  -763987 0.999939 0 -1 -0 0
h  113  -763986 0.999939 0 -1 -0 0
h  114  -763986 0.999939 0 -1 -0 0
h  115  -763983 0.999939 0 -1 -0 0
h  116  -763983 0.999939 0 -1 -0 0
h  117  -763986 0.999939 0 -1 -0 0
h  118  -763986 0.999939 0 -1 -0 0
h  119  -763987 0.999939 0 -1 -0 0
h  120  -763987 0.999939 0 -1 -0 0
h  121  -763987 0.999939 0 -1 -0 0
h  122  -763987 0.999939 0 -1 -0 0
h  123  -763983 0.999939 0 -1 -0 0
h  124  -763983 0.999939 0 -1 -0 0
h  125  -763984 0.999939 0 -1 -0 0
h  126  -763984 0.999939 0 -1 -0 0
h  127  -763984 0.999939 0 -1 -0 0
h  128  -763984 0.999939 0 -1 -0 0
h  129  -763980 0.999939 0 -1 -0 0
h  130  -763980 0.999939 0 -1 -0 0
h  131  -763980 0.999939 0 -1 -0 0
h  132  -763980 0.999939 0 -1 -0 0
h  133  -763987 0.999939 0 -1 -0 0
h  134  -763987 0.999939 0 -1 -0 0
h  135  -763984 0.999939 0 -1 -0 0
h  136  -763984 0.999939 0 -1 -0 0
h  137  -763987 0.999939 0 -1 -0 0
h  138  -763987 0.999939 0 -1 -0 0
h  139  -763984 0.999939 0 -1 -0 0
h  140  -763984 0.999939 0 -1 -0 0
h  141  -763981 0.999939 0 -1 -0 0
h  142  -763981 0.999939 0 -1 -0 0
h  143  -763981 0.999939 0 -1 -0 0
h  144  -763981 0.999939 0 -1 -0 0
h  145  -763987 0.999939 0 -1 -0 0
h  146  -763987 0.999939 0 -1 -0 0
h  147  -763986 0.999939 0 -1 -0 0
h  148  -763986 0.999939 0 -1 -0 0
h  149  -763978 0.999939 0 -1 -0 0
h  150  -763978 0.999939 0 -1 -0 0
h  151  -763978 0.999939 0 -1 -0 0
h  152  -763978 0.999939 0 -1 -0 0
h  153  -763987 0.999939 0 -1 -0 0
h  154  -763987 0.999939 0 -1 -0 0
h  155  -763987 0.999939 0 -1 -0 0
h  156  -763987 0.999939 0 -1 -0 0
h  157  -763976 0.999939 0 -1 -0 0
h  158  -763987 0.999939 0 -1 -0 0
h  159  -763987 0.999939 0 -1 -0 0
h  160  -763976 0.999939 0 -1 -0 0
h  161  -763976 0.999939 0 -1 -0 0
h  162  -763976 0.999939 0 -1 -0 0
h  163  -763987 0.999939 0 -1 -0 0
h  164  -763987 0.999939 0 -1 -0 0
h  165  -763987 0.999939 0 -1 -0 0
h  166  -763987 0.999939 0 -1 -0 0
h  167  -763987 0.999939 0 -1 -0 0
h  168  -763987 0.999939 0 -1 -0 0
h  169  -763987 0.999939 0 -1 -0 0
h  170  -763987 0.999939 0 -1 -0 0
h  171  -763986 0.999939 0 -1 -0 0
h  172  -763986 0.999939 0 -1 -0 0
h  173  -763576 0.999939 0 -1 -0 0
h  174  -763576 0.999939 0 -1 -0 0
h  175  -763573 0.999939 0 -1 -0 0
h  176  -763555 0.999939 0 -1 -0 0
h  177  -763987 0.999939 0 -1 -0 0
h  178  -763987 0.999939 0 -1 -0 0
h  179  -763987 0.999939 0 -1 -0 0
h  180  -763987 0.999939 0 -1 -0 0
h  181  -762375 0.999939 0 -1 -0 0
h  182  -762373 0.999939 0 -1 -0 0
h  183  -763977 0.999939 0 -1 -0 0
h  184  -763977 0.999939 0 -1 -0 0
h  185  -763977 0.999939 0 -1 -0 0
h  186  -763977 0.999939 0 -1 -0 0
h  187  -762375 0.999939 0 -1 -0 0
h  188  -763960 0.999939 0 -1 -0 0
h  189  -763962 0.999939 0 -1 -0 0
h  190  -763962 0.999939 0 -1 -0 0
h  191  -763962 0.999939 0 -1 -0 0
h  192  -762314 0.999939 0 -1 -0 0
h  193  -763957 0.999939 0 -1 -0 0
h  194  -763987 0.999939 0 -1 -0 0
h  195  -763987 0.999939 0 -1 -0 0
h  196  -763987 0.999939 0 -1 -0 0
h  197  -763987 0.999939 0 -1 -0 0
h  198  -763987 0.999939 0 -1 -0 0
h  199  -763987 0.999939 0 -1 -0 0
h  200  -763987 0.999939 0 -1 -0 0
h  201  -763987 0.999939 0 -1 -0 0
h  202  -763987 0.999939 0 -1 -0 0
h  203  -763987 0.999939 0 -1 -0 0
h  204  -763987 0.999939 0 -1 -0 0
h  205  -763987 0.999939 0 -1 -0 0
h  206  -763962 0.999939 0 -1 -0 0
h  207  -763962 0.999939 0 -1 -0 0
h  208  -763962 0.999939 0 -1 -0 0
h  209  -763090 0.999939 0 -1 -0 0
h  210  -763975 0.999939 0 -1 -0 0
h  211  -763285 0.999939 0 -1 -0 0
h  212  -763287 0.999939 0 -1 -0 0
h  213  -763287 0.999939 0 -1 -0 0
h  214  -763975 0.999939 0 -1 -0 0
h  215  -763975 0.999939 0 -1 -0 0
h  216  -763975 0.999939 0 -1 -0 0
h  217  -762040 0.999939 0 -1 -0 0
h  218  -763785 0.999939 0 -1 -0 0
h  219  -763978 0.999939 0 -1 -0 0
h  220  -763978 0.999939 0 -1 -0 0
h  221  -763987 0.999939 0 -1 -0 0
h  222  -763987 0.999939 0 -1 -0 0
h  223  -763987 0.999939 0 -1 -0 0
h  224  -763987 0.999939 0 -1 -0 0
h  225  -763976 0.999939 0 -1 -0 0
h  226  -763976 0.999939 0 -1 -0 0
h  227  -762515 0.999939 0 -1 -0 0
h  228  -762515 0.999939 0 -1 -0 0
h  229  -762087 0.999939 0 -1 -0 0
h  230  -763853 0.999939 0 -1 -0 0
h  231  -763854 0.999939 0 -1 -0 0
h  232  -763854 0.999939 0 -1 -0 0
h  233  -763977 0.999939 0 -1 -0 0
h  234  -763977 0.999939 0 -1 -0 0
h  235  -763974 0.999939 0 -1 -0 0
h  236  -763974 0.999939 0 -1 -0 0
h  237  -763974 0.999939 0 -1 -0 0
h  238  -762994 0.999939 0 -1 -0 0
h  239  -762923 0.999939 0 -1 -0 0
h  240  -762907 0.999939 0 -1 -0 0
h  241  -763974 0.999939 0 -1 -0 0
h  242  -762201 0.999939 0 -1 -0 0
h  243  -763839 0.999939 0 -1 -0 0
h  244  -763926 0.999939 0 -1 -0 0
h  245  -763926 0.999939 0 -1 -0 0
h  246  -763912 0.999939 0 -1 -0 0
h  247  -763913 0.999939 0 -1 -0 0
h  248  -763913 0.999939 0 -1 -0 0
h  249  -763977 0.999939 0 -1 -0 0
h  250  -763977 0.999939 0 -1 -0 0
h  251  -763977 0.999939 0 -1 -0 0
h  252  -763977 0.999939 0 -1 -0 0
h  253  -763921 0.999939 0 -1 -0 0
h  254  -763683 0.999939 0 -1 -0 0
h  255  -763683 0.999939 0 -1 -0 0
h  256  -763922 0.999939 0 -1 -0 0
h  257  -763987 0.999939 0 -1 -0 0
h  258  -763987 0.999939 0 -1 -0 0
h  259  -763987 0.999939 0 -1 -0 0
h  260  -763987 0.999939 0 -1 -0 0
h  261  -763987 0.999939 0 -1 -0 0
h  262  -763987 0.999939 0 -1 -0 0
h  263  -763987 0.999939 0 -1 -0 0
h  264  -763987 0.999939 0 -1 -0 0
h  265  -762950 0.999939 0 -1 -0 0
h  266  -763987 0.999939 0 -1 -0 0
h  267  -763987 0.999939 0 -1 -0 0
h  268  -763987 0.999939 0 -1 -0 0
h  269  -763987 0.999939 0 -1 -0 0
h  270  -763975 0.999939 0 -1 -0 0
h  271  -763975 0.999939 0 -1 -0 0
h  272  -763975 0.999939 0 -1 -0 0
h  273  -763975 0.999939 0 -1 -0 0
h  274  -762892 0.999939 0 -1 -0 0
h  275  -763975 0.999939 0 -1 -0 0
h  276  -763975 0.999939 0 -1 -0 0
h  277  -763975 0.999939 0 -1 -0 0
h  278  -763975 0.999939 0 -1 -0 0
h  279  -763958 0.999939 0 -1 -0 0
h  280  -763958 0.999939 0 -1 -0 0
h  281  -763958 0.999939 0 -1 -0 0
h  282  -763260 0.999939 0 -1 -0 0
h  283  -763251 0.999939 0 -1 -0 0
h  284  -763558 0.999939 0 -1 -0 0
h  285  -763557 0.999939 0 -1 -0 0
h  286  -763977 0.999939 0 -1 -0 0
h  287  -763977 0.999939 0 -1 -0 0
h  288  -763977 0.999939 0 -1 -0 0
h  289  -763977 0.999939 0 -1 -0 0
h  290  -762963 0.999939 0 -1 -0 0
h  291  -763954 0.999939 0 -1 -0 0
h  292  -763976 0.999939 0 -1 -0 0
h  293  -763976 0.999939 0 -1 -0 0
h  294  -763976 0.999939 0 -1 -0 0
h  295  -763976 0.999939 0 -1 -0 0
h  296  -763088 0.999939 0 -1 -0 0
h  297  -763087 0.999939 0 -1 -0 0
h  298  -762958 0.999939 0 -1 -0 0
h  299  -762958 0.999939 0 -1 -0 0
h  300  -763925 0.999939 0 -1 -0 0
h  301  -763712 0.999939 0 -1 -0 0
h  302  -763775 0.999939 0 -1 -0 0
h  303  -763775 0.999939 0 -1 -0 0
h  304  -763591 0.999939 0 -1 -0 0
h  305  -763775 0.999939 0 -1 -0 0
h  306  -763859 0.999939 0 -1 -0 0
h  307  -763860 0.999939 0 -1 -0 0
h  308  -763860 0.999939 0 -1 -0 0
h  309  -763975 0.999939 0 -1 -0 0
h  310  -763975 0.999939 0 -1 -0 0
h  311  -763974 0.999939 0 -1 -0 0
h  312  -763974 0.999939 0 -1 -0 0
h  1020  -763980 0.999939 0 -1 -0 0
h  1023  -763978 0.999939 0 -1 -0 0
h  1024  -763979 0.999939 0 -1 -0 0
h  1025  -763979 0.999939 0 -1 -0 0
h  1026  -763978 0.999939 0 -1 -0 0
h  1027  -763975 0.999939 0 -1 -0 0
h  1028  -763977 0.999939 0 -1 -0 0
h  1032  -763980 0.999939 0 -1 -0 0
h  1036  -763979 0.999939 0 -1 -0 0
h  1037  -763978 0.999939 0 -1 -0 0
h  1038  -763979 0.999939 0 -1 -0 0
h  1039  -763978 0.999939 0 -1 -0 0
h  1040  -763975 0.999939 0 -1 -0 0
h  1041  -763977 0.999939 0 -1 -0 0
h  1046  -763980 0.999939 0 -1 -0 0
h  1049  -763978 0.999939 0 -1 -0 0
h  1050  -763979 0.999939 0 -1 -0 0
h  1051  -763979 0.999939 0 -1 -0 0
h  1052  -763978 0.999939 0 -1 -0 0
h  1053  -763975 0.999939 0 -1 -0 0
h  1054  -763977 0.999939 0 -1 -0 0
h  1058  -763980 0.999939 0 -1 -0 0
h  1062  -763979 0.999939 0 -1 -0 0
h  1063  -763978 0.999939 0 -1 -0 0
h  1064  -763979 0.999939 0 -1 -0 0
h  1065  -763978 0.999939 0 -1 -0 0
h  1066  -763975 0.999939 0 -1 -0 0
h  1067  -763977 0.999939 0 -1 -0 0
h  1068  -761996 0.999939 0 -1 -0 0
h  1071  -762920 0.999939 0 -1 -0 0
h  1072  -763127 0.999939 0 -1 -0 0
h  1073  -763267 0.999939 0 -1 -0 0
h  1074  -762334 0.999939 0 -1 -0 0
h  1084  -761988 0.999939 0 -1 -0 0
h  1087  -762918 0.999939 0 -1 -0 0
h  1088  -763134 0.999939 0 -1 -0 0
h  1089  -762349 0.999939 0 -1 -0 0
h  1090  -763276 0.999939 0 -1 -0 0
h  1100  -761989 0.999939 0 -1 -0 0
h  1103  -762919 0.999939 0 -1 -0 0
h  1104  -763134 0.999939 0 -1 -0 0
h  1105  -762350 0.999939 0 -1 -0 0
h  1106  -763277 0.999939 0 -1 -0 0
h  1107  -763978 0.999939 0 -1 -0 0
h  1110  -763977 0.999939 0 -1 -0 0
h  1111  -763978 0.999939 0 -1 -0 0
h  1112  -763977 0.999939 0 -1 -0 0
h  1113  -763978 0.999939 0 -1 -0 0
h  1116  -763977 0.999939 0 -1 -0 0
h  1117  -763978 0.999939 0 -1 -0 0
h  1118  -763977 0.999939 0 -1 -0 0
h  1119  -763987 0.999939 0 -1 -0 0
h  1120  -763987 0.999939 0 -1 -0 0
h  1121  -763987 0.999939 0 -1 -0 0
h  1122  -763987 0.999939 0 -1 -0 0
h  1123  -763987 0.999939 0 -1 -0 0
h  1124  -763987 0.999939 0 -1 -0 0
h  1125  -763987 0.999939 0 -1 -0 0
h  1126  -763987 0.999939 0 -1 -0 0
h  1127  -763987 0.999939 0 -1 -0 0
h  1128  -763987 0.999939 0 -1 -0 0
h  1129  -763987 0.999939 0 -1 -0 0
h  1130  -763987 0.999939 0 -1 -0 0
h  1131  -763987 0.999939 0 -1 -0 0
h  1132  -763987 0.999939 0 -1 -0 0
h  1133  -763987 0.999939 0 -1 -0 0
h  1134  -763987 0.999939 0 -1 -0 0
h  1135  -763987 0.999939 0 -1 -0 0
h  1136  -763987 0.999939 0 -1 -0 0
h  1137  -763987 0.999939 0 -1 -0 0
h  1138  -763987 0.999939 0 -1 -0 0
SolidID  29   16 
h  571  -763987 0.999939 0 -1 -0 0
h  572  -763987 0.999939 0 -1 -0 0
h  573  -763987 0.999939 0 -1 -0 0
h  574  -763987 0.999939 0 -1 -0 0
h  575  -763987 0.999939 0 -1 -0 0
h  576  -763987 0.999939 0 -1 -0 0
h  577  -763987 0.999939 0 -1 -0 0
h  578  -763987 0.999939 0 -1 -0 0
h  579  -763987 0.999939 0 -1 -0 0
h  580  -763987 0.999939 0 -1 -0 0
h  581  -763987 0.999939 0 -1 -0 0
h  582  -763987 0.999939 0 -1 -0 0
h  583  -763987 0.999939 0 -1 -0 0
h  584  -763987 0.999939 0 -1 -0 0
h  585  -763987 0.999939 0 -1 -0 0
h  586  -763987 0.999939 0 -1 -0 0
SolidID  35   16 
h  329  -763805 0.999939 0 -1 -0 0
h  330  -763975 0.999939 0 -1 -0 0
h  331  -763974 0.999939 0 -1 -0 0
h  332  -763819 0.999939 0 -1 -0 0
h  333  -763909 0.999939 0 -1 -0 0
h  334  -763970 0.999939 0 -1 -0 0
h  335  -763975 0.999939 0 -1 -0 0
h  336  -763923 0.999939 0 -1 -0 0
h  337  -763869 0.999939 0 -1 -0 0
h  338  -763755 0.999939 0 -1 -0 0
h  339  -763757 0.999939 0 -1 -0 0
h  340  -763975 0.999939 0 -1 -0 0
h  341  -763974 0.999939 0 -1 -0 0
h  342  -763956 0.999939 0 -1 -0 0
h  343  -763961 0.999939 0 -1 -0 0
h  344  -763975 0.999939 0 -1 -0 0
SolidID  41   16 
h  57  -763959 0.999939 0 -1 -0 0
h  58  -763970 0.999939 0 -1 -0 0
h  59  -763975 0.999939 0 -1 -0 0
h  60  -763762 0.999939 0 -1 -0 0
h  61  -763759 0.999939 0 -1 -0 0
h  62  -763975 0.999939 0 -1 -0 0
h  63  -763869 0.999939 0 -1 -0 0
h  64  -763923 0.999939 0 -1 -0 0
h  65  -763974 0.999939 0 -1 -0 0
h  66  -763824 0.999939 0 -1 -0 0
h  67  -763910 0.999939 0 -1 -0 0
h  68  -763975 0.999939 0 -1 -0 0
h  69  -763973 0.999939 0 -1 -0 0
h  70  -763975 0.999939 0 -1 -0 0
h  71  -763955 0.999939 0 -1 -0 0
h  72  -763806 0.999939 0 -1 -0 0
SolidID  47   16 
h  73  -763955 0.999939 0 -1 -0 0
h  74  -763908 0.999939 0 -1 -0 0
h  75  -763975 0.999939 0 -1 -0 0
h  76  -763760 0.999939 0 -1 -0 0
h  77  -763761 0.999939 0 -1 -0 0
h  78  -763975 0.999939 0 -1 -0 0
h  79  -763869 0.999939 0 -1 -0 0
h  80  -763923 0.999939 0 -1 -0 0
h  81  -763974 0.999939 0 -1 -0 0
h  82  -763818 0.999939 0 -1 -0 0
h  83  -763970 0.999939 0 -1 -0 0
h  84  -763975 0.999939 0 -1 -0 0
h  85  -763973 0.999939 0 -1 -0 0
h  86  -763975 0.999939 0 -1 -0 0
h  87  -763959 0.999939 0 -1 -0 0
h  88  -763806 0.999939 0 -1 -0 0
SolidID  53   16 
h  313  -763975 0.999939 0 -1 -0 0
h  314  -763757 0.999939 0 -1 -0 0
h  315  -763819 0.999939 0 -1 -0 0
h  316  -763974 0.999939 0 -1 -0 0
h  317  -763909 0.999939 0 -1 -0 0
h  318  -763970 0.999939 0 -1 -0 0
h  319  -763755 0.999939 0 -1 -0 0
h  320  -763975 0.999939 0 -1 -0 0
h  321  -763869 0.999939 0 -1 -0 0
h  322  -763923 0.999939 0 -1 -0 0
h  323  -763975 0.999939 0 -1 -0 0
h  324  -763974 0.999939 0 -1 -0 0
h  325  -763975 0.999939 0 -1 -0 0
h  326  -763805 0.999939 0 -1 -0 0
h  327  -763956 0.999939 0 -1 -0 0
h  328  -763961 0.999939 0 -1 -0 0
E_DATA
B_MESH_DATA
Dim 2 
NumPts 218 
NumElems 375 
1   0.00046194   -0.000191342    0
2   0   0    0
3   0.0005   0    0
4   0   -0.0005    0
5   -0.000191342   -0.00046194    0
6   0.000191342   -0.00046194    0
7   0   0.0005    0
8   0.000191342   0.00046194    0
9   -0.00046194   0.000191342    0
10   -0.0005   0    0
11   -0.000353553   0.000353553    0
12   -0.000353553   -0.000353553    0
13   -0.00046194   -0.000191342    0
14   0.00046194   0.000191342    0
15   0.000353553   0.000353553    0
16   -0.000191342   0.00046194    0
17   0.000353553   -0.000353553    0
18   -0.0191913   0.00253806    0
19   -0.0193536   0.00264645    0
20   -0.019   0.003    0
21   -0.0185381   0.00319134    0
22   -0.0186464   0.00335355    0
23   -0.0185381   0.00280866    0
24   -0.0185   0.003    0
25   -0.0195   0.003    0
26   -0.0194619   0.00319134    0
27   -0.0193536   0.00335355    0
28   -0.0186464   0.00264645    0
29   -0.019   0.0025    0
30   -0.0188087   0.00253806    0
31   -0.0194619   0.00280866    0
32   -0.0188087   0.00346194    0
33   -0.019   0.0035    0
34   -0.0191913   0.00346194    0
35   0.0188087   -0.00346194    0
36   0.0186464   -0.00335355    0
37   0.019   -0.003    0
38   0.0194619   -0.00280866    0
39   0.0193536   -0.00264645    0
40   0.0195   -0.003    0
41   0.0194619   -0.00319134    0
42   0.0185381   -0.00280866    0
43   0.0185   -0.003    0
44   0.0193536   -0.00335355    0
45   0.0186464   -0.00264645    0
46   0.0185381   -0.00319134    0
47   0.0191913   -0.00253806    0
48   0.019   -0.0025    0
49   0.0188087   -0.00253806    0
50   0.0191913   -0.00346194    0
51   0.019   -0.0035    0
52   0.00625879   -0.000314318    0
53   0.00445878   0.004    0
54   0.00809979   0.00227818    0
55   -0.00625878   0.000314308    0
56   -0.00445878   -0.004    0
57   -0.00809977   -0.0022782    0
58   -0.00787303   0.004    0
59   -0.00445878   0.004    0
60   0.00787303   -0.004    0
61   0.00445878   -0.004    0
62   0.00346513   -4.13823e-05    0
63   -0.00346513   4.13817e-05    0
64   0.00932781   -0.000361583    0
65   -0.0093277   0.000361471    0
66   0.0108137   -0.00242839    0
67   -0.0108135   0.00242822    0
68   0.0122872   -9.9324e-05    0
69   0.0136695   0.00209724    0
70   0.0156146   -1.77949e-05    0
71   -0.0122866   9.84594e-05    0
72   -0.0136685   -0.00209833    0
73   -0.0156109   1.22478e-05    0
74   0.00213698   0.00167564    0
75   -0.00213698   -0.00167564    0
76   -0.0136654   0.00216612    0
77   0.0136661   -0.00216702    0
78   0.0108434   0.00204768    0
79   -0.0108432   -0.00204787    0
80   0.00213698   -0.00168472    0
81   -0.00213698   0.00168472    0
82   0.0152937   0.004    0
83   0.0118537   0.004    0
84   -0.0152937   -0.004    0
85   -0.0118537   -0.004    0
86   0.00172475   0.004    0
87   -0.00172475   -0.004    0
88   -0.00172475   0.004    0
89   0.00172475   -0.004    0
90   -0.0118537   0.004    0
91   -0.0152937   0.004    0
92   0.0118537   -0.004    0
93   0.0152937   -0.004    0
94   0.0162659   0.00236746    0
95   -0.0162618   0.00237855    0
96   -0.0162621   -0.00237057    0
97   0.0162628   -0.00238025    0
98   0.00787303   0.004    0
99   -0.00787303   -0.004    0
100   0.01   0.004    0
101   -0.01   -0.004    0
102   0.0175053   0.00136899    0
103   -0.0174857   -0.00138262    0
104   -0.0174857   0.00138499    0
105   0.0174884   -0.00139223    0
106   0.00139798   -3.72798e-06    0
107   -0.00139798   3.72795e-06    0
108   0.0180153   -2.701e-05    0
109   -0.01   0.004    0
110   0.01   -0.004    0
111   -0.0180056   9.89457e-07    0
112   0.000774773   0.00154661    0
113   -0.000774773   -0.00154661    0
114   0.000774773   -0.00154726    0
115   -0.000774773   0.00154726    0
116   0   0.00267957    0
117   0   -0.00267957    0
118   -0.0188095   -0.00120225    0
119   -0.02   0    0
120   -0.0188095   0.00120247    0
121   0.02   -5.58436e-05    0
122   0.0188118   -0.00121841    0
123   0.0188534   0.00113319    0
124   0   0.004    0
125   0   -0.004    0
126   -0.02   0.0016728    0
127   -0.02   -0.0016728    0
128   0.0179395   0.00261664    0
129   -0.0179285   0.00261737    0
130   -0.0179285   -0.00261682    0
131   0.0179291   -0.00261862    0
132   0.02   -0.001681    0
133   0.02   0.00134084    0
134   0.0185377   0.00211314    0
135   0   0.00117155    0
136   0   -0.00117155    0
137   0.00102345   0.000725765    0
138   -0.00102345   -0.000725765    0
139   0.00102345   -0.000727271    0
140   -0.00102345   0.000727271    0
141   -0.0184405   -0.002078    0
142   -0.0184405   0.00207815    0
143   0.0184415   -0.00208189    0
144   0.0192478   0.00208059    0
145   -0.0190348   -0.00208625    0
146   -0.0190348   0.00208626    0
147   0.0190354   -0.00209027    0
148   0.02   0.00234087    0
149   -0.0186464   0.004    0
150   -0.017684   0.004    0
151   0.0186464   -0.004    0
152   0.017684   -0.004    0
153   -0.0191913   -0.00346194    0
154   -0.019   -0.004    0
155   -0.02   -0.004    0
156   0.0191913   0.00346194    0
157   0.019   0.004    0
158   0.02   0.004    0
159   -0.02   0.003    0
160   -0.02   0.004    0
161   0.02   -0.003    0
162   0.02   -0.004    0
163   0.0195   0.003    0
164   0.02   0.00340176    0
165   -0.0192442   0.00366996    0
166   0.0192442   -0.00366996    0
167   -0.0186464   -0.00264645    0
168   0.0193536   0.00264645    0
169   0.0193536   0.00335355    0
170   -0.02   -0.00340903    0
171   -0.0193536   -0.00335355    0
172   0.0186464   0.00264645    0
173   -0.02   -0.00280866    0
174   -0.0195   -0.003    0
175   0.019   0.0025    0
176   -0.0188087   -0.00253806    0
177   0.0194619   0.00280866    0
178   -0.0185381   -0.00280866    0
179   -0.0185   -0.003    0
180   0.0185381   0.00280866    0
181   0.0185   0.003    0
182   -0.0194619   -0.00319134    0
183   0.0194619   0.00319134    0
184   -0.0194619   -0.00280866    0
185   0.0188087   0.00253806    0
186   -0.019   -0.0035    0
187   0.019   0.0035    0
188   0.0188087   0.00346194    0
189   -0.0188087   -0.00346194    0
190   0.0191913   0.00253806    0
191   -0.0191913   -0.00253806    0
192   -0.019   -0.0025    0
193   -0.0164888   0.004    0
194   -0.0172087   0.00330868    0
195   -0.0164888   -0.004    0
196   -0.0172087   -0.00330841    0
197   -0.017684   -0.004    0
198   -0.0185381   -0.00319134    0
199   0.0164888   -0.004    0
200   0.017209   -0.00330931    0
201   0.0164889   0.004    0
202   0.0172142   0.00330832    0
203   0.0176841   0.004    0
204   0.0185381   0.00319134    0
205   -0.02   -0.00224073    0
206   -0.0193536   -0.00264645    0
207   -0.02   0.0023364    0
208   0.02   -0.0023405    0
209   -0.018342   -0.004    0
210   -0.0186464   -0.00335355    0
211   0.0183421   0.004    0
212   0.0186464   0.00335355    0
213   0.000564163   -0.000950405    0
214   -0.000564163   0.000950405    0
215   -0.000564163   -0.000950081    0
216   0.000564163   0.000950081    0
217   -0.019   -0.003    0
218   0.019   0.003    0
571  29  1  2  3 
572  29  4  5  2 
573  29  4  2  6 
574  29  7  8  2 
575  29  9  2  10 
576  29  9  11  2 
577  29  12  13  2 
578  29  14  3  2 
579  29  15  14  2 
580  29  15  2  8 
581  29  11  16  2 
582  29  7  2  16 
583  29  13  10  2 
584  29  1  17  2 
585  29  17  6  2 
586  29  12  2  5 
329  35  18  19  20 
330  35  21  20  22 
331  35  23  20  24 
332  35  25  26  20 
333  35  26  27  20 
334  35  23  28  20 
335  35  21  24  20 
336  35  29  20  30 
337  35  18  20  29 
338  35  31  25  20 
339  35  31  20  19 
340  35  32  20  33 
341  35  34  33  20 
342  35  28  30  20 
343  35  34  20  27 
344  35  32  22  20 
313  53  35  36  37 
314  53  38  37  39 
315  53  40  41  37 
316  53  42  37  43 
317  53  41  44  37 
318  53  42  45  37 
319  53  38  40  37 
320  53  46  43  37 
321  53  47  37  48 
322  53  48  37  49 
323  53  46  37  36 
324  53  50  51  37 
325  53  35  37  51 
326  53  47  39  37 
327  53  45  49  37 
328  53  50  37  44 
89  6  52  53  54 
90  6  55  56  57 
91  6  55  58  59 
92  6  52  60  61 
93  6  52  62  53 
94  6  55  63  56 
95  6  52  64  60 
96  6  55  65  58 
97  6  52  61  62 
98  6  55  59  63 
99  6  64  66  60 
100  6  65  67  58 
101  6  52  54  64 
102  6  55  57  65 
103  6  68  69  70 
104  6  71  72  73 
105  6  74  53  62 
106  6  75  56  63 
107  6  71  73  76 
108  6  68  70  77 
109  6  78  64  54 
110  6  79  65  57 
111  6  80  62  61 
112  6  81  63  59 
113  6  68  64  78 
114  6  71  65  79 
115  6  82  69  83 
116  6  84  72  85 
117  6  68  66  64 
118  6  71  67  65 
119  6  74  86  53 
120  6  75  87  56 
121  6  81  59  88 
122  6  80  61  89 
123  6  90  76  91 
124  6  92  77  93 
125  6  68  77  66 
126  6  71  76  67 
127  6  68  78  69 
128  6  71  79  72 
129  6  70  69  94 
130  6  76  73  95 
131  6  73  72  96 
132  6  77  70  97 
133  6  98  54  53 
134  6  99  57  56 
135  6  69  78  83 
136  6  72  79  85 
137  6  100  78  54 
138  6  101  79  57 
139  6  90  67  76 
140  6  92  66  77 
141  6  82  94  69 
142  6  84  96  72 
143  6  91  76  95 
144  6  93  77  97 
145  6  98  100  54 
146  6  99  101  57 
147  6  100  83  78 
148  6  101  85  79 
149  6  102  70  94 
150  6  103  73  96 
151  6  104  95  73 
152  6  105  97  70 
153  6  62  106  74 
154  6  63  107  75 
155  6  62  80  106 
156  6  63  81  107 
157  6  108  70  102 
158  6  109  58  67 
159  6  110  60  66 
160  6  111  73  103 
161  6  104  73  111 
162  6  105  70  108 
163  6  86  74  112 
164  6  87  75  113 
165  6  89  114  80 
166  6  88  115  81 
167  6  86  112  116 
168  6  87  113  117 
169  6  88  116  115 
170  6  89  117  114 
171  6  90  109  67 
172  6  92  110  66 
173  6  111  118  119 
174  6  111  119  120 
175  6  108  121  122 
176  6  108  123  121 
177  6  124  116  88 
178  6  124  86  116 
179  6  125  87  117 
180  6  125  117  89 
181  6  120  119  126 
182  6  119  118  127 
183  6  94  128  102 
184  6  95  104  129 
185  6  96  130  103 
186  6  97  105  131 
187  6  122  121  132 
188  6  108  102  123 
189  6  111  103  118 
190  6  111  120  104 
191  6  108  122  105 
192  6  121  123  133 
193  6  123  102  134 
194  6  135  116  112 
195  6  136  114  117 
196  6  135  115  116 
197  6  136  117  113 
198  6  137  74  106 
199  6  138  75  107 
200  6  139  106  80 
201  6  140  107  81 
202  6  139  80  114 
203  6  140  81  115 
204  6  137  112  74 
205  6  138  113  75 
206  6  118  103  141 
207  6  142  104  120 
208  6  143  105  122 
209  6  144  133  123 
210  6  134  102  128 
211  6  145  127  118 
212  6  146  120  126 
213  6  147  122  132 
214  6  141  103  130 
215  6  104  142  129 
216  6  105  143  131 
217  6  148  133  144 
218  6  123  134  144 
219  6  22  149  150 
220  6  36  151  152 
221  6  14  137  106 
222  6  13  138  107 
223  6  1  106  139 
224  6  9  107  140 
225  6  153  154  155 
226  6  156  157  158 
227  6  26  159  160 
228  6  41  161  162 
229  6  148  163  164 
230  6  118  141  145 
231  6  120  146  142 
232  6  122  147  143 
233  6  160  149  165 
234  6  162  151  166 
235  6  28  129  142 
236  6  167  141  130 
237  6  45  131  143 
238  6  168  148  144 
239  6  158  164  169 
240  6  155  170  171 
241  6  172  134  128 
242  6  173  174  170 
243  6  175  144  134 
244  6  162  166  44 
245  6  160  165  27 
246  6  176  145  141 
247  6  146  30  142 
248  6  147  49  143 
249  6  21  22  150 
250  6  46  36  152 
251  6  51  166  151 
252  6  33  165  149 
253  6  155  171  153 
254  6  162  44  41 
255  6  160  27  26 
256  6  158  169  156 
257  6  1  3  106 
258  6  9  10  107 
259  6  14  106  3 
260  6  13  107  10 
261  6  1  139  17 
262  6  9  140  11 
263  6  15  137  14 
264  6  12  138  13 
265  6  177  148  168 
266  6  4  6  136 
267  6  4  136  5 
268  6  7  135  8 
269  6  7  16  135 
270  6  178  130  179 
271  6  23  24  129 
272  6  42  43  131 
273  6  180  128  181 
274  6  148  177  163 
275  6  167  130  178 
276  6  23  129  28 
277  6  42  131  45 
278  6  172  128  180 
279  6  167  176  141 
280  6  28  142  30 
281  6  45  143  49 
282  6  174  182  170 
283  6  163  183  164 
284  6  182  171  170 
285  6  169  164  183 
286  6  35  51  151 
287  6  32  33  149 
288  6  35  151  36 
289  6  32  149  22 
290  6  173  184  174 
291  6  172  185  134 
292  6  153  186  154 
293  6  156  187  157 
294  6  188  157  187 
295  6  189  154  186 
296  6  41  40  161 
297  6  26  25  159 
298  6  159  25  31 
299  6  161  40  38 
300  6  175  134  185 
301  6  175  190  144 
302  6  191  145  192 
303  6  18  29  146 
304  6  168  144  190 
305  6  47  48  147 
306  6  192  145  176 
307  6  29  30  146 
308  6  48  49  147 
309  6  50  166  51 
310  6  34  165  33 
311  6  50  44  166 
312  6  34  27  165 
1020  6  193  91  95 
1023  6  129  194  95 
1024  6  194  193  95 
1025  6  193  194  150 
1026  6  21  150  194 
1027  6  129  24  21 
1028  6  21  194  129 
1032  6  84  195  96 
1036  6  196  195  197 
1037  6  196  130  96 
1038  6  195  196  96 
1039  6  196  197  198 
1040  6  198  179  130 
1041  6  130  196  198 
1046  6  199  93  97 
1049  6  131  200  97 
1050  6  200  199  97 
1051  6  199  200  152 
1052  6  46  152  200 
1053  6  131  43  46 
1054  6  46  200  131 
1058  6  82  201  94 
1062  6  202  201  203 
1063  6  202  128  94 
1064  6  201  202  94 
1065  6  202  203  204 
1066  6  204  181  128 
1067  6  128  202  204 
1068  6  173  205  184 
1071  6  206  184  205 
1072  6  191  206  205 
1073  6  145  191  205 
1074  6  205  127  145 
1084  6  207  159  31 
1087  6  207  31  19 
1088  6  207  19  18 
1089  6  146  126  207 
1090  6  207  18  146 
1100  6  208  161  38 
1103  6  208  38  39 
1104  6  208  39  47 
1105  6  147  132  208 
1106  6  208  47  147 
1107  6  209  154  189 
1110  6  209  189  210 
1111  6  198  197  209 
1112  6  209  210  198 
1113  6  211  157  188 
1116  6  211  188  212 
1117  6  204  203  211 
1118  6  211  212  204 
1119  6  114  213  139 
1120  6  213  17  139 
1121  6  17  213  6 
1122  6  136  6  213 
1123  6  213  114  136 
1124  6  115  214  140 
1125  6  214  11  140 
1126  6  11  214  16 
1127  6  135  16  214 
1128  6  214  115  135 
1129  6  12  215  138 
1130  6  215  113  138 
1131  6  215  12  5 
1132  6  136  113  215 
1133  6  215  5  136 
1134  6  15  216  137 
1135  6  216  112  137 
1136  6  216  15  8 
1137  6  135  112  216 
1138  6  216  8  135 
57  41  153  171  217 
58  41  167  178  217 
59  41  198  217  179 
60  41  184  217  174 
61  41  184  206  217 
62  41  198  210  217 
63  41  191  192  217 
64  41  192  176  217 
65  41  178  179  217 
66  41  174  217  182 
67  41  182  217  171 
68  41  189  186  217 
69  41  153  217  186 
70  41  210  189  217 
71  41  167  217  176 
72  41  191  217  206 
73  47  172  218  185 
74  47  169  183  218 
75  47  204  218  181 
76  47  177  218  163 
77  47  177  168  218 
78  47  204  212  218 
79  47  175  218  190 
80  47  175  185  218 
81  47  180  181  218 
82  47  163  218  183 
83  47  172  180  218 
84  47  188  187  218 
85  47  156  218  187 
86  47  212  188  218 
87  47  156  169  218 
88  47  168  190  218 
E_MESH_DATA
